2026-10-03T11:42:34.746 4,700000000,map,-6.000000000000445,-1.0,0.0,0.0,0.0,0.9999999999991198,1.3267948966775328e-06,-2.3803181647963356e-12,0.0,0.0,0.0,0.0,0.0,0.0,0.0,0.0,0.0,0.0,0.0,0.0,0.0,0.0,0.0,0.0,0.0,0.0,0.0,0.0,0.0,0.0,0.0,0.0,0.0,0.0,0.0,0.0,0.0,0.0,0.0,0.0,0.0,0.0,-6.972200594645862e-14
2026-10-03T11:42:41.127 9,800000000,map,-6.033433303494234,-1.0046209937273187,0.0,0.0,0.0,-0.9689003510606767,0.24745122694077978,0.014639054734807644,0.002742808217615078,0.0,0.0,0.0,0.0,0.00274280821761419,0.000683508407830713,0.0,0.0,0.0,0.0,0.0,0.0,0.0,0.0,0.0,0.0,0.0,0.0,0.0,0.0,0.0,0.0,0.0,0.0,0.0,0.0,0.0,0.0,0.0,0.0,0.0,0.0,0.0,0.012578092849632141
2026-10-03T11:42:45.035 11,200000000,map,-6.108731147865659,-1.0558266343900624,0.0,0.0,0.0,-0.8170155189321207,0.5766156794816436,0.02680021384793463,0.014188911515759628,0.0,0.0,0.0,0.0,0.014188911515761404,0.013365550899387069,0.0,0.0,0.0,0.0,0.0,0.0,0.0,0.0,0.0,0.0,0.0,0.0,0.0,0.0,0.0,0.0,0.0,0.0,0.0,0.0,0.0,0.0,0.0,0.0,0.0,0.0,0.0,0.02662512896625508
2026-10-03T11:42:48.097 12,400000000,map,-6.1428507341589755,-1.1180059503978452,0.0,0.0,0.0,-0.5688879339188659,0.8224150525382692,0.01737848402034814,0.008175693115815896,0.0,0.0,0.0,0.0,0.008175693115816784,0.033976835510673764,0.0,0.0,0.0,0.0,0.0,0.0,0.0,0.0,0.0,0.0,0.0,0.0,0.0,0.0,0.0,0.0,0.0,0.0,0.0,0.0,0.0,0.0,0.0,0.0,0.0,0.0,0.0,0.02854963883924297
2026-10-03T11:42:50.251 13,300000000,map,-6.016865134026087,-1.2856529777067658,0.0,0.0,0.0,-0.2899243207112824,0.9570495746094355,0.02497564938924768,-0.0024487879692234316,0.0,0.0,0.0,0.0,-0.0024487879692234316,0.036126495256694424,0.0,0.0,0.0,0.0,0.0,0.0,0.0,0.0,0.0,0.0,0.0,0.0,0.0,0.0,0.0,0.0,0.0,0.0,0.0,0.0,0.0,0.0,0.0,0.0,0.0,0.0,0.0,0.023389076171238643
2026-10-03T11:42:52.797 14,300000000,map,-5.225910267465458,-1.404108109036374,0.0,0.0,0.0,0.029683197460763748,0.9995593568110427,0.06894478902230006,-0.005105916782932596,0.0,0.0,0.0,0.0,-0.005105916782932596,0.03013832133234695,0.0,0.0,0.0,0.0,0.0,0.0,0.0,0.0,0.0,0.0,0.0,0.0,0.0,0.0,0.0,0.0,0.0,0.0,0.0,0.0,0.0,0.0,0.0,0.0,0.0,0.0,0.0,0.028269233619896705
2026-10-03T11:42:55.882 15,500000000,map,-4.320476640259257,-1.2047324069469778,0.0,0.0,0.0,0.09676484515028294,0.9953072715212332,0.10113384950433613,-0.003375030267944723,0.0,0.0,0.0,0.0,-0.003375030267944723,0.029858421558492276,0.0,0.0,0.0,0.0,0.0,0.0,0.0,0.0,0.0,0.0,0.0,0.0,0.0,0.0,0.0,0.0,0.0,0.0,0.0,0.0,0.0,0.0,0.0,0.0,0.0,0.0,0.0,0.026886832650516015
2026-10-03T11:42:58.967 16,700000000,map,-3.359604567413236,-1.1266449257173232,0.0,0.0,0.0,-0.038576806429207425,0.9992556379654425,0.12859851987425586,0.004453054574766302,0.0,0.0,0.0,0.0,0.004453054574766302,0.035462353315902195,0.0,0.0,0.0,0.0,0.0,0.0,0.0,0.0,0.0,0.0,0.0,0.0,0.0,0.0,0.0,0.0,0.0,0.0,0.0,0.0,0.0,0.0,0.0,0.0,0.0,0.0,0.0,0.04015442836576199
2026-10-03T11:43:01.982 17,900000000,map,-2.383882331996986,-1.1440607896186645,0.0,0.0,0.0,-0.005887689896932294,0.9999826674036293,0.16106013248479822,0.0025721115963390773,0.0,0.0,0.0,0.0,0.0025721115963395214,0.028453557293133702,0.0,0.0,0.0,0.0,0.0,0.0,0.0,0.0,0.0,0.0,0.0,0.0,0.0,0.0,0.0,0.0,0.0,0.0,0.0,0.0,0.0,0.0,0.0,0.0,0.0,0.0,0.0,0.02692498962253675
2026-10-03T11:43:05.373 19,200000000,map,-1.3439981471671296,-1.0892598066976158,0.0,0.0,0.0,0.01902655984054756,0.9998189786259482,0.1744884419575352,0.007769829384478344,0.0,0.0,0.0,0.0,0.007769829384478344,0.03584471001929779,0.0,0.0,0.0,0.0,0.0,0.0,0.0,0.0,0.0,0.0,0.0,0.0,0.0,0.0,0.0,0.0,0.0,0.0,0.0,0.0,0.0,0.0,0.0,0.0,0.0,0.0,0.0,0.037283504047245196
2026-10-03T11:43:10.309 20,800000000,map,-0.4862332265098695,-1.0073136905613513,0.0,0.0,0.0,0.007018178569832838,0.9999753722815187,0.15352143430075557,0.010867345110768645,0.0,0.0,0.0,0.0,0.010867345110768645,0.0355525022558969,0.0,0.0,0.0,0.0,0.0,0.0,0.0,0.0,0.0,0.0,0.0,0.0,0.0,0.0,0.0,0.0,0.0,0.0,0.0,0.0,0.0,0.0,0.0,0.0,0.0,0.0,0.0,0.02700564501616362
