2026-10-03T11:42:35.807 0.0,0.0,0.0,0.0,0.0,0.16
2026-10-03T11:42:35.856 0.0,0.0,0.0,0.0,0.0,0.25789473684210534
2026-10-03T11:42:35.906 0.0,0.0,0.0,0.0,0.0,0.25789473684210534
2026-10-03T11:42:35.956 0.0,0.0,0.0,0.0,0.0,0.25789473684210534
2026-10-03T11:42:36.006 0.0,0.0,0.0,0.0,0.0,0.25789473684210534
2026-10-03T11:42:36.056 0.0,0.0,0.0,0.0,0.0,0.25789473684210534
2026-10-03T11:42:36.106 0.0,0.0,0.0,0.0,0.0,0.25789473684210534
2026-10-03T11:42:36.156 0.0,0.0,0.0,0.0,0.0,0.25789473684210534
2026-10-03T11:42:36.900 0.0,0.0,0.0,0.0,0.0,0.25789473684210534
2026-10-03T11:42:36.950 0.0,0.0,0.0,0.0,0.0,0.25789473684210534
2026-10-03T11:42:37.000 0.0,0.0,0.0,0.0,0.0,0.25789473684210534
2026-10-03T11:42:37.051 0.0,0.0,0.0,0.0,0.0,0.25789473684210534
2026-10-03T11:42:37.100 0.0,0.0,0.0,0.0,0.0,0.25789473684210534
2026-10-03T11:42:37.150 0.0,0.0,0.0,0.0,0.0,0.25789473684210534
2026-10-03T11:42:37.200 0.0,0.0,0.0,0.0,0.0,0.25789473684210534
2026-10-03T11:42:37.250 0.0,0.0,0.0,0.0,0.0,0.25789473684210534
2026-10-03T11:42:37.300 0.0,0.0,0.0,0.0,0.0,0.25789473684210534
2026-10-03T11:42:37.350 0.0,0.0,0.0,0.0,0.0,0.25789473684210534
2026-10-03T11:42:37.400 0.0,0.0,0.0,0.0,0.0,0.25789473684210534
2026-10-03T11:42:37.450 0.0,0.0,0.0,0.0,0.0,0.25789473684210534
2026-10-03T11:42:37.500 0.0,0.0,0.0,0.0,0.0,0.25789473684210534
2026-10-03T11:42:37.550 0.0,0.0,0.0,0.0,0.0,0.25789473684210534
2026-10-03T11:42:37.600 0.0,0.0,0.0,0.0,0.0,0.25789473684210534
2026-10-03T11:42:37.650 0.0,0.0,0.0,0.0,0.0,0.25789473684210534
2026-10-03T11:42:37.700 0.0,0.0,0.0,0.0,0.0,0.25789473684210534
2026-10-03T11:42:37.750 0.0,0.0,0.0,0.0,0.0,0.25789473684210534
2026-10-03T11:42:37.800 0.0,0.0,0.0,0.0,0.0,0.25789473684210534
2026-10-03T11:42:37.850 0.0,0.0,0.0,0.0,0.0,0.25789473684210534
2026-10-03T11:42:37.900 0.0,0.0,0.0,0.0,0.0,0.25789473684210534
2026-10-03T11:42:37.950 0.0,0.0,0.0,0.0,0.0,0.25789473684210534
2026-10-03T11:42:38.000 0.0,0.0,0.0,0.0,0.0,0.25789473684210534
2026-10-03T11:42:38.050 0.0,0.0,0.0,0.0,0.0,0.25789473684210534
2026-10-03T11:42:38.100 0.0,0.0,0.0,0.0,0.0,0.25789473684210534
2026-10-03T11:42:38.150 0.0,0.0,0.0,0.0,0.0,0.25789473684210534
2026-10-03T11:42:38.200 0.0,0.0,0.0,0.0,0.0,0.25789473684210534
2026-10-03T11:42:38.250 0.0,0.0,0.0,0.0,0.0,0.25789473684210534
2026-10-03T11:42:38.300 0.0,0.0,0.0,0.0,0.0,0.25789473684210534
2026-10-03T11:42:38.350 0.0,0.0,0.0,0.0,0.0,0.25789473684210534
2026-10-03T11:42:38.410 0.0,0.0,0.0,0.0,0.0,0.25789473684210534
2026-10-03T11:42:38.450 0.0,0.0,0.0,0.0,0.0,0.25789473684210534
2026-10-03T11:42:38.500 0.0,0.0,0.0,0.0,0.0,0.25789473684210534
2026-10-03T11:42:38.550 0.0,0.0,0.0,0.0,0.0,0.25789473684210534
2026-10-03T11:42:38.600 0.0,0.0,0.0,0.0,0.0,0.25789473684210534
2026-10-03T11:42:38.650 0.0,0.0,0.0,0.0,0.0,0.25789473684210534
2026-10-03T11:42:38.700 0.0,0.0,0.0,0.0,0.0,0.25789473684210534
2026-10-03T11:42:38.750 0.0,0.0,0.0,0.0,0.0,0.25789473684210534
2026-10-03T11:42:38.810 0.0,0.0,0.0,0.0,0.0,0.4178947368421053
2026-10-03T11:42:38.850 0.0,0.0,0.0,0.0,0.0,0.5778947368421053
2026-10-03T11:42:38.900 0.0,0.0,0.0,0.0,0.0,0.7
2026-10-03T11:42:38.950 0.0,0.0,0.0,0.0,0.0,0.7
2026-10-03T11:42:39.000 0.0,0.0,0.0,0.0,0.0,0.7
2026-10-03T11:42:39.050 0.0,0.0,0.0,0.0,0.0,0.7
2026-10-03T11:42:39.100 0.0,0.0,0.0,0.0,0.0,0.7
2026-10-03T11:42:39.150 0.0,0.0,0.0,0.0,0.0,0.7
2026-10-03T11:42:39.200 0.0,0.0,0.0,0.0,0.0,0.7
2026-10-03T11:42:39.250 0.0,0.0,0.0,0.0,0.0,0.7
2026-10-03T11:42:39.300 0.0,0.0,0.0,0.0,0.0,0.7
2026-10-03T11:42:39.350 0.0,0.0,0.0,0.0,0.0,0.7
2026-10-03T11:42:39.400 0.0,0.0,0.0,0.0,0.0,0.7
2026-10-03T11:42:39.450 0.0,0.0,0.0,0.0,0.0,0.7
2026-10-03T11:42:39.500 0.0,0.0,0.0,0.0,0.0,0.7
2026-10-03T11:42:39.550 0.0,0.0,0.0,0.0,0.0,0.7
2026-10-03T11:42:39.600 0.0,0.0,0.0,0.0,0.0,0.7
2026-10-03T11:42:39.650 0.0,0.0,0.0,0.0,0.0,0.7
2026-10-03T11:42:39.700 0.0,0.0,0.0,0.0,0.0,0.7
2026-10-03T11:42:39.750 0.0,0.0,0.0,0.0,0.0,0.7
2026-10-03T11:42:39.800 0.0,0.0,0.0,0.0,0.0,0.6263157894736843
2026-10-03T11:42:39.850 0.0,0.0,0.0,0.0,0.0,0.6263157894736843
2026-10-03T11:42:39.900 0.0,0.0,0.0,0.0,0.0,0.6263157894736843
2026-10-03T11:42:39.950 0.0,0.0,0.0,0.0,0.0,0.6263157894736843
2026-10-03T11:42:40.000 0.0,0.0,0.0,0.0,0.0,0.6263157894736843
2026-10-03T11:42:40.050 0.0,0.0,0.0,0.0,0.0,0.6263157894736843
2026-10-03T11:42:40.100 0.0,0.0,0.0,0.0,0.0,0.6263157894736843
2026-10-03T11:42:40.150 0.0,0.0,0.0,0.0,0.0,0.6263157894736843
2026-10-03T11:42:40.200 0.0,0.0,0.0,0.0,0.0,0.6263157894736843
2026-10-03T11:42:40.250 0.0,0.0,0.0,0.0,0.0,0.6263157894736843
2026-10-03T11:42:40.300 0.0,0.0,0.0,0.0,0.0,0.5526315789473685
2026-10-03T11:42:40.350 0.0,0.0,0.0,0.0,0.0,0.5526315789473685
2026-10-03T11:42:40.400 0.0,0.0,0.0,0.0,0.0,0.5526315789473685
2026-10-03T11:42:40.450 0.0,0.0,0.0,0.0,0.0,0.5526315789473685
2026-10-03T11:42:40.500 0.0,0.0,0.0,0.0,0.0,0.5526315789473685
2026-10-03T11:42:40.550 0.0,0.0,0.0,0.0,0.0,0.5526315789473685
2026-10-03T11:42:40.601 0.0,0.0,0.0,0.0,0.0,0.5526315789473685
2026-10-03T11:42:40.650 0.0,0.0,0.0,0.0,0.0,0.5526315789473685
2026-10-03T11:42:40.700 0.0,0.0,0.0,0.0,0.0,0.5526315789473685
2026-10-03T11:42:40.750 0.0,0.0,0.0,0.0,0.0,0.5526315789473685
2026-10-03T11:42:40.800 0.0,0.0,0.0,0.0,0.0,0.5526315789473685
2026-10-03T11:42:40.850 0.0,0.0,0.0,0.0,0.0,0.47894736842105273
2026-10-03T11:42:40.900 0.0,0.0,0.0,0.0,0.0,0.47894736842105273
2026-10-03T11:42:40.950 0.0,0.0,0.0,0.0,0.0,0.47894736842105273
2026-10-03T11:42:41.000 0.0,0.0,0.0,0.0,0.0,0.47894736842105273
2026-10-03T11:42:41.050 0.0,0.0,0.0,0.0,0.0,0.47894736842105273
2026-10-03T11:42:41.100 0.0,0.0,0.0,0.0,0.0,0.47894736842105273
2026-10-03T11:42:41.150 0.0,0.0,0.0,0.0,0.0,0.47894736842105273
2026-10-03T11:42:41.200 0.0,0.0,0.0,0.0,0.0,0.47894736842105273
2026-10-03T11:42:41.250 0.0,0.0,0.0,0.0,0.0,0.47894736842105273
2026-10-03T11:42:41.300 0.0,0.0,0.0,0.0,0.0,0.47894736842105273
2026-10-03T11:42:41.350 0.0,0.0,0.0,0.0,0.0,0.47894736842105273
2026-10-03T11:42:41.400 0.0,0.0,0.0,0.0,0.0,0.47894736842105273
2026-10-03T11:42:41.450 0.0,0.0,0.0,0.0,0.0,0.40526315789473694
2026-10-03T11:42:41.500 0.0,0.0,0.0,0.0,0.0,0.40526315789473694
2026-10-03T11:42:41.550 0.0,0.0,0.0,0.0,0.0,0.40526315789473694
2026-10-03T11:42:41.600 0.0,0.0,0.0,0.0,0.0,0.40526315789473694
2026-10-03T11:42:41.650 0.0,0.0,0.0,0.0,0.0,0.40526315789473694
2026-10-03T11:42:41.700 0.0,0.0,0.0,0.0,0.0,0.40526315789473694
2026-10-03T11:42:41.750 0.0,0.0,0.0,0.0,0.0,0.5652631578947369
2026-10-03T11:42:41.800 0.0,0.0,0.0,0.0,0.0,0.7
2026-10-03T11:42:41.850 0.0,0.0,0.0,0.0,0.0,0.7
2026-10-03T11:42:41.901 0.0,0.0,0.0,0.0,0.0,0.7
2026-10-03T11:42:41.950 0.0,0.0,0.0,0.0,0.0,0.7
2026-10-03T11:42:42.000 0.0,0.0,0.0,0.0,0.0,0.7
2026-10-03T11:42:42.050 0.0,0.0,0.0,0.0,0.0,0.7
2026-10-03T11:42:42.110 0.0,0.0,0.0,0.0,0.0,0.7
2026-10-03T11:42:42.151 0.0,0.0,0.0,0.0,0.0,0.7
2026-10-03T11:42:42.200 0.0,0.0,0.0,0.0,0.0,0.7
2026-10-03T11:42:42.250 0.0,0.0,0.0,0.0,0.0,0.7
2026-10-03T11:42:42.300 0.0,0.0,0.0,0.0,0.0,0.7
2026-10-03T11:42:42.350 0.0,0.0,0.0,0.0,0.0,0.6263157894736843
2026-10-03T11:42:42.400 0.0,0.0,0.0,0.0,0.0,0.6263157894736843
2026-10-03T11:42:42.450 0.0,0.0,0.0,0.0,0.0,0.6263157894736843
2026-10-03T11:42:42.500 0.0,0.0,0.0,0.0,0.0,0.6263157894736843
2026-10-03T11:42:42.550 0.0,0.0,0.0,0.0,0.0,0.6263157894736843
2026-10-03T11:42:42.600 0.0,0.0,0.0,0.0,0.0,0.6263157894736843
2026-10-03T11:42:42.650 0.0,0.0,0.0,0.0,0.0,0.6263157894736843
2026-10-03T11:42:42.700 0.0,0.0,0.0,0.0,0.0,0.6263157894736843
2026-10-03T11:42:42.750 0.0,0.0,0.0,0.0,0.0,0.5526315789473685
2026-10-03T11:42:42.800 0.0,0.0,0.0,0.0,0.0,0.5526315789473685
2026-10-03T11:42:42.850 0.0,0.0,0.0,0.0,0.0,0.5526315789473685
2026-10-03T11:42:42.900 0.0,0.0,0.0,0.0,0.0,0.5526315789473685
2026-10-03T11:42:42.950 0.0,0.0,0.0,0.0,0.0,0.5526315789473685
2026-10-03T11:42:43.000 0.0,0.0,0.0,0.0,0.0,0.5526315789473685
2026-10-03T11:42:43.050 0.0,0.0,0.0,0.0,0.0,0.5526315789473685
2026-10-03T11:42:43.100 0.0,0.0,0.0,0.0,0.0,0.5526315789473685
2026-10-03T11:42:43.150 0.0,0.0,0.0,0.0,0.0,0.5526315789473685
2026-10-03T11:42:43.200 0.0,0.0,0.0,0.0,0.0,0.5526315789473685
2026-10-03T11:42:43.250 0.0,0.0,0.0,0.0,0.0,0.5526315789473685
2026-10-03T11:42:43.300 0.0,0.0,0.0,0.0,0.0,0.47894736842105273
2026-10-03T11:42:43.350 0.0,0.0,0.0,0.0,0.0,0.47894736842105273
2026-10-03T11:42:43.400 0.0,0.0,0.0,0.0,0.0,0.47894736842105273
2026-10-03T11:42:43.450 0.0,0.0,0.0,0.0,0.0,0.47894736842105273
2026-10-03T11:42:43.500 0.0,0.0,0.0,0.0,0.0,0.47894736842105273
2026-10-03T11:42:43.550 0.0,0.0,0.0,0.0,0.0,0.47894736842105273
2026-10-03T11:42:43.600 0.0,0.0,0.0,0.0,0.0,0.47894736842105273
2026-10-03T11:42:43.650 0.0,0.0,0.0,0.0,0.0,0.47894736842105273
2026-10-03T11:42:43.700 0.0,0.0,0.0,0.0,0.0,0.47894736842105273
2026-10-03T11:42:43.750 0.0,0.0,0.0,0.0,0.0,0.47894736842105273
2026-10-03T11:42:43.800 0.0,0.0,0.0,0.0,0.0,0.47894736842105273
2026-10-03T11:42:43.850 0.0,0.0,0.0,0.0,0.0,0.40526315789473694
2026-10-03T11:42:43.900 0.0,0.0,0.0,0.0,0.0,0.40526315789473694
2026-10-03T11:42:43.950 0.0,0.0,0.0,0.0,0.0,0.40526315789473694
2026-10-03T11:42:44.000 0.0,0.0,0.0,0.0,0.0,0.40526315789473694
2026-10-03T11:42:44.050 0.0,0.0,0.0,0.0,0.0,0.40526315789473694
2026-10-03T11:42:44.100 0.0,0.0,0.0,0.0,0.0,0.40526315789473694
2026-10-03T11:42:44.149 0.0,0.0,0.0,0.0,0.0,0.40526315789473694
2026-10-03T11:42:44.200 0.0,0.0,0.0,0.0,0.0,0.40526315789473694
2026-10-03T11:42:44.260 0.0,0.0,0.0,0.0,0.0,0.40526315789473694
2026-10-03T11:42:44.300 0.0,0.0,0.0,0.0,0.0,0.5652631578947369
2026-10-03T11:42:44.350 0.0,0.0,0.0,0.0,0.0,0.7
2026-10-03T11:42:44.400 0.0,0.0,0.0,0.0,0.0,0.7
2026-10-03T11:42:44.450 0.0,0.0,0.0,0.0,0.0,0.7
2026-10-03T11:42:44.500 0.0,0.0,0.0,0.0,0.0,0.7
2026-10-03T11:42:44.550 0.0,0.0,0.0,0.0,0.0,0.7
2026-10-03T11:42:44.600 0.0,0.0,0.0,0.0,0.0,0.7
2026-10-03T11:42:44.650 0.0,0.0,0.0,0.0,0.0,0.7
2026-10-03T11:42:44.700 0.0,0.0,0.0,0.0,0.0,0.7
2026-10-03T11:42:44.749 0.0,0.0,0.0,0.0,0.0,0.7
2026-10-03T11:42:44.810 0.0,0.0,0.0,0.0,0.0,0.7
2026-10-03T11:42:44.850 0.0,0.0,0.0,0.0,0.0,0.6263157894736843
2026-10-03T11:42:44.900 0.0,0.0,0.0,0.0,0.0,0.6263157894736843
2026-10-03T11:42:44.950 0.0,0.0,0.0,0.0,0.0,0.6263157894736843
2026-10-03T11:42:44.999 0.0,0.0,0.0,0.0,0.0,0.6263157894736843
2026-10-03T11:42:45.050 0.0,0.0,0.0,0.0,0.0,0.6263157894736843
2026-10-03T11:42:45.100 0.0,0.0,0.0,0.0,0.0,0.6263157894736843
2026-10-03T11:42:45.150 0.0,0.0,0.0,0.0,0.0,0.6263157894736843
2026-10-03T11:42:45.200 0.0,0.0,0.0,0.0,0.0,0.6263157894736843
2026-10-03T11:42:45.250 0.0,0.0,0.0,0.0,0.0,0.6263157894736843
2026-10-03T11:42:45.300 0.0,0.0,0.0,0.0,0.0,0.5526315789473685
2026-10-03T11:42:45.350 0.0,0.0,0.0,0.0,0.0,0.5526315789473685
2026-10-03T11:42:45.400 0.0,0.0,0.0,0.0,0.0,0.5526315789473685
2026-10-03T11:42:45.450 0.0,0.0,0.0,0.0,0.0,0.5526315789473685
2026-10-03T11:42:45.500 0.0,0.0,0.0,0.0,0.0,0.5526315789473685
2026-10-03T11:42:45.550 0.0,0.0,0.0,0.0,0.0,0.5526315789473685
2026-10-03T11:42:45.600 0.0,0.0,0.0,0.0,0.0,0.7
2026-10-03T11:42:45.650 0.0,0.0,0.0,0.0,0.0,0.7
2026-10-03T11:42:45.700 0.0,0.0,0.0,0.0,0.0,0.7
2026-10-03T11:42:45.750 0.0,0.0,0.0,0.0,0.0,0.7
2026-10-03T11:42:45.800 0.0,0.0,0.0,0.0,0.0,0.7
2026-10-03T11:42:45.850 0.0,0.0,0.0,0.0,0.0,0.7
2026-10-03T11:42:45.900 0.0,0.0,0.0,0.0,0.0,0.7
2026-10-03T11:42:45.950 0.0,0.0,0.0,0.0,0.0,0.7
2026-10-03T11:42:46.000 0.0,0.0,0.0,0.0,0.0,0.6263157894736843
2026-10-03T11:42:46.050 0.0,0.0,0.0,0.0,0.0,0.6263157894736843
2026-10-03T11:42:46.111 0.042105263157894736,0.0,0.0,0.0,0.0,0.7
2026-10-03T11:42:46.150 0.042105263157894736,0.0,0.0,0.0,0.0,0.7
2026-10-03T11:42:46.200 0.042105263157894736,0.0,0.0,0.0,0.0,0.7
2026-10-03T11:42:46.250 0.042105263157894736,0.0,0.0,0.0,0.0,0.7
2026-10-03T11:42:46.300 0.042105263157894736,0.0,0.0,0.0,0.0,0.7
2026-10-03T11:42:46.350 0.042105263157894736,0.0,0.0,0.0,0.0,0.7
2026-10-03T11:42:46.400 0.042105263157894736,0.0,0.0,0.0,0.0,0.7
2026-10-03T11:42:46.450 0.042105263157894736,0.0,0.0,0.0,0.0,0.7
2026-10-03T11:42:46.500 0.042105263157894736,0.0,0.0,0.0,0.0,0.7
2026-10-03T11:42:46.550 0.042105263157894736,0.0,0.0,0.0,0.0,0.7
2026-10-03T11:42:46.600 0.042105263157894736,0.0,0.0,0.0,0.0,0.6263157894736843
2026-10-03T11:42:46.650 0.042105263157894736,0.0,0.0,0.0,0.0,0.6263157894736843
2026-10-03T11:42:46.700 0.042105263157894736,0.0,0.0,0.0,0.0,0.6263157894736843
2026-10-03T11:42:46.750 0.042105263157894736,0.0,0.0,0.0,0.0,0.6263157894736843
2026-10-03T11:42:46.800 0.042105263157894736,0.0,0.0,0.0,0.0,0.6263157894736843
2026-10-03T11:42:46.850 0.042105263157894736,0.0,0.0,0.0,0.0,0.6263157894736843
2026-10-03T11:42:46.900 0.042105263157894736,0.0,0.0,0.0,0.0,0.6263157894736843
2026-10-03T11:42:46.950 0.042105263157894736,0.0,0.0,0.0,0.0,0.6263157894736843
2026-10-03T11:42:47.000 0.042105263157894736,0.0,0.0,0.0,0.0,0.6263157894736843
2026-10-03T11:42:47.051 0.042105263157894736,0.0,0.0,0.0,0.0,0.6263157894736843
2026-10-03T11:42:47.100 0.042105263157894736,0.0,0.0,0.0,0.0,0.6263157894736843
2026-10-03T11:42:47.150 0.042105263157894736,0.0,0.0,0.0,0.0,0.6263157894736843
2026-10-03T11:42:47.200 0.042105263157894736,0.0,0.0,0.0,0.0,0.6263157894736843
2026-10-03T11:42:47.250 0.042105263157894736,0.0,0.0,0.0,0.0,0.5526315789473685
2026-10-03T11:42:47.300 0.042105263157894736,0.0,0.0,0.0,0.0,0.5526315789473685
2026-10-03T11:42:47.350 0.042105263157894736,0.0,0.0,0.0,0.0,0.5526315789473685
2026-10-03T11:42:47.400 0.042105263157894736,0.0,0.0,0.0,0.0,0.5526315789473685
2026-10-03T11:42:47.450 0.042105263157894736,0.0,0.0,0.0,0.0,0.5526315789473685
2026-10-03T11:42:47.500 0.042105263157894736,0.0,0.0,0.0,0.0,0.6263157894736843
2026-10-03T11:42:47.550 0.042105263157894736,0.0,0.0,0.0,0.0,0.6263157894736843
2026-10-03T11:42:47.599 0.042105263157894736,0.0,0.0,0.0,0.0,0.6263157894736843
2026-10-03T11:42:47.650 0.042105263157894736,0.0,0.0,0.0,0.0,0.6263157894736843
2026-10-03T11:42:47.700 0.042105263157894736,0.0,0.0,0.0,0.0,0.6263157894736843
2026-10-03T11:42:47.750 0.042105263157894736,0.0,0.0,0.0,0.0,0.6263157894736843
2026-10-03T11:42:47.800 0.042105263157894736,0.0,0.0,0.0,0.0,0.6263157894736843
2026-10-03T11:42:47.850 0.042105263157894736,0.0,0.0,0.0,0.0,0.6263157894736843
2026-10-03T11:42:47.899 0.042105263157894736,0.0,0.0,0.0,0.0,0.6263157894736843
2026-10-03T11:42:47.950 0.042105263157894736,0.0,0.0,0.0,0.0,0.6263157894736843
2026-10-03T11:42:48.000 0.08421052631578947,0.0,0.0,0.0,0.0,0.7
2026-10-03T11:42:48.050 0.08421052631578947,0.0,0.0,0.0,0.0,0.7
2026-10-03T11:42:48.100 0.042105263157894736,0.0,0.0,0.0,0.0,0.7
2026-10-03T11:42:48.150 0.08421052631578947,0.0,0.0,0.0,0.0,0.7
2026-10-03T11:42:48.210 0.08421052631578947,0.0,0.0,0.0,0.0,0.7
2026-10-03T11:42:48.251 0.042105263157894736,0.0,0.0,0.0,0.0,0.7
2026-10-03T11:42:48.300 0.042105263157894736,0.0,0.0,0.0,0.0,0.7
2026-10-03T11:42:48.351 0.042105263157894736,0.0,0.0,0.0,0.0,0.7
2026-10-03T11:42:48.400 0.042105263157894736,0.0,0.0,0.0,0.0,0.7
2026-10-03T11:42:48.451 0.042105263157894736,0.0,0.0,0.0,0.0,0.7
2026-10-03T11:42:48.500 0.042105263157894736,0.0,0.0,0.0,0.0,0.7
2026-10-03T11:42:48.551 0.042105263157894736,0.0,0.0,0.0,0.0,0.7
2026-10-03T11:42:48.600 0.042105263157894736,0.0,0.0,0.0,0.0,0.7
2026-10-03T11:42:48.650 0.042105263157894736,0.0,0.0,0.0,0.0,0.7
2026-10-03T11:42:48.700 0.042105263157894736,0.0,0.0,0.0,0.0,0.7
2026-10-03T11:42:48.750 0.042105263157894736,0.0,0.0,0.0,0.0,0.6263157894736843
2026-10-03T11:42:48.800 0.042105263157894736,0.0,0.0,0.0,0.0,0.6263157894736843
2026-10-03T11:42:48.850 0.042105263157894736,0.0,0.0,0.0,0.0,0.6263157894736843
2026-10-03T11:42:48.900 0.0,0.0,0.0,0.0,0.0,0.7
2026-10-03T11:42:48.950 0.0,0.0,0.0,0.0,0.0,0.7
2026-10-03T11:42:49.000 0.0,0.0,0.0,0.0,0.0,0.7
2026-10-03T11:42:49.050 0.125,0.0,0.0,0.0,0.0,0.7
2026-10-03T11:42:49.100 0.25,0.0,0.0,0.0,0.0,0.7
2026-10-03T11:42:49.150 0.375,0.0,0.0,0.0,0.0,0.7
2026-10-03T11:42:49.200 0.5,0.0,0.0,0.0,0.0,0.7
2026-10-03T11:42:49.250 0.625,0.0,0.0,0.0,0.0,0.7
2026-10-03T11:42:49.300 0.75,0.0,0.0,0.0,0.0,0.7
2026-10-03T11:42:49.350 0.7578947368421055,0.0,0.0,0.0,0.0,0.7
2026-10-03T11:42:49.400 0.7157894736842108,0.0,0.0,0.0,0.0,0.7
2026-10-03T11:42:49.450 0.8,0.0,0.0,0.0,0.0,0.7
2026-10-03T11:42:49.500 0.8,0.0,0.0,0.0,0.0,0.7
2026-10-03T11:42:49.550 0.7578947368421055,0.0,0.0,0.0,0.0,0.7
2026-10-03T11:42:49.600 0.7578947368421055,0.0,0.0,0.0,0.0,0.7
2026-10-03T11:42:49.660 0.8,0.0,0.0,0.0,0.0,0.7
2026-10-03T11:42:49.700 0.8,0.0,0.0,0.0,0.0,0.7
2026-10-03T11:42:49.750 0.8,0.0,0.0,0.0,0.0,0.7
2026-10-03T11:42:49.800 0.7578947368421055,0.0,0.0,0.0,0.0,0.7
2026-10-03T11:42:49.850 0.8,0.0,0.0,0.0,0.0,0.7
2026-10-03T11:42:49.901 0.8,0.0,0.0,0.0,0.0,0.7
2026-10-03T11:42:49.950 0.8,0.0,0.0,0.0,0.0,0.7
2026-10-03T11:42:50.000 0.8,0.0,0.0,0.0,0.0,0.7
2026-10-03T11:42:50.050 0.8,0.0,0.0,0.0,0.0,0.7
2026-10-03T11:42:50.100 0.8,0.0,0.0,0.0,0.0,0.7
2026-10-03T11:42:50.150 0.8,0.0,0.0,0.0,0.0,0.7
2026-10-03T11:42:50.200 0.8,0.0,0.0,0.0,0.0,0.7
2026-10-03T11:42:50.261 0.8,0.0,0.0,0.0,0.0,0.7
2026-10-03T11:42:50.300 0.8,0.0,0.0,0.0,0.0,0.7
2026-10-03T11:42:50.350 0.8,0.0,0.0,0.0,0.0,0.7
2026-10-03T11:42:50.400 0.8,0.0,0.0,0.0,0.0,0.7
2026-10-03T11:42:50.450 0.8,0.0,0.0,0.0,0.0,0.7
2026-10-03T11:42:50.500 0.8,0.0,0.0,0.0,0.0,0.7
2026-10-03T11:42:50.550 0.8,0.0,0.0,0.0,0.0,0.7
2026-10-03T11:42:50.602 0.8,0.0,0.0,0.0,0.0,0.7
2026-10-03T11:42:50.650 0.8,0.0,0.0,0.0,0.0,0.7
2026-10-03T11:42:50.700 0.8,0.0,0.0,0.0,0.0,0.7
2026-10-03T11:42:50.750 0.8,0.0,0.0,0.0,0.0,0.6263157894736843
2026-10-03T11:42:50.800 0.8,0.0,0.0,0.0,0.0,0.6263157894736843
2026-10-03T11:42:50.860 0.8,0.0,0.0,0.0,0.0,0.6263157894736843
2026-10-03T11:42:50.900 0.8,0.0,0.0,0.0,0.0,0.6263157894736843
2026-10-03T11:42:50.950 0.8,0.0,0.0,0.0,0.0,0.6263157894736843
2026-10-03T11:42:51.001 0.8,0.0,0.0,0.0,0.0,0.5526315789473685
2026-10-03T11:42:51.060 0.8,0.0,0.0,0.0,0.0,0.5526315789473685
2026-10-03T11:42:51.100 0.8,0.0,0.0,0.0,0.0,0.5526315789473685
2026-10-03T11:42:51.150 0.8,0.0,0.0,0.0,0.0,0.47894736842105273
2026-10-03T11:42:51.200 0.8,0.0,0.0,0.0,0.0,0.47894736842105273
2026-10-03T11:42:51.250 0.8,0.0,0.0,0.0,0.0,0.47894736842105273
2026-10-03T11:42:51.300 0.8,0.0,0.0,0.0,0.0,0.33157894736842114
2026-10-03T11:42:51.350 0.8,0.0,0.0,0.0,0.0,0.25789473684210534
2026-10-03T11:42:51.400 0.8,0.0,0.0,0.0,0.0,0.25789473684210534
2026-10-03T11:42:51.450 0.8,0.0,0.0,0.0,0.0,0.25789473684210534
2026-10-03T11:42:51.500 0.8,0.0,0.0,0.0,0.0,0.25789473684210534
2026-10-03T11:42:51.550 0.8,0.0,0.0,0.0,0.0,0.25789473684210534
2026-10-03T11:42:51.600 0.8,0.0,0.0,0.0,0.0,0.18421052631578955
2026-10-03T11:42:51.651 0.8,0.0,0.0,0.0,0.0,0.18421052631578955
2026-10-03T11:42:51.700 0.8,0.0,0.0,0.0,0.0,0.18421052631578955
2026-10-03T11:42:51.750 0.8,0.0,0.0,0.0,0.0,0.18421052631578955
2026-10-03T11:42:51.800 0.8,0.0,0.0,0.0,0.0,0.18421052631578955
2026-10-03T11:42:51.850 0.8,0.0,0.0,0.0,0.0,0.18421052631578955
2026-10-03T11:42:51.900 0.8,0.0,0.0,0.0,0.0,0.18421052631578955
2026-10-03T11:42:51.950 0.8,0.0,0.0,0.0,0.0,0.18421052631578955
2026-10-03T11:42:52.000 0.8,0.0,0.0,0.0,0.0,0.11052631578947375
2026-10-03T11:42:52.050 0.8,0.0,0.0,0.0,0.0,0.11052631578947375
2026-10-03T11:42:52.100 0.8,0.0,0.0,0.0,0.0,0.11052631578947375
2026-10-03T11:42:52.150 0.8,0.0,0.0,0.0,0.0,0.11052631578947375
2026-10-03T11:42:52.200 0.8,0.0,0.0,0.0,0.0,0.11052631578947375
2026-10-03T11:42:52.250 0.8,0.0,0.0,0.0,0.0,0.11052631578947375
2026-10-03T11:42:52.300 0.8,0.0,0.0,0.0,0.0,0.11052631578947375
2026-10-03T11:42:52.350 0.8,0.0,0.0,0.0,0.0,0.11052631578947375
2026-10-03T11:42:52.400 0.8,0.0,0.0,0.0,0.0,0.11052631578947375
2026-10-03T11:42:52.450 0.8,0.0,0.0,0.0,0.0,0.11052631578947375
2026-10-03T11:42:52.500 0.8,0.0,0.0,0.0,0.0,0.11052631578947375
2026-10-03T11:42:52.550 0.8,0.0,0.0,0.0,0.0,0.03684210526315797
2026-10-03T11:42:52.600 0.8,0.0,0.0,0.0,0.0,0.03684210526315797
2026-10-03T11:42:52.650 0.8,0.0,0.0,0.0,0.0,0.03684210526315797
2026-10-03T11:42:52.700 0.8,0.0,0.0,0.0,0.0,0.03684210526315797
2026-10-03T11:42:52.750 0.8,0.0,0.0,0.0,0.0,0.03684210526315797
2026-10-03T11:42:52.800 0.8,0.0,0.0,0.0,0.0,0.03684210526315797
2026-10-03T11:42:52.850 0.8,0.0,0.0,0.0,0.0,0.0
2026-10-03T11:42:52.900 0.8,0.0,0.0,0.0,0.0,0.0
2026-10-03T11:42:52.950 0.8,0.0,0.0,0.0,0.0,0.0
2026-10-03T11:42:53.001 0.8,0.0,0.0,0.0,0.0,0.0
2026-10-03T11:42:53.050 0.8,0.0,0.0,0.0,0.0,0.0
2026-10-03T11:42:53.100 0.8,0.0,0.0,0.0,0.0,0.0
2026-10-03T11:42:53.150 0.8,0.0,0.0,0.0,0.0,0.0
2026-10-03T11:42:53.200 0.8,0.0,0.0,0.0,0.0,-0.036842105263157815
2026-10-03T11:42:53.250 0.8,0.0,0.0,0.0,0.0,-0.036842105263157815
2026-10-03T11:42:53.300 0.8,0.0,0.0,0.0,0.0,-0.036842105263157815
2026-10-03T11:42:53.350 0.8,0.0,0.0,0.0,0.0,0.11052631578947375
2026-10-03T11:42:53.400 0.8,0.0,0.0,0.0,0.0,0.03684210526315797
2026-10-03T11:42:53.450 0.8,0.0,0.0,0.0,0.0,0.03684210526315797
2026-10-03T11:42:53.500 0.8,0.0,0.0,0.0,0.0,0.03684210526315797
2026-10-03T11:42:53.550 0.8,0.0,0.0,0.0,0.0,0.03684210526315797
2026-10-03T11:42:53.600 0.8,0.0,0.0,0.0,0.0,0.03684210526315797
2026-10-03T11:42:53.650 0.8,0.0,0.0,0.0,0.0,0.03684210526315797
2026-10-03T11:42:53.700 0.8,0.0,0.0,0.0,0.0,0.03684210526315797
2026-10-03T11:42:53.750 0.8,0.0,0.0,0.0,0.0,0.03684210526315797
2026-10-03T11:42:53.800 0.8,0.0,0.0,0.0,0.0,0.03684210526315797
2026-10-03T11:42:53.850 0.8,0.0,0.0,0.0,0.0,0.03684210526315797
2026-10-03T11:42:53.910 0.8,0.0,0.0,0.0,0.0,0.03684210526315797
2026-10-03T11:42:53.950 0.8,0.0,0.0,0.0,0.0,0.03684210526315797
2026-10-03T11:42:54.000 0.8,0.0,0.0,0.0,0.0,0.03684210526315797
2026-10-03T11:42:54.050 0.8,0.0,0.0,0.0,0.0,0.03684210526315797
2026-10-03T11:42:54.100 0.8,0.0,0.0,0.0,0.0,0.03684210526315797
2026-10-03T11:42:54.150 0.8,0.0,0.0,0.0,0.0,0.03684210526315797
2026-10-03T11:42:54.200 0.8,0.0,0.0,0.0,0.0,0.03684210526315797
2026-10-03T11:42:54.250 0.8,0.0,0.0,0.0,0.0,0.0
2026-10-03T11:42:54.300 0.8,0.0,0.0,0.0,0.0,0.03684210526315797
2026-10-03T11:42:54.350 0.8,0.0,0.0,0.0,0.0,0.03684210526315797
2026-10-03T11:42:54.400 0.8,0.0,0.0,0.0,0.0,0.0
2026-10-03T11:42:54.450 0.8,0.0,0.0,0.0,0.0,0.03684210526315797
2026-10-03T11:42:54.501 0.8,0.0,0.0,0.0,0.0,0.03684210526315797
2026-10-03T11:42:54.550 0.8,0.0,0.0,0.0,0.0,0.03684210526315797
2026-10-03T11:42:54.600 0.8,0.0,0.0,0.0,0.0,0.03684210526315797
2026-10-03T11:42:54.650 0.8,0.0,0.0,0.0,0.0,0.03684210526315797
2026-10-03T11:42:54.701 0.8,0.0,0.0,0.0,0.0,0.03684210526315797
2026-10-03T11:42:54.750 0.8,0.0,0.0,0.0,0.0,0.03684210526315797
2026-10-03T11:42:54.800 0.8,0.0,0.0,0.0,0.0,0.03684210526315797
2026-10-03T11:42:54.850 0.8,0.0,0.0,0.0,0.0,0.03684210526315797
2026-10-03T11:42:54.900 0.8,0.0,0.0,0.0,0.0,0.03684210526315797
2026-10-03T11:42:54.950 0.8,0.0,0.0,0.0,0.0,0.0
2026-10-03T11:42:55.000 0.8,0.0,0.0,0.0,0.0,0.0
2026-10-03T11:42:55.050 0.8,0.0,0.0,0.0,0.0,0.0
2026-10-03T11:42:55.100 0.8,0.0,0.0,0.0,0.0,0.0
2026-10-03T11:42:55.150 0.8,0.0,0.0,0.0,0.0,0.0
2026-10-03T11:42:55.200 0.8,0.0,0.0,0.0,0.0,0.0
2026-10-03T11:42:55.250 0.8,0.0,0.0,0.0,0.0,0.0
2026-10-03T11:42:55.300 0.8,0.0,0.0,0.0,0.0,0.0
2026-10-03T11:42:55.350 0.8,0.0,0.0,0.0,0.0,0.0
2026-10-03T11:42:55.400 0.8,0.0,0.0,0.0,0.0,-0.16
2026-10-03T11:42:55.450 0.8,0.0,0.0,0.0,0.0,-0.18421052631578938
2026-10-03T11:42:55.500 0.8,0.0,0.0,0.0,0.0,-0.18421052631578938
2026-10-03T11:42:55.550 0.8,0.0,0.0,0.0,0.0,-0.18421052631578938
2026-10-03T11:42:55.600 0.8,0.0,0.0,0.0,0.0,-0.18421052631578938
2026-10-03T11:42:55.650 0.8,0.0,0.0,0.0,0.0,-0.18421052631578938
2026-10-03T11:42:55.700 0.8,0.0,0.0,0.0,0.0,-0.18421052631578938
2026-10-03T11:42:55.751 0.8,0.0,0.0,0.0,0.0,-0.18421052631578938
2026-10-03T11:42:55.810 0.8,0.0,0.0,0.0,0.0,-0.18421052631578938
2026-10-03T11:42:55.850 0.8,0.0,0.0,0.0,0.0,-0.18421052631578938
2026-10-03T11:42:55.900 0.8,0.0,0.0,0.0,0.0,-0.18421052631578938
2026-10-03T11:42:55.950 0.8,0.0,0.0,0.0,0.0,-0.331578947368421
2026-10-03T11:42:56.000 0.8,0.0,0.0,0.0,0.0,-0.331578947368421
2026-10-03T11:42:56.050 0.8,0.0,0.0,0.0,0.0,-0.331578947368421
2026-10-03T11:42:56.100 0.8,0.0,0.0,0.0,0.0,-0.331578947368421
2026-10-03T11:42:56.150 0.8,0.0,0.0,0.0,0.0,-0.331578947368421
2026-10-03T11:42:56.200 0.8,0.0,0.0,0.0,0.0,-0.331578947368421
2026-10-03T11:42:56.250 0.8,0.0,0.0,0.0,0.0,-0.331578947368421
2026-10-03T11:42:56.300 0.8,0.0,0.0,0.0,0.0,-0.331578947368421
2026-10-03T11:42:56.350 0.8,0.0,0.0,0.0,0.0,-0.331578947368421
2026-10-03T11:42:56.400 0.8,0.0,0.0,0.0,0.0,-0.331578947368421
2026-10-03T11:42:56.450 0.8,0.0,0.0,0.0,0.0,-0.2578947368421052
2026-10-03T11:42:56.500 0.7578947368421055,0.0,0.0,0.0,0.0,-0.2578947368421052
2026-10-03T11:42:56.552 0.8,0.0,0.0,0.0,0.0,-0.2578947368421052
2026-10-03T11:42:56.600 0.8,0.0,0.0,0.0,0.0,-0.2578947368421052
2026-10-03T11:42:56.650 0.8,0.0,0.0,0.0,0.0,-0.2578947368421052
2026-10-03T11:42:56.701 0.8,0.0,0.0,0.0,0.0,-0.2578947368421052
2026-10-03T11:42:56.750 0.8,0.0,0.0,0.0,0.0,-0.2578947368421052
2026-10-03T11:42:56.800 0.8,0.0,0.0,0.0,0.0,-0.18421052631578938
2026-10-03T11:42:56.850 0.8,0.0,0.0,0.0,0.0,-0.2578947368421052
2026-10-03T11:42:56.900 0.8,0.0,0.0,0.0,0.0,-0.18421052631578938
2026-10-03T11:42:56.950 0.8,0.0,0.0,0.0,0.0,-0.18421052631578938
2026-10-03T11:42:57.000 0.8,0.0,0.0,0.0,0.0,-0.18421052631578938
2026-10-03T11:42:57.050 0.8,0.0,0.0,0.0,0.0,-0.18421052631578938
2026-10-03T11:42:57.100 0.8,0.0,0.0,0.0,0.0,-0.18421052631578938
2026-10-03T11:42:57.150 0.8,0.0,0.0,0.0,0.0,-0.18421052631578938
2026-10-03T11:42:57.200 0.8,0.0,0.0,0.0,0.0,-0.18421052631578938
2026-10-03T11:42:57.250 0.8,0.0,0.0,0.0,0.0,-0.18421052631578938
2026-10-03T11:42:57.300 0.7578947368421055,0.0,0.0,0.0,0.0,-0.18421052631578938
2026-10-03T11:42:57.350 0.8,0.0,0.0,0.0,0.0,-0.18421052631578938
2026-10-03T11:42:57.400 0.8,0.0,0.0,0.0,0.0,-0.18421052631578938
2026-10-03T11:42:57.450 0.8,0.0,0.0,0.0,0.0,-0.1105263157894736
2026-10-03T11:42:57.500 0.8,0.0,0.0,0.0,0.0,-0.1105263157894736
2026-10-03T11:42:57.550 0.8,0.0,0.0,0.0,0.0,-0.1105263157894736
2026-10-03T11:42:57.610 0.8,0.0,0.0,0.0,0.0,-0.1105263157894736
2026-10-03T11:42:57.650 0.8,0.0,0.0,0.0,0.0,-0.1105263157894736
2026-10-03T11:42:57.700 0.8,0.0,0.0,0.0,0.0,-0.1105263157894736
2026-10-03T11:42:57.750 0.8,0.0,0.0,0.0,0.0,-0.036842105263157815
2026-10-03T11:42:57.800 0.8,0.0,0.0,0.0,0.0,-0.1105263157894736
2026-10-03T11:42:57.860 0.8,0.0,0.0,0.0,0.0,-0.1105263157894736
2026-10-03T11:42:57.900 0.8,0.0,0.0,0.0,0.0,-0.036842105263157815
2026-10-03T11:42:57.950 0.8,0.0,0.0,0.0,0.0,-0.036842105263157815
2026-10-03T11:42:58.000 0.8,0.0,0.0,0.0,0.0,-0.036842105263157815
2026-10-03T11:42:58.050 0.8,0.0,0.0,0.0,0.0,-0.036842105263157815
2026-10-03T11:42:58.100 0.8,0.0,0.0,0.0,0.0,-0.036842105263157815
2026-10-03T11:42:58.150 0.8,0.0,0.0,0.0,0.0,-0.036842105263157815
2026-10-03T11:42:58.200 0.8,0.0,0.0,0.0,0.0,-0.036842105263157815
2026-10-03T11:42:58.250 0.8,0.0,0.0,0.0,0.0,-0.036842105263157815
2026-10-03T11:42:58.300 0.8,0.0,0.0,0.0,0.0,-0.036842105263157815
2026-10-03T11:42:58.350 0.8,0.0,0.0,0.0,0.0,-0.036842105263157815
2026-10-03T11:42:58.400 0.8,0.0,0.0,0.0,0.0,-0.036842105263157815
2026-10-03T11:42:58.450 0.7578947368421055,0.0,0.0,0.0,0.0,-0.036842105263157815
2026-10-03T11:42:58.500 0.8,0.0,0.0,0.0,0.0,0.03684210526315797
2026-10-03T11:42:58.550 0.8,0.0,0.0,0.0,0.0,0.03684210526315797
2026-10-03T11:42:58.600 0.8,0.0,0.0,0.0,0.0,0.03684210526315797
2026-10-03T11:42:58.650 0.8,0.0,0.0,0.0,0.0,0.03684210526315797
2026-10-03T11:42:58.700 0.7578947368421055,0.0,0.0,0.0,0.0,0.11052631578947375
2026-10-03T11:42:58.750 0.8,0.0,0.0,0.0,0.0,0.11052631578947375
2026-10-03T11:42:58.801 0.8,0.0,0.0,0.0,0.0,0.11052631578947375
2026-10-03T11:42:58.850 0.8,0.0,0.0,0.0,0.0,0.11052631578947375
2026-10-03T11:42:58.900 0.8,0.0,0.0,0.0,0.0,0.11052631578947375
2026-10-03T11:42:58.950 0.7578947368421055,0.0,0.0,0.0,0.0,0.11052631578947375
2026-10-03T11:42:59.000 0.8,0.0,0.0,0.0,0.0,0.11052631578947375
2026-10-03T11:42:59.050 0.8,0.0,0.0,0.0,0.0,0.11052631578947375
2026-10-03T11:42:59.100 0.8,0.0,0.0,0.0,0.0,0.11052631578947375
2026-10-03T11:42:59.150 0.8,0.0,0.0,0.0,0.0,0.11052631578947375
2026-10-03T11:42:59.200 0.8,0.0,0.0,0.0,0.0,0.11052631578947375
2026-10-03T11:42:59.250 0.8,0.0,0.0,0.0,0.0,0.11052631578947375
2026-10-03T11:42:59.301 0.8,0.0,0.0,0.0,0.0,0.11052631578947375
2026-10-03T11:42:59.350 0.8,0.0,0.0,0.0,0.0,0.11052631578947375
2026-10-03T11:42:59.400 0.8,0.0,0.0,0.0,0.0,0.11052631578947375
2026-10-03T11:42:59.450 0.8,0.0,0.0,0.0,0.0,0.11052631578947375
2026-10-03T11:42:59.510 0.8,0.0,0.0,0.0,0.0,0.11052631578947375
2026-10-03T11:42:59.550 0.8,0.0,0.0,0.0,0.0,0.11052631578947375
2026-10-03T11:42:59.600 0.8,0.0,0.0,0.0,0.0,0.11052631578947375
2026-10-03T11:42:59.650 0.8,0.0,0.0,0.0,0.0,0.11052631578947375
2026-10-03T11:42:59.700 0.8,0.0,0.0,0.0,0.0,0.11052631578947375
2026-10-03T11:42:59.750 0.8,0.0,0.0,0.0,0.0,0.11052631578947375
2026-10-03T11:42:59.800 0.7578947368421055,0.0,0.0,0.0,0.0,0.11052631578947375
2026-10-03T11:42:59.850 0.7578947368421055,0.0,0.0,0.0,0.0,0.11052631578947375
2026-10-03T11:42:59.900 0.7578947368421055,0.0,0.0,0.0,0.0,0.11052631578947375
2026-10-03T11:42:59.950 0.8,0.0,0.0,0.0,0.0,0.11052631578947375
2026-10-03T11:43:00.000 0.8,0.0,0.0,0.0,0.0,0.11052631578947375
2026-10-03T11:43:00.050 0.8,0.0,0.0,0.0,0.0,0.11052631578947375
2026-10-03T11:43:00.100 0.8,0.0,0.0,0.0,0.0,0.11052631578947375
2026-10-03T11:43:00.150 0.8,0.0,0.0,0.0,0.0,0.11052631578947375
2026-10-03T11:43:00.200 0.8,0.0,0.0,0.0,0.0,0.11052631578947375
2026-10-03T11:43:00.260 0.7578947368421055,0.0,0.0,0.0,0.0,0.11052631578947375
2026-10-03T11:43:00.300 0.7578947368421055,0.0,0.0,0.0,0.0,0.11052631578947375
2026-10-03T11:43:00.350 0.8,0.0,0.0,0.0,0.0,0.03684210526315797
2026-10-03T11:43:00.400 0.8,0.0,0.0,0.0,0.0,0.03684210526315797
2026-10-03T11:43:00.450 0.8,0.0,0.0,0.0,0.0,0.03684210526315797
2026-10-03T11:43:00.500 0.8,0.0,0.0,0.0,0.0,0.03684210526315797
2026-10-03T11:43:00.550 0.8,0.0,0.0,0.0,0.0,0.03684210526315797
2026-10-03T11:43:00.600 0.8,0.0,0.0,0.0,0.0,0.03684210526315797
2026-10-03T11:43:00.650 0.8,0.0,0.0,0.0,0.0,0.03684210526315797
2026-10-03T11:43:00.700 0.8,0.0,0.0,0.0,0.0,0.03684210526315797
2026-10-03T11:43:00.750 0.8,0.0,0.0,0.0,0.0,0.0
2026-10-03T11:43:00.800 0.8,0.0,0.0,0.0,0.0,0.03684210526315797
2026-10-03T11:43:00.850 0.8,0.0,0.0,0.0,0.0,0.03684210526315797
2026-10-03T11:43:00.900 0.8,0.0,0.0,0.0,0.0,0.03684210526315797
2026-10-03T11:43:00.950 0.8,0.0,0.0,0.0,0.0,0.03684210526315797
2026-10-03T11:43:01.000 0.8,0.0,0.0,0.0,0.0,0.03684210526315797
2026-10-03T11:43:01.050 0.8,0.0,0.0,0.0,0.0,0.03684210526315797
2026-10-03T11:43:01.100 0.8,0.0,0.0,0.0,0.0,0.03684210526315797
2026-10-03T11:43:01.150 0.8,0.0,0.0,0.0,0.0,0.03684210526315797
2026-10-03T11:43:01.200 0.8,0.0,0.0,0.0,0.0,0.03684210526315797
2026-10-03T11:43:01.250 0.8,0.0,0.0,0.0,0.0,0.03684210526315797
2026-10-03T11:43:01.300 0.8,0.0,0.0,0.0,0.0,0.03684210526315797
2026-10-03T11:43:01.350 0.8,0.0,0.0,0.0,0.0,0.03684210526315797
2026-10-03T11:43:01.400 0.8,0.0,0.0,0.0,0.0,0.03684210526315797
2026-10-03T11:43:01.450 0.8,0.0,0.0,0.0,0.0,0.03684210526315797
2026-10-03T11:43:01.500 0.8,0.0,0.0,0.0,0.0,0.03684210526315797
2026-10-03T11:43:01.549 0.8,0.0,0.0,0.0,0.0,0.03684210526315797
2026-10-03T11:43:01.600 0.8,0.0,0.0,0.0,0.0,0.03684210526315797
2026-10-03T11:43:01.650 0.8,0.0,0.0,0.0,0.0,0.03684210526315797
2026-10-03T11:43:01.700 0.8,0.0,0.0,0.0,0.0,0.03684210526315797
2026-10-03T11:43:01.750 0.8,0.0,0.0,0.0,0.0,0.03684210526315797
2026-10-03T11:43:01.800 0.8,0.0,0.0,0.0,0.0,0.03684210526315797
2026-10-03T11:43:01.850 0.8,0.0,0.0,0.0,0.0,0.03684210526315797
2026-10-03T11:43:01.901 0.8,0.0,0.0,0.0,0.0,0.0
2026-10-03T11:43:01.950 0.8,0.0,0.0,0.0,0.0,0.0
2026-10-03T11:43:02.000 0.8,0.0,0.0,0.0,0.0,0.0
2026-10-03T11:43:02.051 0.8,0.0,0.0,0.0,0.0,0.0
2026-10-03T11:43:02.100 0.8,0.0,0.0,0.0,0.0,0.0
2026-10-03T11:43:02.150 0.8,0.0,0.0,0.0,0.0,0.0
2026-10-03T11:43:02.200 0.8,0.0,0.0,0.0,0.0,0.0
2026-10-03T11:43:02.250 0.8,0.0,0.0,0.0,0.0,0.0
2026-10-03T11:43:02.300 0.8,0.0,0.0,0.0,0.0,0.0
2026-10-03T11:43:02.350 0.8,0.0,0.0,0.0,0.0,0.0
2026-10-03T11:43:02.400 0.8,0.0,0.0,0.0,0.0,0.0
2026-10-03T11:43:02.450 0.8,0.0,0.0,0.0,0.0,0.0
2026-10-03T11:43:02.500 0.8,0.0,0.0,0.0,0.0,0.0
2026-10-03T11:43:02.550 0.8,0.0,0.0,0.0,0.0,0.0
2026-10-03T11:43:02.600 0.8,0.0,0.0,0.0,0.0,0.0
2026-10-03T11:43:02.650 0.8,0.0,0.0,0.0,0.0,0.0
2026-10-03T11:43:02.700 0.8,0.0,0.0,0.0,0.0,0.0
2026-10-03T11:43:02.750 0.8,0.0,0.0,0.0,0.0,0.0
2026-10-03T11:43:02.800 0.8,0.0,0.0,0.0,0.0,0.0
2026-10-03T11:43:02.850 0.8,0.0,0.0,0.0,0.0,0.0
2026-10-03T11:43:02.900 0.8,0.0,0.0,0.0,0.0,0.0
2026-10-03T11:43:02.950 0.8,0.0,0.0,0.0,0.0,0.0
2026-10-03T11:43:03.000 0.8,0.0,0.0,0.0,0.0,0.0
2026-10-03T11:43:03.050 0.8,0.0,0.0,0.0,0.0,0.0
2026-10-03T11:43:03.100 0.8,0.0,0.0,0.0,0.0,-0.036842105263157815
2026-10-03T11:43:03.150 0.8,0.0,0.0,0.0,0.0,-0.036842105263157815
2026-10-03T11:43:03.200 0.8,0.0,0.0,0.0,0.0,-0.036842105263157815
2026-10-03T11:43:03.250 0.8,0.0,0.0,0.0,0.0,-0.036842105263157815
2026-10-03T11:43:03.300 0.8,0.0,0.0,0.0,0.0,-0.036842105263157815
2026-10-03T11:43:03.350 0.8,0.0,0.0,0.0,0.0,-0.036842105263157815
2026-10-03T11:43:03.400 0.8,0.0,0.0,0.0,0.0,-0.036842105263157815
2026-10-03T11:43:03.450 0.8,0.0,0.0,0.0,0.0,-0.036842105263157815
2026-10-03T11:43:03.500 0.8,0.0,0.0,0.0,0.0,-0.036842105263157815
2026-10-03T11:43:03.550 0.8,0.0,0.0,0.0,0.0,-0.036842105263157815
2026-10-03T11:43:03.600 0.8,0.0,0.0,0.0,0.0,-0.036842105263157815
2026-10-03T11:43:03.650 0.8,0.0,0.0,0.0,0.0,-0.036842105263157815
2026-10-03T11:43:03.700 0.8,0.0,0.0,0.0,0.0,0.0
2026-10-03T11:43:03.750 0.8,0.0,0.0,0.0,0.0,0.0
2026-10-03T11:43:03.800 0.8,0.0,0.0,0.0,0.0,0.0
2026-10-03T11:43:03.850 0.8,0.0,0.0,0.0,0.0,0.0
2026-10-03T11:43:03.900 0.8,0.0,0.0,0.0,0.0,0.0
2026-10-03T11:43:03.950 0.8,0.0,0.0,0.0,0.0,0.0
2026-10-03T11:43:04.000 0.8,0.0,0.0,0.0,0.0,0.0
2026-10-03T11:43:04.050 0.8,0.0,0.0,0.0,0.0,0.0
2026-10-03T11:43:04.100 0.8,0.0,0.0,0.0,0.0,0.0
2026-10-03T11:43:04.150 0.8,0.0,0.0,0.0,0.0,0.0
2026-10-03T11:43:04.200 0.8,0.0,0.0,0.0,0.0,0.0
2026-10-03T11:43:04.250 0.8,0.0,0.0,0.0,0.0,0.0
2026-10-03T11:43:04.300 0.8,0.0,0.0,0.0,0.0,0.0
2026-10-03T11:43:04.350 0.8,0.0,0.0,0.0,0.0,0.0
2026-10-03T11:43:04.400 0.8,0.0,0.0,0.0,0.0,0.0
2026-10-03T11:43:04.450 0.8,0.0,0.0,0.0,0.0,0.0
2026-10-03T11:43:04.500 0.8,0.0,0.0,0.0,0.0,0.0
2026-10-03T11:43:04.550 0.8,0.0,0.0,0.0,0.0,0.0
2026-10-03T11:43:04.601 0.8,0.0,0.0,0.0,0.0,0.03684210526315797
2026-10-03T11:43:04.650 0.8,0.0,0.0,0.0,0.0,0.03684210526315797
2026-10-03T11:43:04.700 0.8,0.0,0.0,0.0,0.0,0.03684210526315797
2026-10-03T11:43:04.762 0.8,0.0,0.0,0.0,0.0,0.03684210526315797
2026-10-03T11:43:04.800 0.8,0.0,0.0,0.0,0.0,0.03684210526315797
2026-10-03T11:43:04.850 0.8,0.0,0.0,0.0,0.0,0.03684210526315797
2026-10-03T11:43:04.900 0.8,0.0,0.0,0.0,0.0,0.03684210526315797
2026-10-03T11:43:04.950 0.8,0.0,0.0,0.0,0.0,0.03684210526315797
2026-10-03T11:43:05.000 0.8,0.0,0.0,0.0,0.0,0.03684210526315797
2026-10-03T11:43:05.050 0.8,0.0,0.0,0.0,0.0,0.11052631578947375
2026-10-03T11:43:05.100 0.8,0.0,0.0,0.0,0.0,0.11052631578947375
2026-10-03T11:43:05.150 0.8,0.0,0.0,0.0,0.0,0.03684210526315797
2026-10-03T11:43:05.200 0.8,0.0,0.0,0.0,0.0,0.11052631578947375
2026-10-03T11:43:05.250 0.8,0.0,0.0,0.0,0.0,0.11052631578947375
2026-10-03T11:43:05.300 0.8,0.0,0.0,0.0,0.0,0.11052631578947375
2026-10-03T11:43:05.350 0.8,0.0,0.0,0.0,0.0,0.11052631578947375
2026-10-03T11:43:05.400 0.8,0.0,0.0,0.0,0.0,0.03684210526315797
2026-10-03T11:43:05.450 0.8,0.0,0.0,0.0,0.0,0.03684210526315797
2026-10-03T11:43:05.500 0.8,0.0,0.0,0.0,0.0,0.03684210526315797
2026-10-03T11:43:05.550 0.8,0.0,0.0,0.0,0.0,0.03684210526315797
2026-10-03T11:43:05.600 0.7578947368421055,0.0,0.0,0.0,0.0,0.0
2026-10-03T11:43:05.650 0.7578947368421055,0.0,0.0,0.0,0.0,0.0
2026-10-03T11:43:05.700 0.7578947368421055,0.0,0.0,0.0,0.0,0.03684210526315797
2026-10-03T11:43:05.750 0.7157894736842108,0.0,0.0,0.0,0.0,0.0
2026-10-03T11:43:05.800 0.7578947368421055,0.0,0.0,0.0,0.0,0.0
2026-10-03T11:43:05.850 0.7157894736842108,0.0,0.0,0.0,0.0,0.0
2026-10-03T11:43:05.900 0.7157894736842108,0.0,0.0,0.0,0.0,0.0
2026-10-03T11:43:05.950 0.7157894736842108,0.0,0.0,0.0,0.0,0.0
2026-10-03T11:43:06.000 0.7157894736842108,0.0,0.0,0.0,0.0,0.0
2026-10-03T11:43:06.050 0.673684210526316,0.0,0.0,0.0,0.0,0.0
2026-10-03T11:43:06.100 0.673684210526316,0.0,0.0,0.0,0.0,0.0
2026-10-03T11:43:06.150 0.673684210526316,0.0,0.0,0.0,0.0,0.0
2026-10-03T11:43:06.200 0.673684210526316,0.0,0.0,0.0,0.0,0.0
2026-10-03T11:43:06.260 0.673684210526316,0.0,0.0,0.0,0.0,0.0
2026-10-03T11:43:06.300 0.6315789473684212,0.0,0.0,0.0,0.0,0.0
2026-10-03T11:43:06.350 0.6315789473684212,0.0,0.0,0.0,0.0,0.0
2026-10-03T11:43:06.400 0.6315789473684212,0.0,0.0,0.0,0.0,0.0
2026-10-03T11:43:06.450 0.6315789473684212,0.0,0.0,0.0,0.0,0.0
2026-10-03T11:43:06.500 0.6315789473684212,0.0,0.0,0.0,0.0,0.0
2026-10-03T11:43:06.550 0.5894736842105265,0.0,0.0,0.0,0.0,0.0
2026-10-03T11:43:06.600 0.5894736842105265,0.0,0.0,0.0,0.0,0.0
2026-10-03T11:43:06.650 0.5894736842105265,0.0,0.0,0.0,0.0,0.0
2026-10-03T11:43:06.700 0.5894736842105265,0.0,0.0,0.0,0.0,0.0
2026-10-03T11:43:06.750 0.5473684210526317,0.0,0.0,0.0,0.0,0.0
2026-10-03T11:43:06.800 0.5473684210526317,0.0,0.0,0.0,0.0,0.0
2026-10-03T11:43:06.850 0.5473684210526317,0.0,0.0,0.0,0.0,0.0
2026-10-03T11:43:06.900 0.5473684210526317,0.0,0.0,0.0,0.0,0.0
2026-10-03T11:43:06.950 0.5473684210526317,0.0,0.0,0.0,0.0,0.0
2026-10-03T11:43:07.000 0.5473684210526317,0.0,0.0,0.0,0.0,0.0
2026-10-03T11:43:07.050 0.5473684210526317,0.0,0.0,0.0,0.0,0.0
2026-10-03T11:43:07.100 0.505263157894737,0.0,0.0,0.0,0.0,0.0
2026-10-03T11:43:07.150 0.505263157894737,0.0,0.0,0.0,0.0,0.0
2026-10-03T11:43:07.200 0.505263157894737,0.0,0.0,0.0,0.0,0.0
2026-10-03T11:43:07.250 0.505263157894737,0.0,0.0,0.0,0.0,0.0
2026-10-03T11:43:07.300 0.505263157894737,0.0,0.0,0.0,0.0,0.0
2026-10-03T11:43:07.350 0.4631578947368422,0.0,0.0,0.0,0.0,0.0
2026-10-03T11:43:07.400 0.4631578947368422,0.0,0.0,0.0,0.0,0.0
2026-10-03T11:43:07.450 0.4631578947368422,0.0,0.0,0.0,0.0,0.0
2026-10-03T11:43:07.500 0.4631578947368422,0.0,0.0,0.0,0.0,0.0
2026-10-03T11:43:07.550 0.4631578947368422,0.0,0.0,0.0,0.0,0.0
2026-10-03T11:43:07.600 0.4631578947368422,0.0,0.0,0.0,0.0,0.0
2026-10-03T11:43:07.650 0.4631578947368422,0.0,0.0,0.0,0.0,0.0
2026-10-03T11:43:07.700 0.4631578947368422,0.0,0.0,0.0,0.0,0.0
2026-10-03T11:43:07.750 0.42105263157894746,0.0,0.0,0.0,0.0,0.0
2026-10-03T11:43:07.800 0.42105263157894746,0.0,0.0,0.0,0.0,0.0
2026-10-03T11:43:07.850 0.42105263157894746,0.0,0.0,0.0,0.0,0.0
2026-10-03T11:43:07.900 0.42105263157894746,0.0,0.0,0.0,0.0,0.0
2026-10-03T11:43:07.950 0.42105263157894746,0.0,0.0,0.0,0.0,0.0
2026-10-03T11:43:08.000 0.42105263157894746,0.0,0.0,0.0,0.0,0.0
2026-10-03T11:43:08.050 0.42105263157894746,0.0,0.0,0.0,0.0,0.0
2026-10-03T11:43:08.100 0.42105263157894746,0.0,0.0,0.0,0.0,-0.036842105263157815
2026-10-03T11:43:08.150 0.3789473684210527,0.0,0.0,0.0,0.0,-0.036842105263157815
2026-10-03T11:43:08.200 0.3789473684210527,0.0,0.0,0.0,0.0,-0.036842105263157815
2026-10-03T11:43:08.250 0.3789473684210527,0.0,0.0,0.0,0.0,0.0
2026-10-03T11:43:08.300 0.3789473684210527,0.0,0.0,0.0,0.0,-0.036842105263157815
2026-10-03T11:43:08.350 0.3789473684210527,0.0,0.0,0.0,0.0,-0.036842105263157815
2026-10-03T11:43:08.400 0.3789473684210527,0.0,0.0,0.0,0.0,-0.036842105263157815
2026-10-03T11:43:08.450 0.3789473684210527,0.0,0.0,0.0,0.0,-0.036842105263157815
2026-10-03T11:43:08.500 0.33684210526315794,0.0,0.0,0.0,0.0,-0.036842105263157815
2026-10-03T11:43:08.550 0.33684210526315794,0.0,0.0,0.0,0.0,-0.036842105263157815
2026-10-03T11:43:08.600 0.33684210526315794,0.0,0.0,0.0,0.0,-0.036842105263157815
2026-10-03T11:43:08.650 0.33684210526315794,0.0,0.0,0.0,0.0,-0.036842105263157815
2026-10-03T11:43:08.700 0.33684210526315794,0.0,0.0,0.0,0.0,-0.036842105263157815
2026-10-03T11:43:08.750 0.33684210526315794,0.0,0.0,0.0,0.0,-0.036842105263157815
2026-10-03T11:43:08.810 0.33684210526315794,0.0,0.0,0.0,0.0,-0.036842105263157815
2026-10-03T11:43:08.850 0.33684210526315794,0.0,0.0,0.0,0.0,-0.036842105263157815
2026-10-03T11:43:08.900 0.33684210526315794,0.0,0.0,0.0,0.0,-0.036842105263157815
2026-10-03T11:43:08.950 0.33684210526315794,0.0,0.0,0.0,0.0,-0.036842105263157815
2026-10-03T11:43:09.000 0.33684210526315794,0.0,0.0,0.0,0.0,0.0
2026-10-03T11:43:09.050 0.2947368421052632,0.0,0.0,0.0,0.0,-0.036842105263157815
2026-10-03T11:43:09.100 0.2947368421052632,0.0,0.0,0.0,0.0,-0.036842105263157815
2026-10-03T11:43:09.865 0.2947368421052632,0.0,0.0,0.0,0.0,-0.036842105263157815
2026-10-03T11:43:09.915 0.2947368421052632,0.0,0.0,0.0,0.0,-0.036842105263157815
2026-10-03T11:43:09.965 0.2947368421052632,0.0,0.0,0.0,0.0,-0.036842105263157815
2026-10-03T11:43:10.015 0.2947368421052632,0.0,0.0,0.0,0.0,-0.036842105263157815
2026-10-03T11:43:10.065 0.2947368421052632,0.0,0.0,0.0,0.0,-0.036842105263157815
2026-10-03T11:43:10.115 0.2947368421052632,0.0,0.0,0.0,0.0,-0.036842105263157815
2026-10-03T11:43:10.165 0.2947368421052632,0.0,0.0,0.0,0.0,-0.036842105263157815
2026-10-03T11:43:10.225 0.2947368421052632,0.0,0.0,0.0,0.0,-0.036842105263157815
2026-10-03T11:43:10.265 0.2947368421052632,0.0,0.0,0.0,0.0,-0.036842105263157815
2026-10-03T11:43:10.315 0.2947368421052632,0.0,0.0,0.0,0.0,-0.036842105263157815
2026-10-03T11:43:10.365 0.25263157894736843,0.0,0.0,0.0,0.0,-0.036842105263157815
2026-10-03T11:43:10.415 0.25263157894736843,0.0,0.0,0.0,0.0,-0.036842105263157815
2026-10-03T11:43:10.466 0.25263157894736843,0.0,0.0,0.0,0.0,-0.036842105263157815
2026-10-03T11:43:10.515 0.25263157894736843,0.0,0.0,0.0,0.0,-0.036842105263157815
2026-10-03T11:43:10.565 0.25263157894736843,0.0,0.0,0.0,0.0,-0.036842105263157815
2026-10-03T11:43:10.615 0.25263157894736843,0.0,0.0,0.0,0.0,-0.036842105263157815
2026-10-03T11:43:10.665 0.25263157894736843,0.0,0.0,0.0,0.0,-0.036842105263157815
2026-10-03T11:43:10.715 0.25263157894736843,0.0,0.0,0.0,0.0,-0.036842105263157815
2026-10-03T11:43:10.765 0.25263157894736843,0.0,0.0,0.0,0.0,-0.036842105263157815
2026-10-03T11:43:10.815 0.25263157894736843,0.0,0.0,0.0,0.0,-0.036842105263157815
2026-10-03T11:43:10.865 0.25263157894736843,0.0,0.0,0.0,0.0,-0.036842105263157815
2026-10-03T11:43:10.915 0.25263157894736843,0.0,0.0,0.0,0.0,-0.036842105263157815
2026-10-03T11:43:10.966 0.25263157894736843,0.0,0.0,0.0,0.0,-0.036842105263157815
2026-10-03T11:43:11.015 0.25263157894736843,0.0,0.0,0.0,0.0,-0.036842105263157815
2026-10-03T11:43:11.067 0.25263157894736843,0.0,0.0,0.0,0.0,0.03684210526315797
2026-10-03T11:43:11.115 0.21052631578947367,0.0,0.0,0.0,0.0,-0.036842105263157815
2026-10-03T11:43:11.165 0.21052631578947367,0.0,0.0,0.0,0.0,-0.036842105263157815
2026-10-03T11:43:11.215 0.21052631578947367,0.0,0.0,0.0,0.0,-0.036842105263157815
2026-10-03T11:43:11.265 0.21052631578947367,0.0,0.0,0.0,0.0,-0.036842105263157815
2026-10-03T11:43:11.315 0.21052631578947367,0.0,0.0,0.0,0.0,-0.036842105263157815
2026-10-03T11:43:11.365 0.21052631578947367,0.0,0.0,0.0,0.0,-0.036842105263157815
2026-10-03T11:43:11.415 0.21052631578947367,0.0,0.0,0.0,0.0,-0.036842105263157815
2026-10-03T11:43:11.465 0.21052631578947367,0.0,0.0,0.0,0.0,-0.036842105263157815
2026-10-03T11:43:11.517 0.21052631578947367,0.0,0.0,0.0,0.0,-0.036842105263157815
2026-10-03T11:43:11.575 0.21052631578947367,0.0,0.0,0.0,0.0,-0.036842105263157815
2026-10-03T11:43:11.615 0.21052631578947367,0.0,0.0,0.0,0.0,-0.036842105263157815
2026-10-03T11:43:11.665 0.21052631578947367,0.0,0.0,0.0,0.0,-0.036842105263157815
2026-10-03T11:43:11.717 0.21052631578947367,0.0,0.0,0.0,0.0,-0.036842105263157815
2026-10-03T11:43:11.765 0.21052631578947367,0.0,0.0,0.0,0.0,-0.036842105263157815
2026-10-03T11:43:11.815 0.21052631578947367,0.0,0.0,0.0,0.0,-0.036842105263157815
2026-10-03T11:43:11.865 0.21052631578947367,0.0,0.0,0.0,0.0,-0.036842105263157815
2026-10-03T11:43:11.915 0.21052631578947367,0.0,0.0,0.0,0.0,-0.036842105263157815
2026-10-03T11:43:11.965 0.16842105263157894,0.0,0.0,0.0,0.0,-0.036842105263157815
2026-10-03T11:43:12.015 0.16842105263157894,0.0,0.0,0.0,0.0,-0.036842105263157815
2026-10-03T11:43:12.065 0.16842105263157894,0.0,0.0,0.0,0.0,-0.036842105263157815
2026-10-03T11:43:12.115 0.16842105263157894,0.0,0.0,0.0,0.0,-0.036842105263157815
2026-10-03T11:43:12.165 0.16842105263157894,0.0,0.0,0.0,0.0,-0.036842105263157815
2026-10-03T11:43:12.215 0.16842105263157894,0.0,0.0,0.0,0.0,-0.036842105263157815
2026-10-03T11:43:12.265 0.16842105263157894,0.0,0.0,0.0,0.0,-0.036842105263157815
2026-10-03T11:43:12.315 0.16842105263157894,0.0,0.0,0.0,0.0,-0.036842105263157815
2026-10-03T11:43:12.365 0.16842105263157894,0.0,0.0,0.0,0.0,-0.036842105263157815
2026-10-03T11:43:12.415 0.16842105263157894,0.0,0.0,0.0,0.0,-0.036842105263157815
2026-10-03T11:43:12.465 0.16842105263157894,0.0,0.0,0.0,0.0,-0.036842105263157815
2026-10-03T11:43:12.515 0.16842105263157894,0.0,0.0,0.0,0.0,-0.036842105263157815
2026-10-03T11:43:12.567 0.16842105263157894,0.0,0.0,0.0,0.0,-0.036842105263157815
2026-10-03T11:43:12.615 0.16842105263157894,0.0,0.0,0.0,0.0,-0.036842105263157815
2026-10-03T11:43:12.665 0.16842105263157894,0.0,0.0,0.0,0.0,-0.036842105263157815
2026-10-03T11:43:12.715 0.16842105263157894,0.0,0.0,0.0,0.0,-0.036842105263157815
2026-10-03T11:43:12.765 0.16842105263157894,0.0,0.0,0.0,0.0,-0.036842105263157815
2026-10-03T11:43:12.815 0.16842105263157894,0.0,0.0,0.0,0.0,-0.036842105263157815
2026-10-03T11:43:12.865 0.16842105263157894,0.0,0.0,0.0,0.0,-0.036842105263157815
2026-10-03T11:43:12.915 0.16842105263157894,0.0,0.0,0.0,0.0,-0.036842105263157815
2026-10-03T11:43:12.965 0.16842105263157894,0.0,0.0,0.0,0.0,-0.036842105263157815
2026-10-03T11:43:13.015 0.16842105263157894,0.0,0.0,0.0,0.0,-0.036842105263157815
2026-10-03T11:43:13.065 0.12631578947368421,0.0,0.0,0.0,0.0,0.0
2026-10-03T11:43:13.115 0.12631578947368421,0.0,0.0,0.0,0.0,0.0
2026-10-03T11:43:13.165 0.12631578947368421,0.0,0.0,0.0,0.0,0.0
2026-10-03T11:43:13.215 0.0013157894736842146,0.0,0.0,0.0,0.0,0.0
2026-10-03T11:43:13.265 0.0,0.0,0.0,0.0,0.0,0.0
2026-10-03T11:43:13.316 0.0,0.0,0.0,0.0,0.0,0.0
2026-10-03T11:43:13.366 0.0,0.0,0.0,0.0,0.0,0.0
2026-10-03T11:43:13.415 0.0,0.0,0.0,0.0,0.0,0.0
2026-10-03T11:43:13.465 0.0,0.0,0.0,0.0,0.0,0.0
2026-10-03T11:43:13.515 0.0,0.0,0.0,0.0,0.0,0.0
2026-10-03T11:43:13.575 0.0,0.0,0.0,0.0,0.0,0.0
2026-10-03T11:43:13.615 0.0,0.0,0.0,0.0,0.0,0.0
2026-10-03T11:43:13.665 0.0,0.0,0.0,0.0,0.0,0.0
2026-10-03T11:43:13.715 0.0,0.0,0.0,0.0,0.0,0.0
2026-10-03T11:43:13.765 0.0,0.0,0.0,0.0,0.0,0.0
2026-10-03T11:43:13.815 0.0,0.0,0.0,0.0,0.0,0.0
2026-10-03T11:43:13.865 0.0,0.0,0.0,0.0,0.0,0.0
2026-10-03T11:43:13.925 0.0,0.0,0.0,0.0,0.0,0.0
2026-10-03T11:43:13.966 0.0,0.0,0.0,0.0,0.0,0.0
2026-10-03T11:43:14.015 0.0,0.0,0.0,0.0,0.0,0.0
2026-10-03T11:43:14.065 0.0,0.0,0.0,0.0,0.0,0.0
2026-10-03T11:43:14.115 0.0,0.0,0.0,0.0,0.0,0.0
2026-10-03T11:43:14.165 0.0,0.0,0.0,0.0,0.0,0.0
2026-10-03T11:43:14.215 0.0,0.0,0.0,0.0,0.0,0.0
2026-10-03T11:43:14.265 0.0,0.0,0.0,0.0,0.0,0.0
2026-10-03T11:43:14.315 0.0,0.0,0.0,0.0,0.0,0.0
2026-10-03T11:43:14.366 0.0,0.0,0.0,0.0,0.0,0.0
2026-10-03T11:43:14.415 0.0,0.0,0.0,0.0,0.0,0.0
2026-10-03T11:43:14.465 0.0,0.0,0.0,0.0,0.0,0.0
2026-10-03T11:43:14.515 0.0,0.0,0.0,0.0,0.0,0.0
2026-10-03T11:43:14.565 0.0,0.0,0.0,0.0,0.0,0.0
2026-10-03T11:43:14.615 0.0,0.0,0.0,0.0,0.0,0.0
2026-10-03T11:43:14.665 0.0,0.0,0.0,0.0,0.0,0.0
2026-10-03T11:43:14.725 0.0,0.0,0.0,0.0,0.0,0.0
2026-10-03T11:43:14.765 0.0,0.0,0.0,0.0,0.0,0.0
2026-10-03T11:43:14.815 0.0,0.0,0.0,0.0,0.0,0.0
2026-10-03T11:43:14.865 0.0,0.0,0.0,0.0,0.0,0.0
2026-10-03T11:43:14.915 0.0,0.0,0.0,0.0,0.0,0.0
2026-10-03T11:43:14.965 0.0,0.0,0.0,0.0,0.0,0.0
2026-10-03T11:43:15.015 0.0,0.0,0.0,0.0,0.0,0.0
2026-10-03T11:43:15.065 0.0,0.0,0.0,0.0,0.0,0.0
2026-10-03T11:43:15.115 0.0,0.0,0.0,0.0,0.0,0.0
2026-10-03T11:43:15.166 0.0,0.0,0.0,0.0,0.0,0.0
2026-10-03T11:43:15.215 0.0,0.0,0.0,0.0,0.0,0.0
2026-10-03T11:43:15.265 0.0,0.0,0.0,0.0,0.0,0.0
2026-10-03T11:43:15.315 0.0,0.0,0.0,0.0,0.0,0.0
2026-10-03T11:43:15.365 0.0,0.0,0.0,0.0,0.0,0.0
2026-10-03T11:43:15.415 0.0,0.0,0.0,0.0,0.0,0.0
2026-10-03T11:43:15.467 0.0,0.0,0.0,0.0,0.0,0.0
2026-10-03T11:43:15.515 0.0,0.0,0.0,0.0,0.0,0.0
2026-10-03T11:43:15.565 0.0,0.0,0.0,0.0,0.0,0.0
2026-10-03T11:43:15.615 0.0,0.0,0.0,0.0,0.0,0.0
2026-10-03T11:43:15.665 0.0,0.0,0.0,0.0,0.0,0.0
2026-10-03T11:43:15.715 0.0,0.0,0.0,0.0,0.0,0.0
2026-10-03T11:43:15.765 0.0,0.0,0.0,0.0,0.0,0.0
2026-10-03T11:43:15.815 0.0,0.0,0.0,0.0,0.0,0.0
2026-10-03T11:43:15.865 0.0,0.0,0.0,0.0,0.0,0.0
2026-10-03T11:43:15.915 0.0,0.0,0.0,0.0,0.0,0.0
