2026-09-30T01:44:38.243 5,100000000,map,-6.000000000000445,-1.0,0.0,0.0,0.0,0.9999999999991198,1.3267948966775328e-06,-2.3803181647963356e-12,0.0,0.0,0.0,0.0,0.0,0.0,0.0,0.0,0.0,0.0,0.0,0.0,0.0,0.0,0.0,0.0,0.0,0.0,0.0,0.0,0.0,0.0,0.0,0.0,0.0,0.0,0.0,0.0,0.0,0.0,0.0,0.0,0.0,0.0,-6.972200594645862e-14
2026-09-30T01:46:34.554 46,400000000,map,-6.091165666891283,-1.006134175445423,0.0,0.0,0.0,-0.9698930352605948,0.24353131246924012,0.014746952479683273,0.0018880299240446874,0.0,0.0,0.0,0.0,0.0018880299240446874,0.0005778696551488327,0.0,0.0,0.0,0.0,0.0,0.0,0.0,0.0,0.0,0.0,0.0,0.0,0.0,0.0,0.0,0.0,0.0,0.0,0.0,0.0,0.0,0.0,0.0,0.0,0.0,0.0,0.0,0.014069303445558998
2026-09-30T01:46:38.903 47,800000000,map,-6.164717507473996,-1.0548184179116258,0.0,0.0,0.0,-0.8209260035238514,0.5710345845378874,0.02297117581172614,0.01208536692393647,0.0,0.0,0.0,0.0,0.01208536692393647,0.012180300754441431,0.0,0.0,0.0,0.0,0.0,0.0,0.0,0.0,0.0,0.0,0.0,0.0,0.0,0.0,0.0,0.0,0.0,0.0,0.0,0.0,0.0,0.0,0.0,0.0,0.0,0.0,0.0,0.03348151939834678
2026-09-30T01:46:42.771 49,100000000,map,-6.1973671987371315,-1.1062874504986935,0.0,0.0,0.0,-0.5945318248617771,0.8040720796213018,0.020755531816575967,0.01052429647209241,0.0,0.0,0.0,0.0,0.01052429647209241,0.031010289959733317,0.0,0.0,0.0,0.0,0.0,0.0,0.0,0.0,0.0,0.0,0.0,0.0,0.0,0.0,0.0,0.0,0.0,0.0,0.0,0.0,0.0,0.0,0.0,0.0,0.0,0.0,0.0,0.039729053901936415
2026-09-30T01:46:46.232 50,300000000,map,-6.202221659010577,-1.1423067808933587,0.0,0.0,0.0,-0.2639104134104227,0.9645471961980605,0.029061945578298776,-0.0003210974225673624,0.0,0.0,0.0,0.0,-0.0003210974225673624,0.04243370946298852,0.0,0.0,0.0,0.0,0.0,0.0,0.0,0.0,0.0,0.0,0.0,0.0,0.0,0.0,0.0,0.0,0.0,0.0,0.0,0.0,0.0,0.0,0.0,0.0,0.0,0.0,0.0,0.03629886399502694
2026-09-30T01:46:49.702 51,500000000,map,-6.209357040774445,-1.1128770930059362,0.0,0.0,0.0,0.12901606883448566,0.9916425031141491,0.06741174945881312,-0.010803624070679696,0.0,0.0,0.0,0.0,-0.01080362407067792,0.03525119263592158,0.0,0.0,0.0,0.0,0.0,0.0,0.0,0.0,0.0,0.0,0.0,0.0,0.0,0.0,0.0,0.0,0.0,0.0,0.0,0.0,0.0,0.0,0.0,0.0,0.0,0.0,0.0,0.01756343664825328
2026-09-30T01:46:53.787 52,900000000,map,-5.662248930334106,-0.7572878633604085,0.0,0.0,0.0,0.2876794188057084,0.9577267627019774,0.0939309767208556,0.00699179955495044,0.0,0.0,0.0,0.0,0.00699179955495044,0.047608949823002455,0.0,0.0,0.0,0.0,0.0,0.0,0.0,0.0,0.0,0.0,0.0,0.0,0.0,0.0,0.0,0.0,0.0,0.0,0.0,0.0,0.0,0.0,0.0,0.0,0.0,0.0,0.0,0.029130185131110473
2026-09-30T01:46:57.240 54,100000000,map,-4.755470906720024,-0.26846250048444914,0.0,0.0,0.0,0.20457388673933022,0.9788511249747653,0.09584082218130163,0.020771555572512534,0.0,0.0,0.0,0.0,0.020771555572512534,0.056149842004656586,0.0,0.0,0.0,0.0,0.0,0.0,0.0,0.0,0.0,0.0,0.0,0.0,0.0,0.0,0.0,0.0,0.0,0.0,0.0,0.0,0.0,0.0,0.0,0.0,0.0,0.0,0.0,0.03472678414785799
2026-09-30T01:47:00.833 55,300000000,map,-3.8157567404506145,0.030787156303663143,0.0,0.0,0.0,0.09733646342828227,0.9952515324717037,0.09877909621798509,0.027114855209777175,0.0,0.0,0.0,0.0,0.027114855209777217,0.05001859079799998,0.0,0.0,0.0,0.0,0.0,0.0,0.0,0.0,0.0,0.0,0.0,0.0,0.0,0.0,0.0,0.0,0.0,0.0,0.0,0.0,0.0,0.0,0.0,0.0,0.0,0.0,0.0,0.03611659145141573
2026-09-30T01:47:06.465 56,600000000,map,-2.7115309351524868,0.11652005280014303,0.0,0.0,0.0,-0.039675748126026394,0.9992126075118548,0.11638870720606942,0.031905378292885145,0.0,0.0,0.0,0.0,0.031905378292885145,0.049978979218048544,0.0,0.0,0.0,0.0,0.0,0.0,0.0,0.0,0.0,0.0,0.0,0.0,0.0,0.0,0.0,0.0,0.0,0.0,0.0,0.0,0.0,0.0,0.0,0.0,0.0,0.0,0.0,0.02145670904574721
2026-09-30T01:47:09.637 57,800000000,map,-1.7637166367079893,-0.10097437876103318,0.0,0.0,0.0,-0.2155278771361431,0.9764976877479985,0.07883344456747032,0.005431196169201513,0.0,0.0,0.0,0.0,0.005431196169201402,0.04973946025204321,0.0,0.0,0.0,0.0,0.0,0.0,0.0,0.0,0.0,0.0,0.0,0.0,0.0,0.0,0.0,0.0,0.0,0.0,0.0,0.0,0.0,0.0,0.0,0.0,0.0,0.0,0.0,0.036424851603425665
2026-09-30T01:47:12.803 59,0,map,-0.9269291235802156,-0.5033525959633589,0.0,0.0,0.0,-0.26280500948913377,0.9648489658943602,0.07006885839324428,-0.0014445584466650785,0.0,0.0,0.0,0.0,-0.0014445584466650785,0.04277985304837528,0.0,0.0,0.0,0.0,0.0,0.0,0.0,0.0,0.0,0.0,0.0,0.0,0.0,0.0,0.0,0.0,0.0,0.0,0.0,0.0,0.0,0.0,0.0,0.0,0.0,0.0,0.0,0.027066430284680726
2026-09-30T01:47:23.105 62,900000000,map,-0.20312673708619577,-0.8874006157339098,0.0,0.0,0.0,-0.16349164146326506,0.9865447192964175,0.07820003530877315,-0.0045363888985846534,0.0,0.0,0.0,0.0,-0.004536388898584626,0.04344288663860629,0.0,0.0,0.0,0.0,0.0,0.0,0.0,0.0,0.0,0.0,0.0,0.0,0.0,0.0,0.0,0.0,0.0,0.0,0.0,0.0,0.0,0.0,0.0,0.0,0.0,0.0,0.0,0.030915324135796347
