2026-09-30T01:56:09.773 0.0,0.0,0.0,0.0,0.0,0.16
2026-09-30T01:56:09.832 0.0,0.0,0.0,0.0,0.0,0.32
2026-09-30T01:56:09.871 0.0,0.0,0.0,0.0,0.0,0.48
2026-09-30T01:56:09.921 0.0,0.0,0.0,0.0,0.0,0.64
2026-09-30T01:56:09.971 0.0,0.0,0.0,0.0,0.0,0.7
2026-09-30T01:56:10.021 0.0,0.0,0.0,0.0,0.0,0.7
2026-09-30T01:56:10.071 0.0,0.0,0.0,0.0,0.0,0.7
2026-09-30T01:56:10.122 0.0,0.0,0.0,0.0,0.0,0.7
2026-09-30T01:56:10.171 0.0,0.0,0.0,0.0,0.0,0.7
2026-09-30T01:56:10.221 0.0,0.0,0.0,0.0,0.0,0.7
2026-09-30T01:56:10.271 0.0,0.0,0.0,0.0,0.0,0.7
2026-09-30T01:56:10.321 0.0,0.0,0.0,0.0,0.0,0.7
2026-09-30T01:56:10.372 0.0,0.0,0.0,0.0,0.0,0.7
2026-09-30T01:56:10.421 0.0,0.0,0.0,0.0,0.0,0.7
2026-09-30T01:56:10.471 0.0,0.0,0.0,0.0,0.0,0.7
2026-09-30T01:56:10.521 0.0,0.0,0.0,0.0,0.0,0.7
2026-09-30T01:56:10.571 0.0,0.0,0.0,0.0,0.0,0.7
2026-09-30T01:56:10.621 0.0,0.0,0.0,0.0,0.0,0.7
2026-09-30T01:56:10.671 0.0,0.0,0.0,0.0,0.0,0.7
2026-09-30T01:56:10.721 0.0,0.0,0.0,0.0,0.0,0.7
2026-09-30T01:56:10.771 0.0,0.0,0.0,0.0,0.0,0.7
2026-09-30T01:56:10.821 0.0,0.0,0.0,0.0,0.0,0.7
2026-09-30T01:56:10.871 0.0,0.0,0.0,0.0,0.0,0.7
2026-09-30T01:56:10.924 0.0,0.0,0.0,0.0,0.0,0.7
2026-09-30T01:56:10.972 0.0,0.0,0.0,0.0,0.0,0.7
2026-09-30T01:56:11.021 0.0,0.0,0.0,0.0,0.0,0.7
2026-09-30T01:56:11.071 0.0,0.0,0.0,0.0,0.0,0.7
2026-09-30T01:56:11.121 0.0,0.0,0.0,0.0,0.0,0.7
2026-09-30T01:56:11.171 0.0,0.0,0.0,0.0,0.0,0.7
2026-09-30T01:56:11.222 0.0,0.0,0.0,0.0,0.0,0.7
2026-09-30T01:56:11.271 0.0,0.0,0.0,0.0,0.0,0.7
2026-09-30T01:56:11.321 0.0,0.0,0.0,0.0,0.0,0.7
2026-09-30T01:56:11.371 0.0,0.0,0.0,0.0,0.0,0.7
2026-09-30T01:56:11.421 0.0,0.0,0.0,0.0,0.0,0.7
2026-09-30T01:56:11.471 0.0,0.0,0.0,0.0,0.0,0.7
2026-09-30T01:56:11.521 0.0,0.0,0.0,0.0,0.0,0.7
2026-09-30T01:56:11.572 0.0,0.0,0.0,0.0,0.0,0.7
2026-09-30T01:56:11.622 0.0,0.0,0.0,0.0,0.0,0.7
2026-09-30T01:56:11.681 0.0,0.0,0.0,0.0,0.0,0.7
2026-09-30T01:56:11.721 0.0,0.0,0.0,0.0,0.0,0.7
2026-09-30T01:56:11.783 0.0,0.0,0.0,0.0,0.0,0.7
2026-09-30T01:56:11.821 0.0,0.0,0.0,0.0,0.0,0.7
2026-09-30T01:56:11.882 0.0,0.0,0.0,0.0,0.0,0.7
2026-09-30T01:56:11.921 0.0,0.0,0.0,0.0,0.0,0.7
2026-09-30T01:56:11.981 0.0,0.0,0.0,0.0,0.0,0.7
2026-09-30T01:56:12.022 0.0,0.0,0.0,0.0,0.0,0.7
2026-09-30T01:56:12.082 0.0,0.0,0.0,0.0,0.0,0.7
2026-09-30T01:56:12.121 0.0,0.0,0.0,0.0,0.0,0.7
2026-09-30T01:56:12.182 0.0,0.0,0.0,0.0,0.0,0.7
2026-09-30T01:56:12.221 0.0,0.0,0.0,0.0,0.0,0.7
2026-09-30T01:56:12.271 0.0,0.0,0.0,0.0,0.0,0.7
2026-09-30T01:56:12.321 0.0,0.0,0.0,0.0,0.0,0.7
2026-09-30T01:56:12.372 0.0,0.0,0.0,0.0,0.0,0.7
2026-09-30T01:56:12.431 0.0,0.0,0.0,0.0,0.0,0.7
2026-09-30T01:56:12.472 0.0,0.0,0.0,0.0,0.0,0.7
2026-09-30T01:56:12.521 0.0,0.0,0.0,0.0,0.0,0.7
2026-09-30T01:56:12.571 0.0,0.0,0.0,0.0,0.0,0.7
2026-09-30T01:56:12.633 0.0,0.0,0.0,0.0,0.0,0.7
2026-09-30T01:56:12.672 0.0,0.0,0.0,0.0,0.0,0.7
2026-09-30T01:56:12.721 0.0,0.0,0.0,0.0,0.0,0.7
2026-09-30T01:56:12.771 0.0,0.0,0.0,0.0,0.0,0.7
2026-09-30T01:56:12.821 0.0,0.0,0.0,0.0,0.0,0.7
2026-09-30T01:56:12.871 0.0,0.0,0.0,0.0,0.0,0.7
2026-09-30T01:56:12.921 0.0,0.0,0.0,0.0,0.0,0.7
2026-09-30T01:56:12.971 0.0,0.0,0.0,0.0,0.0,0.7
2026-09-30T01:56:13.021 0.0,0.0,0.0,0.0,0.0,0.7
2026-09-30T01:56:13.072 0.0,0.0,0.0,0.0,0.0,0.7
2026-09-30T01:56:13.121 0.0,0.0,0.0,0.0,0.0,0.7
2026-09-30T01:56:13.171 0.0,0.0,0.0,0.0,0.0,0.7
2026-09-30T01:56:13.221 0.0,0.0,0.0,0.0,0.0,0.7
2026-09-30T01:56:13.271 0.0,0.0,0.0,0.0,0.0,0.7
2026-09-30T01:56:13.321 0.0,0.0,0.0,0.0,0.0,0.7
2026-09-30T01:56:13.371 0.0,0.0,0.0,0.0,0.0,0.7
2026-09-30T01:56:13.421 0.0,0.0,0.0,0.0,0.0,0.7
2026-09-30T01:56:13.471 0.0,0.0,0.0,0.0,0.0,0.7
2026-09-30T01:56:13.521 0.0,0.0,0.0,0.0,0.0,0.7
2026-09-30T01:56:13.573 0.0,0.0,0.0,0.0,0.0,0.7
2026-09-30T01:56:13.621 0.0,0.0,0.0,0.0,0.0,0.7
2026-09-30T01:56:13.671 0.0,0.0,0.0,0.0,0.0,0.7
2026-09-30T01:56:13.721 0.0,0.0,0.0,0.0,0.0,0.7
2026-09-30T01:56:13.771 0.0,0.0,0.0,0.0,0.0,0.7
2026-09-30T01:56:13.822 0.0,0.0,0.0,0.0,0.0,0.7
2026-09-30T01:56:13.871 0.0,0.0,0.0,0.0,0.0,0.7
2026-09-30T01:56:13.921 0.0,0.0,0.0,0.0,0.0,0.7
2026-09-30T01:56:13.972 0.0,0.0,0.0,0.0,0.0,0.7
2026-09-30T01:56:14.022 0.0,0.0,0.0,0.0,0.0,0.7
2026-09-30T01:56:14.071 0.0,0.0,0.0,0.0,0.0,0.7
2026-09-30T01:56:14.121 0.0,0.0,0.0,0.0,0.0,0.7
2026-09-30T01:56:14.171 0.0,0.0,0.0,0.0,0.0,0.7
2026-09-30T01:56:14.222 0.0,0.0,0.0,0.0,0.0,0.7
2026-09-30T01:56:14.272 0.0,0.0,0.0,0.0,0.0,0.7
2026-09-30T01:56:14.321 0.0,0.0,0.0,0.0,0.0,0.7
2026-09-30T01:56:14.382 0.0,0.0,0.0,0.0,0.0,0.7
2026-09-30T01:56:14.423 0.0,0.0,0.0,0.0,0.0,0.7
2026-09-30T01:56:14.472 0.0,0.0,0.0,0.0,0.0,0.7
2026-09-30T01:56:14.521 0.0,0.0,0.0,0.0,0.0,0.7
2026-09-30T01:56:14.571 0.0,0.0,0.0,0.0,0.0,0.7
2026-09-30T01:56:14.622 0.0,0.0,0.0,0.0,0.0,0.7
2026-09-30T01:56:14.673 0.0,0.0,0.0,0.0,0.0,0.7
2026-09-30T01:56:14.721 0.0,0.0,0.0,0.0,0.0,0.7
2026-09-30T01:56:14.772 0.0,0.0,0.0,0.0,0.0,0.7
2026-09-30T01:56:14.821 0.0,0.0,0.0,0.0,0.0,0.7
2026-09-30T01:56:14.872 0.0,0.0,0.0,0.0,0.0,0.7
2026-09-30T01:56:14.922 0.0,0.0,0.0,0.0,0.0,0.7
2026-09-30T01:56:14.972 0.0,0.0,0.0,0.0,0.0,0.7
2026-09-30T01:56:15.021 0.0,0.0,0.0,0.0,0.0,0.7
2026-09-30T01:56:15.072 0.0,0.0,0.0,0.0,0.0,0.7
2026-09-30T01:56:15.122 0.0,0.0,0.0,0.0,0.0,0.7
2026-09-30T01:56:15.172 0.0,0.0,0.0,0.0,0.0,0.7
2026-09-30T01:56:15.221 0.0,0.0,0.0,0.0,0.0,0.7
2026-09-30T01:56:15.271 0.0,0.0,0.0,0.0,0.0,0.7
2026-09-30T01:56:15.321 0.0,0.0,0.0,0.0,0.0,0.7
2026-09-30T01:56:15.372 0.0,0.0,0.0,0.0,0.0,0.7
2026-09-30T01:56:15.421 0.0,0.0,0.0,0.0,0.0,0.7
2026-09-30T01:56:15.471 0.0,0.0,0.0,0.0,0.0,0.7
2026-09-30T01:56:15.522 0.0,0.0,0.0,0.0,0.0,0.7
2026-09-30T01:56:15.571 0.0,0.0,0.0,0.0,0.0,0.7
2026-09-30T01:56:15.621 0.0,0.0,0.0,0.0,0.0,0.7
2026-09-30T01:56:15.671 0.0,0.0,0.0,0.0,0.0,0.7
2026-09-30T01:56:15.721 0.0,0.0,0.0,0.0,0.0,0.7
2026-09-30T01:56:15.771 0.0,0.0,0.0,0.0,0.0,0.7
2026-09-30T01:56:15.821 0.0,0.0,0.0,0.0,0.0,0.7
2026-09-30T01:56:15.871 0.0,0.0,0.0,0.0,0.0,0.7
2026-09-30T01:56:15.922 0.0,0.0,0.0,0.0,0.0,0.7
2026-09-30T01:56:15.972 0.0,0.0,0.0,0.0,0.0,0.7
2026-09-30T01:56:16.021 0.0,0.0,0.0,0.0,0.0,0.7
2026-09-30T01:56:16.071 0.0,0.0,0.0,0.0,0.0,0.7
2026-09-30T01:56:16.122 0.0,0.0,0.0,0.0,0.0,0.7
2026-09-30T01:56:16.171 0.0,0.0,0.0,0.0,0.0,0.7
2026-09-30T01:56:16.222 0.0,0.0,0.0,0.0,0.0,0.7
2026-09-30T01:56:16.271 0.0,0.0,0.0,0.0,0.0,0.7
2026-09-30T01:56:16.321 0.0,0.0,0.0,0.0,0.0,0.7
2026-09-30T01:56:16.371 0.0,0.0,0.0,0.0,0.0,0.7
2026-09-30T01:56:16.422 0.0,0.0,0.0,0.0,0.0,0.7
2026-09-30T01:56:16.471 0.0,0.0,0.0,0.0,0.0,0.7
2026-09-30T01:56:16.521 0.0,0.0,0.0,0.0,0.0,0.7
2026-09-30T01:56:16.572 0.0,0.0,0.0,0.0,0.0,0.7
2026-09-30T01:56:16.621 0.0,0.0,0.0,0.0,0.0,0.7
2026-09-30T01:56:16.671 0.0,0.0,0.0,0.0,0.0,0.7
2026-09-30T01:56:16.721 0.0,0.0,0.0,0.0,0.0,0.7
2026-09-30T01:56:16.773 0.0,0.0,0.0,0.0,0.0,0.7
2026-09-30T01:56:16.822 0.0,0.0,0.0,0.0,0.0,0.7
2026-09-30T01:56:16.871 0.0,0.0,0.0,0.0,0.0,0.7
2026-09-30T01:56:16.921 0.0,0.0,0.0,0.0,0.0,0.7
2026-09-30T01:56:16.972 0.0,0.0,0.0,0.0,0.0,0.7
2026-09-30T01:56:17.021 0.0,0.0,0.0,0.0,0.0,0.7
2026-09-30T01:56:17.072 0.0,0.0,0.0,0.0,0.0,0.7
2026-09-30T01:56:17.121 0.0,0.0,0.0,0.0,0.0,0.7
2026-09-30T01:56:17.171 0.0,0.0,0.0,0.0,0.0,0.7
2026-09-30T01:56:17.221 0.0,0.0,0.0,0.0,0.0,0.7
2026-09-30T01:56:17.272 0.0,0.0,0.0,0.0,0.0,0.7
2026-09-30T01:56:17.324 0.0,0.0,0.0,0.0,0.0,0.7
2026-09-30T01:56:17.371 0.0,0.0,0.0,0.0,0.0,0.6719066962027661
2026-09-30T01:56:17.421 0.0,0.0,0.0,0.0,0.0,0.6719066962027661
2026-09-30T01:56:17.471 0.0,0.0,0.0,0.0,0.0,0.6719066962027661
2026-09-30T01:56:17.521 0.0,0.0,0.0,0.0,0.0,0.6719066962027661
2026-09-30T01:56:17.571 0.0,0.0,0.0,0.0,0.0,0.5119066962027661
2026-09-30T01:56:17.632 0.0,0.0,0.0,0.0,0.0,0.4094474614630608
2026-09-30T01:56:17.671 0.0,0.0,0.0,0.0,0.0,0.4094474614630608
2026-09-30T01:56:17.722 0.0,0.0,0.0,0.0,0.0,0.4094474614630608
2026-09-30T01:56:17.771 0.0,0.0,0.0,0.0,0.0,0.24944746146306082
2026-09-30T01:56:17.821 0.0,0.0,0.0,0.0,0.0,0.08944746146306082
2026-09-30T01:56:17.871 0.0,0.0,0.0,0.0,0.0,0.0
2026-09-30T01:56:17.922 0.0,0.0,0.0,0.0,0.0,0.0
2026-09-30T01:56:17.971 0.0,0.0,0.0,0.0,0.0,0.0
2026-09-30T01:56:18.021 0.0,0.0,0.0,0.0,0.0,0.0
2026-09-30T01:56:18.081 0.0,0.0,0.0,0.0,0.0,0.0
2026-09-30T01:56:18.121 0.0,0.0,0.0,0.0,0.0,0.0
2026-09-30T01:56:18.171 0.0,0.0,0.0,0.0,0.0,0.0
2026-09-30T01:56:18.231 0.0,0.0,0.0,0.0,0.0,0.0
2026-09-30T01:56:18.272 0.0,0.0,0.0,0.0,0.0,0.0
2026-09-30T01:56:18.321 0.0,0.0,0.0,0.0,0.0,0.0
2026-09-30T01:56:18.371 0.0,0.0,0.0,0.0,0.0,0.0
2026-09-30T01:56:18.421 0.0,0.0,0.0,0.0,0.0,0.0
2026-09-30T01:56:18.471 0.0,0.0,0.0,0.0,0.0,0.0
2026-09-30T01:56:18.521 0.0,0.0,0.0,0.0,0.0,0.0
2026-09-30T01:56:18.571 0.0,0.0,0.0,0.0,0.0,0.0
2026-09-30T01:56:18.621 0.0,0.0,0.0,0.0,0.0,0.0
2026-09-30T01:56:18.671 0.0,0.0,0.0,0.0,0.0,0.0
2026-09-30T01:56:18.721 0.0,0.0,0.0,0.0,0.0,0.0
2026-09-30T01:56:18.772 0.0,0.0,0.0,0.0,0.0,0.0
2026-09-30T01:56:18.821 0.0,0.0,0.0,0.0,0.0,0.0
2026-09-30T01:56:18.871 0.0,0.0,0.0,0.0,0.0,0.0
2026-09-30T01:56:18.922 0.0,0.0,0.0,0.0,0.0,0.0
2026-09-30T01:56:18.971 0.0,0.0,0.0,0.0,0.0,0.0
2026-09-30T01:56:19.021 0.0,0.0,0.0,0.0,0.0,0.0
2026-09-30T01:56:19.071 0.0,0.0,0.0,0.0,0.0,0.0
2026-09-30T01:56:19.121 0.0,0.0,0.0,0.0,0.0,0.0
2026-09-30T01:56:19.171 0.0,0.0,0.0,0.0,0.0,0.0
2026-09-30T01:56:19.221 0.0,0.0,0.0,0.0,0.0,0.0
2026-09-30T01:56:19.271 0.0,0.0,0.0,0.0,0.0,0.0
2026-09-30T01:56:19.322 0.0,0.0,0.0,0.0,0.0,0.0
2026-09-30T01:56:19.372 0.0,0.0,0.0,0.0,0.0,0.0
2026-09-30T01:56:19.422 0.0,0.0,0.0,0.0,0.0,0.0
2026-09-30T01:56:19.471 0.0,0.0,0.0,0.0,0.0,0.0
2026-09-30T01:56:19.521 0.0,0.0,0.0,0.0,0.0,0.0
2026-09-30T01:56:19.571 0.0,0.0,0.0,0.0,0.0,0.0
2026-09-30T01:56:19.621 0.0,0.0,0.0,0.0,0.0,0.0
2026-09-30T01:56:19.671 0.0,0.0,0.0,0.0,0.0,0.0
2026-09-30T01:56:19.721 0.0,0.0,0.0,0.0,0.0,0.0
2026-09-30T01:56:19.773 0.0,0.0,0.0,0.0,0.0,0.0
2026-09-30T01:56:19.821 0.0,0.0,0.0,0.0,0.0,0.0
2026-09-30T01:56:19.871 0.0,0.0,0.0,0.0,0.0,0.0
2026-09-30T01:56:19.921 0.0,0.0,0.0,0.0,0.0,0.0
2026-09-30T01:56:19.971 0.0,0.0,0.0,0.0,0.0,0.0
2026-09-30T01:56:20.021 0.0,0.0,0.0,0.0,0.0,0.0
2026-09-30T01:56:20.071 0.0,0.0,0.0,0.0,0.0,0.0
2026-09-30T01:56:20.121 0.0,0.0,0.0,0.0,0.0,0.0
2026-09-30T01:56:20.171 0.0,0.0,0.0,0.0,0.0,0.0
2026-09-30T01:56:20.222 0.0,0.0,0.0,0.0,0.0,0.0
2026-09-30T01:56:20.271 0.0,0.0,0.0,0.0,0.0,0.0
2026-09-30T01:56:20.321 0.0,0.0,0.0,0.0,0.0,0.0
2026-09-30T01:56:20.371 0.0,0.0,0.0,0.0,0.0,0.0
2026-09-30T01:56:20.421 0.0,0.0,0.0,0.0,0.0,0.0
2026-09-30T01:56:20.472 0.0,0.0,0.0,0.0,0.0,0.0
2026-09-30T01:56:20.521 0.0,0.0,0.0,0.0,0.0,0.0
2026-09-30T01:56:20.572 0.0,0.0,0.0,0.0,0.0,0.0
2026-09-30T01:56:20.621 0.0,0.0,0.0,0.0,0.0,0.0
2026-09-30T01:56:20.673 0.0,0.0,0.0,0.0,0.0,0.0
2026-09-30T01:56:20.721 0.0,0.0,0.0,0.0,0.0,0.0
2026-09-30T01:56:33.771 -0.125,0.0,0.0,0.0,0.0,0.0
2026-09-30T01:56:33.821 -0.15000000596046448,0.0,0.0,0.0,0.0,0.0
2026-09-30T01:56:33.882 -0.15000000596046448,0.0,0.0,0.0,0.0,0.0
2026-09-30T01:56:33.921 -0.15000000596046448,0.0,0.0,0.0,0.0,0.0
2026-09-30T01:56:33.971 -0.15000000596046448,0.0,0.0,0.0,0.0,0.0
2026-09-30T01:56:34.022 -0.15000000596046448,0.0,0.0,0.0,0.0,0.0
2026-09-30T01:56:34.071 -0.15000000596046448,0.0,0.0,0.0,0.0,0.0
2026-09-30T01:56:34.123 -0.15000000596046448,0.0,0.0,0.0,0.0,0.0
2026-09-30T01:56:34.171 -0.15000000596046448,0.0,0.0,0.0,0.0,0.0
2026-09-30T01:56:34.221 -0.15000000596046448,0.0,0.0,0.0,0.0,0.0
2026-09-30T01:56:34.273 -0.15000000596046448,0.0,0.0,0.0,0.0,0.0
2026-09-30T01:56:34.321 -0.15000000596046448,0.0,0.0,0.0,0.0,0.0
2026-09-30T01:56:34.371 -0.15000000596046448,0.0,0.0,0.0,0.0,0.0
2026-09-30T01:56:34.422 -0.15000000596046448,0.0,0.0,0.0,0.0,0.0
2026-09-30T01:56:34.481 -0.15000000596046448,0.0,0.0,0.0,0.0,0.0
2026-09-30T01:56:34.521 -0.15000000596046448,0.0,0.0,0.0,0.0,0.0
2026-09-30T01:56:34.571 -0.15000000596046448,0.0,0.0,0.0,0.0,0.0
2026-09-30T01:56:34.622 -0.15000000596046448,0.0,0.0,0.0,0.0,0.0
2026-09-30T01:56:34.671 -0.15000000596046448,0.0,0.0,0.0,0.0,0.0
2026-09-30T01:56:34.721 -0.15000000596046448,0.0,0.0,0.0,0.0,0.0
2026-09-30T01:56:34.771 -0.15000000596046448,0.0,0.0,0.0,0.0,0.0
2026-09-30T01:56:34.821 -0.15000000596046448,0.0,0.0,0.0,0.0,0.0
2026-09-30T01:56:34.872 -0.15000000596046448,0.0,0.0,0.0,0.0,0.0
2026-09-30T01:56:34.921 -0.15000000596046448,0.0,0.0,0.0,0.0,0.0
2026-09-30T01:56:34.971 -0.15000000596046448,0.0,0.0,0.0,0.0,0.0
2026-09-30T01:56:35.021 -0.15000000596046448,0.0,0.0,0.0,0.0,0.0
2026-09-30T01:56:35.071 -0.15000000596046448,0.0,0.0,0.0,0.0,0.0
2026-09-30T01:56:35.121 -0.15000000596046448,0.0,0.0,0.0,0.0,0.0
2026-09-30T01:56:35.171 -0.15000000596046448,0.0,0.0,0.0,0.0,0.0
2026-09-30T01:56:35.221 -0.15000000596046448,0.0,0.0,0.0,0.0,0.0
2026-09-30T01:56:35.271 -0.15000000596046448,0.0,0.0,0.0,0.0,0.0
2026-09-30T01:56:35.322 -0.15000000596046448,0.0,0.0,0.0,0.0,0.0
2026-09-30T01:56:35.371 -0.15000000596046448,0.0,0.0,0.0,0.0,0.0
2026-09-30T01:56:35.421 -0.15000000596046448,0.0,0.0,0.0,0.0,0.0
2026-09-30T01:56:35.472 -0.15000000596046448,0.0,0.0,0.0,0.0,0.0
2026-09-30T01:56:35.531 -0.15000000596046448,0.0,0.0,0.0,0.0,0.0
2026-09-30T01:56:35.575 -0.15000000596046448,0.0,0.0,0.0,0.0,0.0
2026-09-30T01:56:35.621 -0.15000000596046448,0.0,0.0,0.0,0.0,0.0
2026-09-30T01:56:35.672 -0.15000000596046448,0.0,0.0,0.0,0.0,0.0
2026-09-30T01:56:35.721 -0.15000000596046448,0.0,0.0,0.0,0.0,0.0
2026-09-30T01:56:35.771 -0.15000000596046448,0.0,0.0,0.0,0.0,0.0
2026-09-30T01:56:35.822 -0.15000000596046448,0.0,0.0,0.0,0.0,0.0
2026-09-30T01:56:35.871 -0.15000000596046448,0.0,0.0,0.0,0.0,0.0
2026-09-30T01:56:35.921 -0.15000000596046448,0.0,0.0,0.0,0.0,0.0
2026-09-30T01:56:35.971 -0.15000000596046448,0.0,0.0,0.0,0.0,0.0
2026-09-30T01:56:36.021 -0.15000000596046448,0.0,0.0,0.0,0.0,0.0
2026-09-30T01:56:36.071 -0.15000000596046448,0.0,0.0,0.0,0.0,0.0
2026-09-30T01:56:36.121 -0.15000000596046448,0.0,0.0,0.0,0.0,0.0
2026-09-30T01:56:36.171 -0.15000000596046448,0.0,0.0,0.0,0.0,0.0
2026-09-30T01:56:36.221 -0.15000000596046448,0.0,0.0,0.0,0.0,0.0
2026-09-30T01:56:36.272 -0.15000000596046448,0.0,0.0,0.0,0.0,0.0
2026-09-30T01:56:36.322 -0.15000000596046448,0.0,0.0,0.0,0.0,0.0
2026-09-30T01:56:36.371 -0.15000000596046448,0.0,0.0,0.0,0.0,0.0
2026-09-30T01:56:36.421 -0.15000000596046448,0.0,0.0,0.0,0.0,0.0
2026-09-30T01:56:36.471 -0.15000000596046448,0.0,0.0,0.0,0.0,0.0
2026-09-30T01:56:36.521 -0.15000000596046448,0.0,0.0,0.0,0.0,0.0
2026-09-30T01:56:36.571 -0.15000000596046448,0.0,0.0,0.0,0.0,0.0
2026-09-30T01:56:36.622 -0.15000000596046448,0.0,0.0,0.0,0.0,0.0
2026-09-30T01:56:36.671 -0.15000000596046448,0.0,0.0,0.0,0.0,0.0
2026-09-30T01:56:36.721 -0.15000000596046448,0.0,0.0,0.0,0.0,0.0
2026-09-30T01:56:36.771 -0.15000000596046448,0.0,0.0,0.0,0.0,0.0
2026-09-30T01:56:36.821 -0.15000000596046448,0.0,0.0,0.0,0.0,0.0
2026-09-30T01:56:36.871 -0.15000000596046448,0.0,0.0,0.0,0.0,0.0
2026-09-30T01:56:36.921 -0.15000000596046448,0.0,0.0,0.0,0.0,0.0
2026-09-30T01:56:36.971 -0.15000000596046448,0.0,0.0,0.0,0.0,0.0
2026-09-30T01:56:37.021 -0.15000000596046448,0.0,0.0,0.0,0.0,0.0
2026-09-30T01:56:37.071 -0.15000000596046448,0.0,0.0,0.0,0.0,0.0
2026-09-30T01:56:37.122 -0.15000000596046448,0.0,0.0,0.0,0.0,0.0
2026-09-30T01:56:37.171 -0.15000000596046448,0.0,0.0,0.0,0.0,0.0
2026-09-30T01:56:37.221 -0.15000000596046448,0.0,0.0,0.0,0.0,0.0
2026-09-30T01:56:37.271 -0.15000000596046448,0.0,0.0,0.0,0.0,0.0
2026-09-30T01:56:37.323 -0.15000000596046448,0.0,0.0,0.0,0.0,0.0
2026-09-30T01:56:37.371 -0.15000000596046448,0.0,0.0,0.0,0.0,0.0
2026-09-30T01:56:37.422 -0.15000000596046448,0.0,0.0,0.0,0.0,0.0
2026-09-30T01:56:37.472 -0.15000000596046448,0.0,0.0,0.0,0.0,0.0
2026-09-30T01:56:37.522 -0.15000000596046448,0.0,0.0,0.0,0.0,0.0
2026-09-30T01:56:37.572 -0.15000000596046448,0.0,0.0,0.0,0.0,0.0
2026-09-30T01:56:37.621 -0.15000000596046448,0.0,0.0,0.0,0.0,0.0
2026-09-30T01:56:37.672 -0.15000000596046448,0.0,0.0,0.0,0.0,0.0
2026-09-30T01:56:37.722 -0.15000000596046448,0.0,0.0,0.0,0.0,0.0
2026-09-30T01:56:37.772 -0.15000000596046448,0.0,0.0,0.0,0.0,0.0
2026-09-30T01:56:37.822 -0.15000000596046448,0.0,0.0,0.0,0.0,0.0
2026-09-30T01:56:37.871 -0.15000000596046448,0.0,0.0,0.0,0.0,0.0
2026-09-30T01:56:37.924 -0.15000000596046448,0.0,0.0,0.0,0.0,0.0
2026-09-30T01:56:37.982 -0.15000000596046448,0.0,0.0,0.0,0.0,0.0
2026-09-30T01:56:38.021 -0.15000000596046448,0.0,0.0,0.0,0.0,0.0
2026-09-30T01:56:38.083 -0.15000000596046448,0.0,0.0,0.0,0.0,0.0
2026-09-30T01:56:38.121 -0.15000000596046448,0.0,0.0,0.0,0.0,0.0
2026-09-30T01:56:38.171 -0.15000000596046448,0.0,0.0,0.0,0.0,0.0
2026-09-30T01:56:38.221 -0.15000000596046448,0.0,0.0,0.0,0.0,0.0
2026-09-30T01:56:38.271 -0.15000000596046448,0.0,0.0,0.0,0.0,0.0
2026-09-30T01:56:38.321 -0.15000000596046448,0.0,0.0,0.0,0.0,0.0
2026-09-30T01:56:38.371 -0.15000000596046448,0.0,0.0,0.0,0.0,0.0
2026-09-30T01:56:38.423 -0.15000000596046448,0.0,0.0,0.0,0.0,0.0
2026-09-30T01:56:38.472 -0.15000000596046448,0.0,0.0,0.0,0.0,0.0
2026-09-30T01:56:38.521 -0.15000000596046448,0.0,0.0,0.0,0.0,0.0
2026-09-30T01:56:38.571 -0.15000000596046448,0.0,0.0,0.0,0.0,0.0
2026-09-30T01:56:38.621 -0.15000000596046448,0.0,0.0,0.0,0.0,0.0
2026-09-30T01:56:38.671 -0.15000000596046448,0.0,0.0,0.0,0.0,0.0
2026-09-30T01:56:38.721 -0.15000000596046448,0.0,0.0,0.0,0.0,0.0
2026-09-30T01:56:38.772 -0.15000000596046448,0.0,0.0,0.0,0.0,0.0
2026-09-30T01:56:38.821 -0.15000000596046448,0.0,0.0,0.0,0.0,0.0
2026-09-30T01:56:38.871 -0.15000000596046448,0.0,0.0,0.0,0.0,0.0
2026-09-30T01:56:38.921 -0.15000000596046448,0.0,0.0,0.0,0.0,0.0
2026-09-30T01:56:38.982 -0.15000000596046448,0.0,0.0,0.0,0.0,0.0
2026-09-30T01:56:39.022 -0.15000000596046448,0.0,0.0,0.0,0.0,0.0
2026-09-30T01:56:39.072 -0.15000000596046448,0.0,0.0,0.0,0.0,0.0
2026-09-30T01:56:39.121 -0.15000000596046448,0.0,0.0,0.0,0.0,0.0
2026-09-30T01:56:39.171 -0.15000000596046448,0.0,0.0,0.0,0.0,0.0
2026-09-30T01:56:39.222 -0.15000000596046448,0.0,0.0,0.0,0.0,0.0
2026-09-30T01:56:39.272 -0.15000000596046448,0.0,0.0,0.0,0.0,0.0
2026-09-30T01:56:39.321 -0.15000000596046448,0.0,0.0,0.0,0.0,0.0
2026-09-30T01:56:40.237 -0.15000000596046448,0.0,0.0,0.0,0.0,0.0
2026-09-30T01:56:40.288 -0.15000000596046448,0.0,0.0,0.0,0.0,0.0
2026-09-30T01:56:41.534 -0.15000000596046448,0.0,0.0,0.0,0.0,0.0
2026-09-30T01:56:41.584 -0.15000000596046448,0.0,0.0,0.0,0.0,0.0
2026-09-30T01:56:41.634 -0.15000000596046448,0.0,0.0,0.0,0.0,0.0
2026-09-30T01:56:41.684 -0.15000000596046448,0.0,0.0,0.0,0.0,0.0
2026-09-30T01:56:41.734 -0.15000000596046448,0.0,0.0,0.0,0.0,0.0
2026-09-30T01:56:41.785 -0.15000000596046448,0.0,0.0,0.0,0.0,0.0
2026-09-30T01:56:41.834 -0.15000000596046448,0.0,0.0,0.0,0.0,0.0
2026-09-30T01:56:41.884 -0.15000000596046448,0.0,0.0,0.0,0.0,0.0
2026-09-30T01:56:41.934 -0.15000000596046448,0.0,0.0,0.0,0.0,0.0
2026-09-30T01:56:41.994 -0.15000000596046448,0.0,0.0,0.0,0.0,0.0
2026-09-30T01:56:42.034 -0.15000000596046448,0.0,0.0,0.0,0.0,0.0
2026-09-30T01:56:42.084 -0.15000000596046448,0.0,0.0,0.0,0.0,0.0
2026-09-30T01:56:42.134 -0.15000000596046448,0.0,0.0,0.0,0.0,0.0
2026-09-30T01:56:42.184 -0.15000000596046448,0.0,0.0,0.0,0.0,0.0
2026-09-30T01:56:42.234 -0.025000005960464478,0.0,0.0,0.0,0.0,0.0
2026-09-30T01:56:42.284 0.0,0.0,0.0,0.0,0.0,0.0
2026-09-30T01:56:42.334 0.0,0.0,0.0,0.0,0.0,0.0
2026-09-30T01:56:42.384 0.0,0.0,0.0,0.0,0.0,0.0
2026-09-30T01:56:42.434 0.0,0.0,0.0,0.0,0.0,0.0
2026-09-30T01:56:42.484 0.0,0.0,0.0,0.0,0.0,0.0
2026-09-30T01:56:42.534 0.0,0.0,0.0,0.0,0.0,0.0
2026-09-30T01:56:42.584 0.0,0.0,0.0,0.0,0.0,0.0
2026-09-30T01:56:42.634 0.0,0.0,0.0,0.0,0.0,0.0
2026-09-30T01:56:42.684 0.0,0.0,0.0,0.0,0.0,0.0
2026-09-30T01:56:42.734 0.0,0.0,0.0,0.0,0.0,0.0
2026-09-30T01:56:42.784 0.0,0.0,0.0,0.0,0.0,0.0
2026-09-30T01:56:42.834 0.0,0.0,0.0,0.0,0.0,0.0
2026-09-30T01:56:42.884 0.0,0.0,0.0,0.0,0.0,0.0
2026-09-30T01:56:42.944 0.0,0.0,0.0,0.0,0.0,0.0
2026-09-30T01:56:42.984 0.0,0.0,0.0,0.0,0.0,0.0
2026-09-30T01:56:43.034 0.0,0.0,0.0,0.0,0.0,0.0
2026-09-30T01:56:43.086 0.0,0.0,0.0,0.0,0.0,0.0
2026-09-30T01:56:43.134 0.0,0.0,0.0,0.0,0.0,0.0
2026-09-30T01:56:43.184 0.0,0.0,0.0,0.0,0.0,0.0
2026-09-30T01:56:43.234 0.0,0.0,0.0,0.0,0.0,0.0
2026-09-30T01:56:43.284 0.0,0.0,0.0,0.0,0.0,0.0
2026-09-30T01:56:43.334 0.0,0.0,0.0,0.0,0.0,0.0
2026-09-30T01:56:43.384 0.0,0.0,0.0,0.0,0.0,0.0
2026-09-30T01:56:43.434 0.0,0.0,0.0,0.0,0.0,0.0
2026-09-30T01:56:43.484 0.0,0.0,0.0,0.0,0.0,0.0
2026-09-30T01:56:43.534 0.0,0.0,0.0,0.0,0.0,0.0
2026-09-30T01:56:43.584 0.0,0.0,0.0,0.0,0.0,0.0
2026-09-30T01:56:43.634 0.0,0.0,0.0,0.0,0.0,0.0
2026-09-30T01:56:43.684 0.0,0.0,0.0,0.0,0.0,0.0
2026-09-30T01:56:43.744 0.0,0.0,0.0,0.0,0.0,0.0
2026-09-30T01:56:43.784 0.0,0.0,0.0,0.0,0.0,0.0
2026-09-30T01:56:43.834 0.0,0.0,0.0,0.0,0.0,0.0
2026-09-30T01:56:43.896 0.0,0.0,0.0,0.0,0.0,0.0
2026-09-30T01:56:43.934 0.0,0.0,0.0,0.0,0.0,0.0
2026-09-30T01:56:43.994 0.0,0.0,0.0,0.0,0.0,0.0
2026-09-30T01:56:44.034 0.0,0.0,0.0,0.0,0.0,0.0
2026-09-30T01:56:44.084 0.0,0.0,0.0,0.0,0.0,0.0
2026-09-30T01:56:44.134 0.0,0.0,0.0,0.0,0.0,0.0
2026-09-30T01:56:44.184 0.0,0.0,0.0,0.0,0.0,0.0
2026-09-30T01:56:44.234 0.0,0.0,0.0,0.0,0.0,0.0
2026-09-30T01:56:44.285 0.0,0.0,0.0,0.0,0.0,0.0
2026-09-30T01:56:44.334 0.0,0.0,0.0,0.0,0.0,0.0
2026-09-30T01:56:44.384 0.0,0.0,0.0,0.0,0.0,0.0
2026-09-30T01:56:44.434 0.0,0.0,0.0,0.0,0.0,0.0
2026-09-30T01:56:44.485 0.0,0.0,0.0,0.0,0.0,0.0
2026-09-30T01:56:44.534 0.0,0.0,0.0,0.0,0.0,0.0
2026-09-30T01:56:44.584 0.0,0.0,0.0,0.0,0.0,0.0
2026-09-30T01:56:44.634 0.0,0.0,0.0,0.0,0.0,0.0
2026-09-30T01:56:44.684 0.0,0.0,0.0,0.0,0.0,0.0
2026-09-30T01:56:44.734 0.0,0.0,0.0,0.0,0.0,0.0
2026-09-30T01:56:44.784 0.0,0.0,0.0,0.0,0.0,0.0
2026-09-30T01:56:44.834 0.0,0.0,0.0,0.0,0.0,0.16
2026-09-30T01:56:44.884 0.0,0.0,0.0,0.0,0.0,0.32
2026-09-30T01:56:44.944 0.0,0.0,0.0,0.0,0.0,0.48
2026-09-30T01:56:44.984 0.0,0.0,0.0,0.0,0.0,0.64
2026-09-30T01:56:45.034 0.0,0.0,0.0,0.0,0.0,0.7
2026-09-30T01:56:45.084 0.0,0.0,0.0,0.0,0.0,0.7
2026-09-30T01:56:45.134 0.0,0.0,0.0,0.0,0.0,0.7
2026-09-30T01:56:45.186 0.0,0.0,0.0,0.0,0.0,0.7
2026-09-30T01:56:45.234 0.0,0.0,0.0,0.0,0.0,0.7
2026-09-30T01:56:45.284 0.0,0.0,0.0,0.0,0.0,0.7
2026-09-30T01:56:45.334 0.0,0.0,0.0,0.0,0.0,0.7
2026-09-30T01:56:45.384 0.0,0.0,0.0,0.0,0.0,0.7
2026-09-30T01:56:45.434 0.0,0.0,0.0,0.0,0.0,0.7
2026-09-30T01:56:45.484 0.0,0.0,0.0,0.0,0.0,0.7
2026-09-30T01:56:45.534 0.0,0.0,0.0,0.0,0.0,0.7
2026-09-30T01:56:45.584 0.0,0.0,0.0,0.0,0.0,0.7
2026-09-30T01:56:45.634 0.0,0.0,0.0,0.0,0.0,0.7
2026-09-30T01:56:45.684 0.0,0.0,0.0,0.0,0.0,0.7
2026-09-30T01:56:45.734 0.0,0.0,0.0,0.0,0.0,0.7
2026-09-30T01:56:45.784 0.0,0.0,0.0,0.0,0.0,0.7
2026-09-30T01:56:45.834 0.0,0.0,0.0,0.0,0.0,0.7
2026-09-30T01:56:45.884 0.0,0.0,0.0,0.0,0.0,0.7
2026-09-30T01:56:45.934 0.0,0.0,0.0,0.0,0.0,0.7
2026-09-30T01:56:45.994 0.0,0.0,0.0,0.0,0.0,0.7
2026-09-30T01:56:46.034 0.0,0.0,0.0,0.0,0.0,0.7
2026-09-30T01:56:46.094 0.0,0.0,0.0,0.0,0.0,0.7
2026-09-30T01:56:46.134 0.0,0.0,0.0,0.0,0.0,0.7
2026-09-30T01:56:46.184 0.0,0.0,0.0,0.0,0.0,0.7
2026-09-30T01:56:46.234 0.0,0.0,0.0,0.0,0.0,0.7
2026-09-30T01:56:46.284 0.0,0.0,0.0,0.0,0.0,0.7
2026-09-30T01:56:46.334 0.0,0.0,0.0,0.0,0.0,0.7
2026-09-30T01:56:46.384 0.0,0.0,0.0,0.0,0.0,0.7
2026-09-30T01:56:46.434 0.0,0.0,0.0,0.0,0.0,0.7
2026-09-30T01:56:46.484 0.0,0.0,0.0,0.0,0.0,0.7
2026-09-30T01:56:46.534 0.0,0.0,0.0,0.0,0.0,0.7
2026-09-30T01:56:46.584 0.0,0.0,0.0,0.0,0.0,0.7
2026-09-30T01:56:46.634 0.0,0.0,0.0,0.0,0.0,0.7
2026-09-30T01:56:46.685 0.0,0.0,0.0,0.0,0.0,0.7
2026-09-30T01:56:46.734 0.0,0.0,0.0,0.0,0.0,0.7
2026-09-30T01:56:46.784 0.0,0.0,0.0,0.0,0.0,0.7
2026-09-30T01:56:46.834 0.0,0.0,0.0,0.0,0.0,0.7
2026-09-30T01:56:46.884 0.0,0.0,0.0,0.0,0.0,0.7
2026-09-30T01:56:46.934 0.0,0.0,0.0,0.0,0.0,0.7
2026-09-30T01:56:46.984 0.0,0.0,0.0,0.0,0.0,0.7
2026-09-30T01:56:47.034 0.0,0.0,0.0,0.0,0.0,0.7
2026-09-30T01:56:47.084 0.0,0.0,0.0,0.0,0.0,0.7
2026-09-30T01:56:47.135 0.0,0.0,0.0,0.0,0.0,0.7
2026-09-30T01:56:47.184 0.0,0.0,0.0,0.0,0.0,0.7
2026-09-30T01:56:47.234 0.0,0.0,0.0,0.0,0.0,0.7
2026-09-30T01:56:47.284 0.0,0.0,0.0,0.0,0.0,0.7
2026-09-30T01:56:47.334 0.0,0.0,0.0,0.0,0.0,0.7
2026-09-30T01:56:47.384 0.0,0.0,0.0,0.0,0.0,0.7
2026-09-30T01:56:47.434 0.0,0.0,0.0,0.0,0.0,0.7
2026-09-30T01:56:47.484 0.0,0.0,0.0,0.0,0.0,0.7
2026-09-30T01:56:47.534 0.0,0.0,0.0,0.0,0.0,0.7
2026-09-30T01:56:47.584 0.0,0.0,0.0,0.0,0.0,0.7
2026-09-30T01:56:47.634 0.0,0.0,0.0,0.0,0.0,0.7
2026-09-30T01:56:47.684 0.0,0.0,0.0,0.0,0.0,0.7
2026-09-30T01:56:47.734 0.0,0.0,0.0,0.0,0.0,0.7
2026-09-30T01:56:47.784 0.0,0.0,0.0,0.0,0.0,0.7
2026-09-30T01:56:47.834 0.0,0.0,0.0,0.0,0.0,0.7
2026-09-30T01:56:47.884 0.0,0.0,0.0,0.0,0.0,0.7
2026-09-30T01:56:47.934 0.0,0.0,0.0,0.0,0.0,0.7
2026-09-30T01:56:47.984 0.0,0.0,0.0,0.0,0.0,0.7
2026-09-30T01:56:48.034 0.0,0.0,0.0,0.0,0.0,0.7
2026-09-30T01:56:48.084 0.0,0.0,0.0,0.0,0.0,0.7
2026-09-30T01:56:48.134 0.0,0.0,0.0,0.0,0.0,0.7
2026-09-30T01:56:48.184 0.0,0.0,0.0,0.0,0.0,0.7
2026-09-30T01:56:48.236 0.0,0.0,0.0,0.0,0.0,0.7
2026-09-30T01:56:48.284 0.0,0.0,0.0,0.0,0.0,0.7
2026-09-30T01:56:48.334 0.0,0.0,0.0,0.0,0.0,0.7
2026-09-30T01:56:48.384 0.0,0.0,0.0,0.0,0.0,0.7
2026-09-30T01:56:48.434 0.0,0.0,0.0,0.0,0.0,0.7
2026-09-30T01:56:48.484 0.0,0.0,0.0,0.0,0.0,0.7
2026-09-30T01:56:48.534 0.0,0.0,0.0,0.0,0.0,0.7
2026-09-30T01:56:48.584 0.0,0.0,0.0,0.0,0.0,0.7
2026-09-30T01:56:48.634 0.0,0.0,0.0,0.0,0.0,0.7
2026-09-30T01:56:48.684 0.0,0.0,0.0,0.0,0.0,0.7
2026-09-30T01:56:48.736 0.0,0.0,0.0,0.0,0.0,0.7
2026-09-30T01:56:48.784 0.0,0.0,0.0,0.0,0.0,0.7
2026-09-30T01:56:48.834 0.0,0.0,0.0,0.0,0.0,0.7
2026-09-30T01:56:48.884 0.0,0.0,0.0,0.0,0.0,0.7
2026-09-30T01:56:48.934 0.0,0.0,0.0,0.0,0.0,0.7
2026-09-30T01:56:48.984 0.0,0.0,0.0,0.0,0.0,0.7
2026-09-30T01:56:49.034 0.0,0.0,0.0,0.0,0.0,0.7
2026-09-30T01:56:49.084 0.0,0.0,0.0,0.0,0.0,0.7
2026-09-30T01:56:49.135 0.0,0.0,0.0,0.0,0.0,0.7
2026-09-30T01:56:49.184 0.0,0.0,0.0,0.0,0.0,0.7
2026-09-30T01:56:49.234 0.0,0.0,0.0,0.0,0.0,0.7
2026-09-30T01:56:49.284 0.0,0.0,0.0,0.0,0.0,0.7
2026-09-30T01:56:49.334 0.0,0.0,0.0,0.0,0.0,0.7
2026-09-30T01:56:49.394 0.0,0.0,0.0,0.0,0.0,0.7
2026-09-30T01:56:49.434 0.0,0.0,0.0,0.0,0.0,0.7
2026-09-30T01:56:49.484 0.0,0.0,0.0,0.0,0.0,0.7
2026-09-30T01:56:49.534 0.0,0.0,0.0,0.0,0.0,0.7
2026-09-30T01:56:49.584 0.0,0.0,0.0,0.0,0.0,0.7
2026-09-30T01:56:49.634 0.0,0.0,0.0,0.0,0.0,0.7
2026-09-30T01:56:49.684 0.0,0.0,0.0,0.0,0.0,0.7
2026-09-30T01:56:49.734 0.0,0.0,0.0,0.0,0.0,0.7
2026-09-30T01:56:49.784 0.0,0.0,0.0,0.0,0.0,0.7
2026-09-30T01:56:49.835 0.0,0.0,0.0,0.0,0.0,0.7
2026-09-30T01:56:49.884 0.0,0.0,0.0,0.0,0.0,0.7
2026-09-30T01:56:49.934 0.0,0.0,0.0,0.0,0.0,0.7
2026-09-30T01:56:49.984 0.0,0.0,0.0,0.0,0.0,0.7
2026-09-30T01:56:50.034 0.0,0.0,0.0,0.0,0.0,0.7
2026-09-30T01:56:50.084 0.0,0.0,0.0,0.0,0.0,0.7
2026-09-30T01:56:50.134 0.0,0.0,0.0,0.0,0.0,0.7
2026-09-30T01:56:50.184 0.0,0.0,0.0,0.0,0.0,0.7
2026-09-30T01:56:50.234 0.0,0.0,0.0,0.0,0.0,0.7
2026-09-30T01:56:50.284 0.0,0.0,0.0,0.0,0.0,0.7
2026-09-30T01:56:50.334 0.0,0.0,0.0,0.0,0.0,0.7
2026-09-30T01:56:50.384 0.0,0.0,0.0,0.0,0.0,0.7
2026-09-30T01:56:50.434 0.0,0.0,0.0,0.0,0.0,0.7
2026-09-30T01:56:50.484 0.0,0.0,0.0,0.0,0.0,0.7
2026-09-30T01:56:50.534 0.0,0.0,0.0,0.0,0.0,0.7
2026-09-30T01:56:50.584 0.0,0.0,0.0,0.0,0.0,0.7
2026-09-30T01:56:50.634 0.0,0.0,0.0,0.0,0.0,0.7
2026-09-30T01:56:50.684 0.0,0.0,0.0,0.0,0.0,0.7
2026-09-30T01:56:50.734 0.0,0.0,0.0,0.0,0.0,0.7
2026-09-30T01:56:50.784 0.0,0.0,0.0,0.0,0.0,0.7
2026-09-30T01:56:50.834 0.0,0.0,0.0,0.0,0.0,0.7
2026-09-30T01:56:50.884 0.0,0.0,0.0,0.0,0.0,0.7
2026-09-30T01:56:50.934 0.0,0.0,0.0,0.0,0.0,0.7
2026-09-30T01:56:50.984 0.0,0.0,0.0,0.0,0.0,0.7
2026-09-30T01:56:51.034 0.0,0.0,0.0,0.0,0.0,0.7
2026-09-30T01:56:51.084 0.0,0.0,0.0,0.0,0.0,0.7
2026-09-30T01:56:51.134 0.0,0.0,0.0,0.0,0.0,0.7
2026-09-30T01:56:51.184 0.0,0.0,0.0,0.0,0.0,0.7
2026-09-30T01:56:51.234 0.0,0.0,0.0,0.0,0.0,0.7
2026-09-30T01:56:51.284 0.0,0.0,0.0,0.0,0.0,0.7
2026-09-30T01:56:51.334 0.0,0.0,0.0,0.0,0.0,0.7
2026-09-30T01:56:51.384 0.0,0.0,0.0,0.0,0.0,0.7
2026-09-30T01:56:51.434 0.0,0.0,0.0,0.0,0.0,0.7
2026-09-30T01:56:51.484 0.0,0.0,0.0,0.0,0.0,0.7
2026-09-30T01:56:51.534 0.0,0.0,0.0,0.0,0.0,0.7
2026-09-30T01:56:51.584 0.0,0.0,0.0,0.0,0.0,0.7
2026-09-30T01:56:51.634 0.0,0.0,0.0,0.0,0.0,0.7
2026-09-30T01:56:51.694 0.0,0.0,0.0,0.0,0.0,0.7
2026-09-30T01:56:51.735 0.0,0.0,0.0,0.0,0.0,0.7
2026-09-30T01:56:51.784 0.0,0.0,0.0,0.0,0.0,0.7
2026-09-30T01:56:51.834 0.0,0.0,0.0,0.0,0.0,0.7
2026-09-30T01:56:51.884 0.0,0.0,0.0,0.0,0.0,0.7
2026-09-30T01:56:51.934 0.0,0.0,0.0,0.0,0.0,0.7
2026-09-30T01:56:51.984 0.0,0.0,0.0,0.0,0.0,0.7
2026-09-30T01:56:52.034 0.0,0.0,0.0,0.0,0.0,0.5540665585938572
2026-09-30T01:56:52.084 0.0,0.0,0.0,0.0,0.0,0.5540665585938572
2026-09-30T01:56:52.134 0.0,0.0,0.0,0.0,0.0,0.5540665585938572
2026-09-30T01:56:52.184 0.0,0.0,0.0,0.0,0.0,0.5540665585938572
2026-09-30T01:56:52.234 0.0,0.0,0.0,0.0,0.0,0.4
2026-09-30T01:56:52.284 0.0,0.0,0.0,0.0,0.0,0.4
2026-09-30T01:56:52.334 0.0,0.0,0.0,0.0,0.0,0.4
2026-09-30T01:56:52.384 0.0,0.0,0.0,0.0,0.0,0.4
2026-09-30T01:56:52.434 0.0,0.0,0.0,0.0,0.0,0.24000000000000002
2026-09-30T01:56:52.484 0.0,0.0,0.0,0.0,0.0,0.08000000000000002
2026-09-30T01:56:52.534 0.0,0.0,0.0,0.0,0.0,0.0
2026-09-30T01:56:52.584 0.0,0.0,0.0,0.0,0.0,0.0
2026-09-30T01:56:52.634 0.0,0.0,0.0,0.0,0.0,0.0
2026-09-30T01:56:52.694 0.0,0.0,0.0,0.0,0.0,0.0
2026-09-30T01:56:52.734 0.0,0.0,0.0,0.0,0.0,0.0
2026-09-30T01:56:52.784 0.0,0.0,0.0,0.0,0.0,0.0
2026-09-30T01:56:52.834 0.0,0.0,0.0,0.0,0.0,0.0
2026-09-30T01:56:52.884 0.0,0.0,0.0,0.0,0.0,0.0
2026-09-30T01:56:52.934 0.0,0.0,0.0,0.0,0.0,0.0
2026-09-30T01:56:52.984 0.0,0.0,0.0,0.0,0.0,0.0
2026-09-30T01:56:53.034 0.0,0.0,0.0,0.0,0.0,0.0
2026-09-30T01:56:53.096 0.0,0.0,0.0,0.0,0.0,0.0
2026-09-30T01:56:53.134 0.0,0.0,0.0,0.0,0.0,0.0
2026-09-30T01:56:53.195 0.0,0.0,0.0,0.0,0.0,0.0
2026-09-30T01:56:53.234 0.0,0.0,0.0,0.0,0.0,0.0
2026-09-30T01:56:53.284 0.0,0.0,0.0,0.0,0.0,0.0
2026-09-30T01:56:53.334 0.0,0.0,0.0,0.0,0.0,0.0
2026-09-30T01:56:53.384 0.0,0.0,0.0,0.0,0.0,0.0
2026-09-30T01:56:53.434 0.0,0.0,0.0,0.0,0.0,0.0
2026-09-30T01:56:53.484 0.0,0.0,0.0,0.0,0.0,0.0
2026-09-30T01:56:53.534 0.0,0.0,0.0,0.0,0.0,0.0
2026-09-30T01:56:53.584 0.0,0.0,0.0,0.0,0.0,0.0
2026-09-30T01:56:53.634 0.0,0.0,0.0,0.0,0.0,0.0
2026-09-30T01:56:53.684 0.0,0.0,0.0,0.0,0.0,0.0
2026-09-30T01:56:53.734 0.0,0.0,0.0,0.0,0.0,0.0
2026-09-30T01:56:53.784 0.0,0.0,0.0,0.0,0.0,0.0
2026-09-30T01:56:53.834 0.0,0.0,0.0,0.0,0.0,0.0
2026-09-30T01:56:53.884 0.0,0.0,0.0,0.0,0.0,0.0
2026-09-30T01:56:53.934 0.0,0.0,0.0,0.0,0.0,0.0
2026-09-30T01:56:53.984 0.0,0.0,0.0,0.0,0.0,0.0
2026-09-30T01:56:54.034 0.0,0.0,0.0,0.0,0.0,0.0
2026-09-30T01:56:54.084 0.0,0.0,0.0,0.0,0.0,0.0
2026-09-30T01:56:54.134 0.0,0.0,0.0,0.0,0.0,0.0
2026-09-30T01:56:54.184 0.0,0.0,0.0,0.0,0.0,0.0
2026-09-30T01:56:54.234 0.0,0.0,0.0,0.0,0.0,0.0
2026-09-30T01:56:54.284 0.0,0.0,0.0,0.0,0.0,0.0
2026-09-30T01:56:54.334 0.0,0.0,0.0,0.0,0.0,0.0
2026-09-30T01:56:54.394 0.0,0.0,0.0,0.0,0.0,0.0
2026-09-30T01:56:54.434 0.0,0.0,0.0,0.0,0.0,0.0
2026-09-30T01:56:54.484 0.0,0.0,0.0,0.0,0.0,0.0
2026-09-30T01:56:54.534 0.0,0.0,0.0,0.0,0.0,0.0
2026-09-30T01:56:54.584 0.0,0.0,0.0,0.0,0.0,0.0
2026-09-30T01:56:54.634 0.0,0.0,0.0,0.0,0.0,0.0
2026-09-30T01:56:54.684 0.0,0.0,0.0,0.0,0.0,0.0
2026-09-30T01:56:54.734 0.0,0.0,0.0,0.0,0.0,0.0
2026-09-30T01:56:54.784 0.0,0.0,0.0,0.0,0.0,0.0
2026-09-30T01:56:54.834 0.0,0.0,0.0,0.0,0.0,0.0
2026-09-30T01:56:54.884 0.0,0.0,0.0,0.0,0.0,0.0
2026-09-30T01:56:54.934 0.0,0.0,0.0,0.0,0.0,0.0
2026-09-30T01:56:54.984 0.0,0.0,0.0,0.0,0.0,0.0
2026-09-30T01:56:55.034 0.0,0.0,0.0,0.0,0.0,0.0
2026-09-30T01:56:55.084 0.0,0.0,0.0,0.0,0.0,0.0
