2026-10-03T09:45:36.175 9,0,map,-6.03599637015481,-1.0060833379772274,0.0,0.0,0.0,-0.971333828499355,0.2377195692676258,0.013678286984443844,0.0024866227233575344,0.0,0.0,0.0,0.0,0.0024866227233584226,0.000578589629025128,0.0,0.0,0.0,0.0,0.0,0.0,0.0,0.0,0.0,0.0,0.0,0.0,0.0,0.0,0.0,0.0,0.0,0.0,0.0,0.0,0.0,0.0,0.0,0.0,0.0,0.0,0.0,0.014231008678259823
2026-10-03T09:45:44.941 11,200000000,map,-6.122691654542778,-1.0648023383563392,0.0,0.0,0.0,-0.9334344736872204,0.35874793843625324,0.023524106047325688,0.012415922780391497,0.0,0.0,0.0,0.0,0.012415922780391497,0.011508857931986194,0.0,0.0,0.0,0.0,0.0,0.0,0.0,0.0,0.0,0.0,0.0,0.0,0.0,0.0,0.0,0.0,0.0,0.0,0.0,0.0,0.0,0.0,0.0,0.0,0.0,0.0,0.0,0.024868390286592528
2026-10-03T09:48:10.893 48,800000000,map,-6.167077895395757,-1.1119688896998638,0.0,0.0,0.0,-0.7266303505879168,0.6870286264810812,0.028914495427336817,0.02155725489913518,0.0,0.0,0.0,0.0,0.02155725489913518,0.030487928459364877,0.0,0.0,0.0,0.0,0.0,0.0,0.0,0.0,0.0,0.0,0.0,0.0,0.0,0.0,0.0,0.0,0.0,0.0,0.0,0.0,0.0,0.0,0.0,0.0,0.0,0.0,0.0,0.04636058805828728
2026-10-03T09:48:15.490 50,0,map,-6.1770371778556985,-1.131403212366876,0.0,0.0,0.0,-0.43212065890114565,0.9018157994573169,0.027280917885327938,0.013800261897557675,0.0,0.0,0.0,0.0,0.013800261897557675,0.05760491158328973,0.0,0.0,0.0,0.0,0.0,0.0,0.0,0.0,0.0,0.0,0.0,0.0,0.0,0.0,0.0,0.0,0.0,0.0,0.0,0.0,0.0,0.0,0.0,0.0,0.0,0.0,0.0,0.036476804214813696
2026-10-03T09:48:20.468 51,300000000,map,-5.820986074302122,-1.342430812290392,0.0,0.0,0.0,-0.13117387780920728,0.9913593767047827,0.06199313939676898,0.005659543629123576,0.0,0.0,0.0,0.0,0.005659543629121799,0.06686402797102553,0.0,0.0,0.0,0.0,0.0,0.0,0.0,0.0,0.0,0.0,0.0,0.0,0.0,0.0,0.0,0.0,0.0,0.0,0.0,0.0,0.0,0.0,0.0,0.0,0.0,0.0,0.0,0.043987042818806894
2026-10-03T09:48:25.166 52,500000000,map,-4.930044596616816,-1.2901851407995273,0.0,0.0,0.0,0.08099214095940385,0.9967147400850517,0.12494795848576601,0.013768044844837846,0.0,0.0,0.0,0.0,0.013768044844838734,0.09675015085090433,0.0,0.0,0.0,0.0,0.0,0.0,0.0,0.0,0.0,0.0,0.0,0.0,0.0,0.0,0.0,0.0,0.0,0.0,0.0,0.0,0.0,0.0,0.0,0.0,0.0,0.0,0.0,0.09223503097938418
2026-10-03T09:48:29.640 53,700000000,map,-4.003128186343875,-1.0267218975771997,0.0,0.0,0.0,0.044678215390080496,0.9990014299637201,0.16857645624411077,0.02347449504884569,0.0,0.0,0.0,0.0,0.02347449504884569,0.10267618479691976,0.0,0.0,0.0,0.0,0.0,0.0,0.0,0.0,0.0,0.0,0.0,0.0,0.0,0.0,0.0,0.0,0.0,0.0,0.0,0.0,0.0,0.0,0.0,0.0,0.0,0.0,0.0,0.09389852487401219
2026-10-03T09:48:33.711 54,900000000,map,-3.0833299730482002,-1.1113431291730511,0.0,0.0,0.0,-0.13218461307567714,0.9912251147272417,0.20394661958401628,0.015508638720219015,0.0,0.0,0.0,0.0,0.015508638720219015,0.09033172140092938,0.0,0.0,0.0,0.0,0.0,0.0,0.0,0.0,0.0,0.0,0.0,0.0,0.0,0.0,0.0,0.0,0.0,0.0,0.0,0.0,0.0,0.0,0.0,0.0,0.0,0.0,0.0,0.07083963460017643
2026-10-03T09:48:38.396 56,100000000,map,-2.1481077830888498,-1.1728121139577237,0.0,0.0,0.0,0.05067374473502676,0.9987152605194983,0.24652372527002964,0.015912298757133847,0.0,0.0,0.0,0.0,0.015912298757133847,0.08147259677158192,0.0,0.0,0.0,0.0,0.0,0.0,0.0,0.0,0.0,0.0,0.0,0.0,0.0,0.0,0.0,0.0,0.0,0.0,0.0,0.0,0.0,0.0,0.0,0.0,0.0,0.0,0.0,0.08435649917866
2026-10-03T09:48:42.941 57,300000000,map,-1.207437398916765,-0.933776340977838,0.0,0.0,0.0,0.060683639581034954,0.9981570497107152,0.26698358774119013,0.015453083363805575,0.0,0.0,0.0,0.0,0.015453083363805575,0.055934536739040586,0.0,0.0,0.0,0.0,0.0,0.0,0.0,0.0,0.0,0.0,0.0,0.0,0.0,0.0,0.0,0.0,0.0,0.0,0.0,0.0,0.0,0.0,0.0,0.0,0.0,0.0,0.0,0.06819588327213538
2026-10-03T09:48:49.489 59,0,map,-0.4067915253612968,-0.9641397804901756,0.0,0.0,0.0,-0.11156710794246666,0.9937569020768379,0.2938857884544802,0.025009227955702207,0.0,0.0,0.0,0.0,0.025009227955702207,0.061016676373568,0.0,0.0,0.0,0.0,0.0,0.0,0.0,0.0,0.0,0.0,0.0,0.0,0.0,0.0,0.0,0.0,0.0,0.0,0.0,0.0,0.0,0.0,0.0,0.0,0.0,0.0,0.0,0.05825265242221519
