2026-09-30T00:47:07.817 0.0,0.0,0.0,0.0,0.0,0.03684210526315797
2026-09-30T00:47:07.866 0.0,0.0,0.0,0.0,0.0,0.03684210526315797
2026-09-30T00:47:07.916 0.0,0.0,0.0,0.0,0.0,0.03684210526315797
2026-09-30T00:47:07.967 0.0,0.0,0.0,0.0,0.0,0.03684210526315797
2026-09-30T00:47:08.017 0.0,0.0,0.0,0.0,0.0,0.03684210526315797
2026-09-30T00:47:08.066 0.0,0.0,0.0,0.0,0.0,0.03684210526315797
2026-09-30T00:47:08.116 0.0,0.0,0.0,0.0,0.0,0.03684210526315797
2026-09-30T00:47:08.166 0.0,0.0,0.0,0.0,0.0,0.03684210526315797
2026-09-30T00:47:08.215 0.0,0.0,0.0,0.0,0.0,0.03684210526315797
2026-09-30T00:47:08.266 0.0,0.0,0.0,0.0,0.0,0.03684210526315797
2026-09-30T00:47:08.316 0.0,0.0,0.0,0.0,0.0,0.03684210526315797
2026-09-30T00:47:08.366 0.0,0.0,0.0,0.0,0.0,0.03684210526315797
2026-09-30T00:47:08.416 0.0,0.0,0.0,0.0,0.0,0.03684210526315797
2026-09-30T00:47:08.466 0.0,0.0,0.0,0.0,0.0,0.03684210526315797
2026-09-30T00:47:08.516 0.0,0.0,0.0,0.0,0.0,0.03684210526315797
2026-09-30T00:47:08.566 0.0,0.0,0.0,0.0,0.0,0.03684210526315797
2026-09-30T00:47:08.616 0.0,0.0,0.0,0.0,0.0,0.03684210526315797
2026-09-30T00:47:08.676 0.0,0.0,0.0,0.0,0.0,0.03684210526315797
2026-09-30T00:47:08.716 0.0,0.0,0.0,0.0,0.0,0.03684210526315797
2026-09-30T00:47:08.766 0.0,0.0,0.0,0.0,0.0,0.03684210526315797
2026-09-30T00:47:08.816 0.0,0.0,0.0,0.0,0.0,0.03684210526315797
2026-09-30T00:47:08.866 0.0,0.0,0.0,0.0,0.0,0.03684210526315797
2026-09-30T00:47:08.916 0.0,0.0,0.0,0.0,0.0,0.03684210526315797
2026-09-30T00:47:08.966 0.0,0.0,0.0,0.0,0.0,0.03684210526315797
2026-09-30T00:47:09.016 0.0,0.0,0.0,0.0,0.0,0.03684210526315797
2026-09-30T00:47:09.066 0.0,0.0,0.0,0.0,0.0,0.03684210526315797
2026-09-30T00:47:09.116 0.0,0.0,0.0,0.0,0.0,0.03684210526315797
2026-09-30T00:47:09.166 0.0,0.0,0.0,0.0,0.0,0.03684210526315797
2026-09-30T00:47:09.215 0.0,0.0,0.0,0.0,0.0,0.03684210526315797
2026-09-30T00:47:09.266 0.0,0.0,0.0,0.0,0.0,0.03684210526315797
2026-09-30T00:47:09.326 0.0,0.0,0.0,0.0,0.0,0.03684210526315797
2026-09-30T00:47:09.376 0.0,0.0,0.0,0.0,0.0,0.03684210526315797
2026-09-30T00:47:09.416 0.0,0.0,0.0,0.0,0.0,0.03684210526315797
2026-09-30T00:47:09.466 0.0,0.0,0.0,0.0,0.0,0.03684210526315797
2026-09-30T00:47:09.516 0.0,0.0,0.0,0.0,0.0,0.03684210526315797
2026-09-30T00:47:09.566 0.0,0.0,0.0,0.0,0.0,0.03684210526315797
2026-09-30T00:47:09.616 0.0,0.0,0.0,0.0,0.0,0.03684210526315797
2026-09-30T00:47:09.666 0.0,0.0,0.0,0.0,0.0,0.03684210526315797
2026-09-30T00:47:09.716 0.0,0.0,0.0,0.0,0.0,0.03684210526315797
2026-09-30T00:47:09.776 0.0,0.0,0.0,0.0,0.0,0.03684210526315797
2026-09-30T00:47:09.816 0.0,0.0,0.0,0.0,0.0,0.03684210526315797
2026-09-30T00:47:09.866 0.0,0.0,0.0,0.0,0.0,0.03684210526315797
2026-09-30T00:47:09.916 0.0,0.0,0.0,0.0,0.0,0.03684210526315797
2026-09-30T00:47:09.966 0.0,0.0,0.0,0.0,0.0,0.03684210526315797
2026-09-30T00:47:10.016 0.0,0.0,0.0,0.0,0.0,0.03684210526315797
2026-09-30T00:47:10.066 0.0,0.0,0.0,0.0,0.0,0.03684210526315797
2026-09-30T00:47:10.116 0.0,0.0,0.0,0.0,0.0,0.03684210526315797
2026-09-30T00:47:10.166 0.0,0.0,0.0,0.0,0.0,0.03684210526315797
2026-09-30T00:47:10.218 0.0,0.0,0.0,0.0,0.0,0.03684210526315797
2026-09-30T00:47:10.266 0.0,0.0,0.0,0.0,0.0,0.03684210526315797
2026-09-30T00:47:10.316 0.0,0.0,0.0,0.0,0.0,0.03684210526315797
2026-09-30T00:47:10.366 0.0,0.0,0.0,0.0,0.0,0.03684210526315797
2026-09-30T00:47:10.416 0.0,0.0,0.0,0.0,0.0,0.03684210526315797
2026-09-30T00:47:10.466 0.0,0.0,0.0,0.0,0.0,0.03684210526315797
2026-09-30T00:47:10.516 0.0,0.0,0.0,0.0,0.0,0.03684210526315797
2026-09-30T00:47:10.566 0.0,0.0,0.0,0.0,0.0,0.03684210526315797
2026-09-30T00:47:10.616 0.0,0.0,0.0,0.0,0.0,0.03684210526315797
2026-09-30T00:47:10.665 0.0,0.0,0.0,0.0,0.0,0.03684210526315797
2026-09-30T00:47:10.716 0.0,0.0,0.0,0.0,0.0,0.03684210526315797
2026-09-30T00:47:10.766 0.0,0.0,0.0,0.0,0.0,0.03684210526315797
2026-09-30T00:47:10.816 0.0,0.0,0.0,0.0,0.0,0.03684210526315797
2026-09-30T00:47:10.866 0.0,0.0,0.0,0.0,0.0,0.03684210526315797
2026-09-30T00:47:10.926 0.0,0.0,0.0,0.0,0.0,0.03684210526315797
2026-09-30T00:47:10.966 0.0,0.0,0.0,0.0,0.0,0.03684210526315797
2026-09-30T00:47:11.015 0.0,0.0,0.0,0.0,0.0,0.03684210526315797
2026-09-30T00:47:11.066 0.0,0.0,0.0,0.0,0.0,0.03684210526315797
2026-09-30T00:47:11.116 0.0,0.0,0.0,0.0,0.0,0.03684210526315797
2026-09-30T00:47:11.166 0.0,0.0,0.0,0.0,0.0,0.03684210526315797
2026-09-30T00:47:11.216 0.0,0.0,0.0,0.0,0.0,0.03684210526315797
2026-09-30T00:47:11.266 0.0,0.0,0.0,0.0,0.0,0.03684210526315797
2026-09-30T00:47:11.316 0.0,0.0,0.0,0.0,0.0,0.03684210526315797
2026-09-30T00:47:11.366 0.0,0.0,0.0,0.0,0.0,0.03684210526315797
2026-09-30T00:47:11.416 0.0,0.0,0.0,0.0,0.0,0.03684210526315797
2026-09-30T00:47:11.466 0.0,0.0,0.0,0.0,0.0,0.03684210526315797
2026-09-30T00:47:11.516 0.0,0.0,0.0,0.0,0.0,0.03684210526315797
2026-09-30T00:47:11.566 0.0,0.0,0.0,0.0,0.0,0.03684210526315797
2026-09-30T00:47:11.616 0.0,0.0,0.0,0.0,0.0,0.03684210526315797
2026-09-30T00:47:11.666 0.0,0.0,0.0,0.0,0.0,0.03684210526315797
2026-09-30T00:47:11.716 0.0,0.0,0.0,0.0,0.0,0.03684210526315797
2026-09-30T00:47:11.766 0.0,0.0,0.0,0.0,0.0,0.03684210526315797
2026-09-30T00:47:11.816 0.0,0.0,0.0,0.0,0.0,0.03684210526315797
2026-09-30T00:47:11.866 0.0,0.0,0.0,0.0,0.0,0.03684210526315797
2026-09-30T00:47:11.916 0.0,0.0,0.0,0.0,0.0,0.03684210526315797
2026-09-30T00:47:11.966 0.0,0.0,0.0,0.0,0.0,0.03684210526315797
2026-09-30T00:47:12.016 0.0,0.0,0.0,0.0,0.0,0.03684210526315797
2026-09-30T00:47:12.066 0.0,0.0,0.0,0.0,0.0,0.03684210526315797
2026-09-30T00:47:12.116 0.0,0.0,0.0,0.0,0.0,0.03684210526315797
2026-09-30T00:47:12.167 0.0,0.0,0.0,0.0,0.0,0.03684210526315797
2026-09-30T00:47:12.218 0.0,0.0,0.0,0.0,0.0,0.03684210526315797
2026-09-30T00:47:12.267 0.0,0.0,0.0,0.0,0.0,0.03684210526315797
2026-09-30T00:47:12.316 0.0,0.0,0.0,0.0,0.0,0.03684210526315797
2026-09-30T00:47:12.366 0.0,0.0,0.0,0.0,0.0,0.03684210526315797
2026-09-30T00:47:12.416 0.0,0.0,0.0,0.0,0.0,0.03684210526315797
2026-09-30T00:47:12.466 0.0,0.0,0.0,0.0,0.0,0.03684210526315797
2026-09-30T00:47:12.516 0.0,0.0,0.0,0.0,0.0,0.03684210526315797
2026-09-30T00:47:12.565 0.0,0.0,0.0,0.0,0.0,0.03684210526315797
2026-09-30T00:47:12.616 0.0,0.0,0.0,0.0,0.0,0.03684210526315797
2026-09-30T00:47:12.666 0.0,0.0,0.0,0.0,0.0,0.03684210526315797
2026-09-30T00:47:12.716 0.0,0.0,0.0,0.0,0.0,0.03684210526315797
2026-09-30T00:47:12.766 0.0,0.0,0.0,0.0,0.0,0.03684210526315797
2026-09-30T00:47:12.816 0.0,0.0,0.0,0.0,0.0,0.03684210526315797
2026-09-30T00:47:12.866 0.0,0.0,0.0,0.0,0.0,0.03684210526315797
2026-09-30T00:47:12.916 0.0,0.0,0.0,0.0,0.0,0.03684210526315797
2026-09-30T00:47:12.966 0.0,0.0,0.0,0.0,0.0,0.03684210526315797
2026-09-30T00:47:13.016 0.0,0.0,0.0,0.0,0.0,0.03684210526315797
2026-09-30T00:47:13.065 0.0,0.0,0.0,0.0,0.0,0.03684210526315797
2026-09-30T00:47:13.126 0.0,0.0,0.0,0.0,0.0,0.03684210526315797
2026-09-30T00:47:13.166 0.0,0.0,0.0,0.0,0.0,0.03684210526315797
2026-09-30T00:47:13.216 0.0,0.0,0.0,0.0,0.0,0.03684210526315797
2026-09-30T00:47:13.266 0.0,0.0,0.0,0.0,0.0,0.03684210526315797
2026-09-30T00:47:13.316 0.0,0.0,0.0,0.0,0.0,0.03684210526315797
2026-09-30T00:47:13.366 0.0,0.0,0.0,0.0,0.0,0.03684210526315797
2026-09-30T00:47:13.416 0.0,0.0,0.0,0.0,0.0,0.03684210526315797
2026-09-30T00:47:13.466 0.0,0.0,0.0,0.0,0.0,0.03684210526315797
2026-09-30T00:47:13.516 0.0,0.0,0.0,0.0,0.0,0.0
2026-09-30T00:47:13.566 0.0,0.0,0.0,0.0,0.0,0.0
2026-09-30T00:47:13.616 0.0,0.0,0.0,0.0,0.0,0.0
2026-09-30T00:47:13.666 0.0,0.0,0.0,0.0,0.0,0.0
2026-09-30T00:47:13.716 0.0,0.0,0.0,0.0,0.0,0.0
2026-09-30T00:47:13.766 0.0,0.0,0.0,0.0,0.0,0.0
2026-09-30T00:47:13.816 0.0,0.0,0.0,0.0,0.0,0.0
2026-09-30T00:47:13.866 0.0,0.0,0.0,0.0,0.0,0.0
2026-09-30T00:47:13.916 0.0,0.0,0.0,0.0,0.0,0.0
2026-09-30T00:47:13.966 0.0,0.0,0.0,0.0,0.0,0.0
2026-09-30T00:47:14.016 0.0,0.0,0.0,0.0,0.0,0.0
2026-09-30T00:47:14.066 0.0,0.0,0.0,0.0,0.0,0.0
2026-09-30T00:47:14.115 0.0,0.0,0.0,0.0,0.0,0.0
2026-09-30T00:47:14.166 0.0,0.0,0.0,0.0,0.0,0.0
2026-09-30T00:47:14.216 0.0,0.0,0.0,0.0,0.0,0.0
2026-09-30T00:47:14.266 0.0,0.0,0.0,0.0,0.0,0.0
2026-09-30T00:47:14.316 0.0,0.0,0.0,0.0,0.0,0.0
2026-09-30T00:47:14.366 0.0,0.0,0.0,0.0,0.0,0.0
2026-09-30T00:47:14.416 0.0,0.0,0.0,0.0,0.0,0.0
2026-09-30T00:47:14.466 0.0,0.0,0.0,0.0,0.0,0.0
2026-09-30T00:47:14.516 0.0,0.0,0.0,0.0,0.0,0.0
2026-09-30T00:47:14.566 0.0,0.0,0.0,0.0,0.0,0.0
2026-09-30T00:47:14.616 0.0,0.0,0.0,0.0,0.0,0.0
2026-09-30T00:47:14.666 0.0,0.0,0.0,0.0,0.0,0.0
2026-09-30T00:47:14.716 0.0,0.0,0.0,0.0,0.0,0.0
2026-09-30T00:47:14.766 0.0,0.0,0.0,0.0,0.0,0.0
2026-09-30T00:47:14.816 0.0,0.0,0.0,0.0,0.0,0.0
2026-09-30T00:47:14.866 0.0,0.0,0.0,0.0,0.0,0.0
2026-09-30T00:47:14.916 0.0,0.0,0.0,0.0,0.0,0.0
2026-09-30T00:47:14.966 0.0,0.0,0.0,0.0,0.0,0.0
2026-09-30T00:47:15.016 0.0,0.0,0.0,0.0,0.0,0.0
2026-09-30T00:47:15.066 0.0,0.0,0.0,0.0,0.0,0.0
2026-09-30T00:47:15.116 0.0,0.0,0.0,0.0,0.0,0.0
2026-09-30T00:47:15.166 0.0,0.0,0.0,0.0,0.0,0.0
2026-09-30T00:47:15.216 0.0,0.0,0.0,0.0,0.0,0.0
2026-09-30T00:47:15.266 0.0,0.0,0.0,0.0,0.0,0.0
2026-09-30T00:47:15.316 0.0,0.0,0.0,0.0,0.0,0.0
2026-09-30T00:47:15.365 0.0,0.0,0.0,0.0,0.0,0.0
2026-09-30T00:47:15.415 0.0,0.0,0.0,0.0,0.0,0.0
2026-09-30T00:47:15.466 0.0,0.0,0.0,0.0,0.0,0.0
2026-09-30T00:47:15.516 0.0,0.0,0.0,0.0,0.0,0.0
2026-09-30T00:47:15.566 0.0,0.0,0.0,0.0,0.0,0.0
2026-09-30T00:47:15.618 0.0,0.0,0.0,0.0,0.0,0.0
2026-09-30T00:47:15.666 0.0,0.0,0.0,0.0,0.0,0.0
2026-09-30T00:47:15.716 0.0,0.0,0.0,0.0,0.0,0.0
2026-09-30T00:47:15.766 0.0,0.0,0.0,0.0,0.0,0.0
2026-09-30T00:47:15.816 0.0,0.0,0.0,0.0,0.0,0.0
2026-09-30T00:47:15.866 0.0,0.0,0.0,0.0,0.0,0.0
2026-09-30T00:47:15.916 0.0,0.0,0.0,0.0,0.0,0.0
2026-09-30T00:47:15.966 0.0,0.0,0.0,0.0,0.0,0.0
2026-09-30T00:47:16.016 0.0,0.0,0.0,0.0,0.0,0.0
2026-09-30T00:47:16.066 0.0,0.0,0.0,0.0,0.0,0.0
2026-09-30T00:47:16.116 0.0,0.0,0.0,0.0,0.0,0.0
2026-09-30T00:47:16.166 0.0,0.0,0.0,0.0,0.0,0.0
2026-09-30T00:47:16.216 0.0,0.0,0.0,0.0,0.0,0.0
2026-09-30T00:47:16.266 0.0,0.0,0.0,0.0,0.0,0.0
