2026-09-30T00:47:05.579 0.009323108544963344,-7.766907547379113e-07,-1.4696137186752057e-05,-2.840529410438996e-07,8.668234665688455e-08,-4.5534763271325066e-07,0.9999999999998522
2026-09-30T00:47:05.631 0.009342182068374245,-1.5902276340023372e-09,-1.46815910886534e-05,-2.1236135335502763e-07,6.099923796528005e-08,-2.659727548066958e-06,0.9999999999964385
2026-09-30T00:47:05.692 0.009359824979306026,-4.18600619879374e-07,-1.4739288718195635e-05,-3.650286155595687e-07,-5.3321493305368745e-08,-1.2903976354789286e-05,0.9999999999166757
2026-09-30T00:47:05.774 0.00937508379266302,-1.2038528105141804e-07,-1.4733612244098026e-05,-3.7142696874216185e-07,1.152227511497602e-08,-5.96229135042056e-06,0.9999999999821565
2026-09-30T00:47:05.842 0.009396541463020672,-2.393244138649492e-07,-1.4752637935255148e-05,-2.627473029295694e-07,1.1676224883825152e-07,-5.408950934737108e-06,0.9999999999853303
2026-09-30T00:47:05.892 0.009415614907949642,-7.15921437880787e-07,-1.4797696202694892e-05,-3.7176010976301476e-07,8.14796634853739e-08,1.239547188984321e-06,0.9999999999991593
2026-09-30T00:47:05.945 0.009433257807624761,-2.388621585661742e-07,-1.4855393978475863e-05,-4.012109868091871e-07,8.416183128165393e-08,-1.5248886513186917e-06,0.9999999999987533
2026-09-30T00:47:05.999 0.009452808136236505,-7.15453173692042e-07,-1.487140389085093e-05,-4.2627001793909455e-07,1.1850560211452419e-07,-3.15870953290945e-06,0.9999999999949134
2026-09-30T00:47:06.053 0.009470928063207616,-4.172018033958033e-07,-1.4810646426910524e-05,-2.788830153718033e-07,7.68330544734202e-08,-1.527954353090341e-07,0.9999999999999465
2026-09-30T00:47:06.107 0.009489524498397356,-2.381537574939999e-07,-1.4959258869497482e-05,-3.264459553398005e-07,7.904006833727689e-08,-1.1956201452167807e-06,0.9999999999992288
2026-09-30T00:47:06.166 0.009508121146380371,-1.1871033175738289e-07,-1.497376101922176e-05,-2.813179666395346e-07,5.3665507036664606e-08,-2.1185665715683785e-06,0.9999999999977148
2026-09-30T00:47:06.219 0.009524810564415499,1.1991838350193316e-07,-1.4910741755317187e-05,-2.1360491216223872e-07,-4.2028283784900856e-08,-1.2794497974345004e-05,0.9999999999181267
2026-09-30T00:47:06.275 0.009543883870984357,-5.950972360002201e-07,-1.5045206839168888e-05,-3.42444431984938e-07,7.601628134563539e-08,-7.274496712896794e-06,0.9999999999734793
2026-09-30T00:47:06.336 0.009562003707466432,-5.948691004930779e-07,-1.504405389675487e-05,-3.1941558839637084e-07,5.552748194135408e-08,-4.659196097949187e-06,0.9999999999890934
2026-09-30T00:47:06.392 0.009580123569009709,-7.13850251793325e-07,-1.5027999792274198e-05,-3.2704000430565285e-07,4.039270819044305e-08,1.578677206459256e-06,0.9999999999986996
2026-09-30T00:47:06.453 0.009600627510117114,-1.1754565967092431e-07,-1.5075320025415345e-05,-1.4278005774524342e-07,9.371208416919983e-08,-2.104476522431603e-06,0.999999999997771
2026-09-30T00:47:06.504 0.009619224047802997,-5.941486953106743e-07,-1.5164327790487927e-05,-2.916483250918691e-07,9.115043697232448e-08,-3.984424268228161e-06,0.9999999999920155
2026-09-30T00:47:06.559 0.009637343841667107,-9.515484338954104e-07,-1.5192977074714734e-05,-3.200860860847857e-07,8.717635965623155e-08,-8.634135987972238e-07,0.9999999999995722
2026-09-30T00:47:06.619 0.009656894156770858,-3.5525584314929684e-07,-1.5208987162576282e-05,-2.8178849267231103e-07,1.25370078588712e-07,-1.2414202682750163e-06,0.9999999999991819
2026-09-30T00:47:06.667 0.009672152951070202,-4.1466837567927694e-07,-1.521821177255134e-05,-2.65621255971616e-07,1.1757587575063431e-07,-3.1591864639229554e-06,0.9999999999949676
2026-09-30T00:47:06.718 0.009692180113992753,-7.124394530710621e-07,-1.5234975644245798e-05,-3.020314488403676e-07,2.6537779248071666e-08,-9.80423536714167e-07,0.9999999999994734
2026-09-30T00:47:06.776 0.009711730405536186,-1.1614686505889073e-07,-1.5265886874675502e-05,-3.45816110744104e-07,1.2314542950299194e-07,-9.957191656896972e-07,0.9999999999994369
2026-09-30T00:47:06.832 0.00972889649971392,-2.3514003413907777e-07,-1.5307929480324184e-05,-2.1381150125286228e-07,9.941388536430257e-08,-2.1321997932639313e-06,0.9999999999976991
2026-09-30T00:47:06.884 0.009749400360088062,-7.11719058824427e-07,-1.5414854108251486e-05,-2.818779412708796e-07,1.6751327817420008e-07,-1.6293989866606124e-06,0.9999999999986188
2026-09-30T00:47:06.930 0.009765613011491545,-4.1349169401470474e-07,-1.5306377496320043e-05,-2.605201888076268e-07,5.273346016006092e-08,-1.20308473776847e-05,0.999999999927594
2026-09-30T00:47:06.984 0.009782779197659205,-3.5367091784712623e-07,-1.528881556094384e-05,-1.996280986092637e-07,5.238496186195289e-08,-8.048436596041238e-06,0.99999999996759
2026-09-30T00:47:07.042 0.009802329311226338,-5.91843378495811e-07,-1.5438935795429333e-05,-3.364796756732898e-07,1.3189690581924675e-07,7.052937938810191e-06,0.9999999999750627
2026-09-30T00:47:07.090 0.009822356633817987,-4.7238192335534174e-07,-1.535139173739142e-05,-2.4248763026002914e-07,1.2805417885575628e-07,-3.3423918322773876e-06,0.9999999999943766
2026-09-30T00:47:07.130 0.009839999474068823,-8.893923238025397e-07,-1.5453792794638128e-05,-2.3045503471510717e-07,6.750160643403241e-09,-5.531595457888887e-06,0.9999999999846741
2026-09-30T00:47:07.185 0.009858596021056583,-2.335071060657006e-07,-1.5527899602378287e-05,-3.2723285058848727e-07,7.331320217344828e-09,-9.550499429644913e-06,0.9999999999543404
2026-09-30T00:47:07.223 0.009874808635845654,-7.697447735131813e-07,-1.5449225139093672e-05,-3.759352656186657e-07,6.146424640942243e-08,-7.526067519510006e-06,0.9999999999716066
2026-09-30T00:47:07.277 0.00989483570302606,-9.48306572299404e-07,-1.552559360055926e-05,-2.6193647700304477e-07,5.8903840610912175e-08,-6.4613568836854395e-06,0.9999999999790894
2026-09-30T00:47:07.318 0.009913909015144573,-2.328107145716399e-07,-1.5645157775824784e-05,-3.483968590434466e-07,-9.199668115603836e-09,-8.348773282609068e-06,0.9999999999650883
2026-09-30T00:47:07.389 0.009931552035623046,5.829999330021207e-09,-1.5628349799767965e-05,-3.411087103483986e-07,1.2863606644887292e-07,-7.630216100411247e-06,0.9999999999708234
2026-09-30T00:47:07.426 0.009950148711669039,-2.3235444082341349e-07,-1.5627950748428588e-05,-2.0857261350262244e-07,5.5760866682536226e-08,-6.993394185791763e-06,0.9999999999755229
2026-09-30T00:47:07.480 0.00996874526991346,-4.705388946465589e-07,-1.570205740993001e-05,-3.064600959648472e-07,4.86590248088274e-08,-7.708054950411488e-06,0.9999999999702448
2026-09-30T00:47:07.515 0.00998591121822664,-2.3190421150640498e-07,-1.583350692948314e-05,-3.8338710719258155e-07,7.578640707513975e-07,3.771072741129078e-05,0.9999999992885898
2026-09-30T00:47:07.574 0.010006415281638283,6.772525661712649e-09,-1.5806321391288e-05,-4.1841419727646894e-07,-1.0314031517147887e-07,7.647678147513496e-05,0.9999999970755581
2026-09-30T00:47:07.643 0.010025965652867992,-1.1219061537227713e-07,-1.5792529077022245e-05,-4.171795452615893e-07,-1.582871937590243e-08,7.806320002565443e-05,0.9999999969529813
2026-09-30T00:47:07.705 0.010045039043171892,7.258802850657027e-09,-1.5867389727090798e-05,-3.437814083481486e-07,1.0535920730594362e-07,6.786803630875915e-05,0.9999999976969002
2026-09-30T00:47:07.759 0.010062205272707958,3.6510280833944795e-07,-1.582002555532452e-05,-3.270346072543111e-07,1.0792100207399828e-07,7.461714597832625e-05,0.9999999972160815
2026-09-30T00:47:07.805 0.010082709108020897,7.733070461487766e-09,-1.5941851345318477e-05,-4.3107891745624065e-07,1.1257701228797261e-07,7.524642598937067e-05,0.9999999971688884
2026-09-30T00:47:07.843 0.010100828988621824,2.463797905191767e-07,-1.591089615676514e-05,-2.1990237545168793e-07,1.2596580583145883e-07,7.171706697527264e-05,0.999999997428299
2026-09-30T00:47:07.900 0.010120856007931157,1.274226310357355e-07,-1.6017066913116293e-05,-4.4929288393856497e-07,1.98025609254683e-07,7.402687255019491e-05,0.9999999972598905
2026-09-30T00:47:07.993 0.010140406451342697,-1.1074979133775912e-07,-1.5958571151647562e-05,-4.148962075956631e-07,3.830410541025963e-08,7.449006139741423e-05,0.9999999972255286
2026-09-30T00:47:08.061 0.01015804926278011,-1.1052768112423988e-07,-1.6075873419707176e-05,-4.463554064449601e-07,1.9837474262622323e-07,7.244231119644177e-05,0.9999999973759365
2026-09-30T00:47:08.099 0.010177599719245749,4.857649260255265e-07,-1.6002476652159776e-05,-1.9963236396356784e-07,1.0454571767443318e-07,7.408293174932907e-05,0.9999999972558342
2026-09-30T00:47:08.153 0.010196673044872257,1.2837717788130916e-07,-1.6122040651938815e-05,-2.4220235868303537e-07,1.2666435612114426e-07,7.413747688235888e-05,0.9999999972517799
2026-09-30T00:47:08.200 0.010214316066851614,2.4780860224163897e-07,-1.6105232656383497e-05,-2.603959283109602e-07,1.220075542996742e-07,7.321163956456048e-05,0.9999999973199866
2026-09-30T00:47:08.241 0.010234343181903093,9.642164152635061e-09,-1.6151798822963518e-05,-3.4403723289822494e-07,1.3981861271459806e-07,7.37358977251182e-05,0.9999999972814397
2026-09-30T00:47:08.279 0.010253416685505903,4.867194646692738e-07,-1.6152153818686772e-05,-3.2951434032669845e-07,-1.5128243014009964e-08,9.558236090684992e-05,0.9999999954319517
2026-09-30T00:47:08.337 0.010271536360067552,2.4852900195615836e-07,-1.6255308835252872e-05,-3.6327737700398626e-07,2.3143927105091935e-07,9.771162521469215e-05,0.9999999952261264
2026-09-30T00:47:08.383 0.010291563589918827,2.4878115661952767e-07,-1.6227369327989092e-05,-2.3838059295538394e-07,1.9278973896540183e-07,9.223363140158172e-05,0.9999999957464316
2026-09-30T00:47:08.430 0.010308729563293212,3.682065529522925e-07,-1.6343917685475566e-05,-3.1192232217004674e-07,2.927925538087778e-07,0.0001235046296413079,0.9999999923732117
2026-09-30T00:47:08.477 0.01032780304633748,6.068652716523264e-07,-1.6359173784769985e-05,-3.1575585283851535e-07,1.990799298083282e-07,0.00014423867449874303,0.9999999895975327
2026-09-30T00:47:08.529 0.010347353411563636,9.647392887836618e-07,-1.634538154849822e-05,-1.971595862014774e-07,3.833653962852983e-07,0.00013615900523465747,0.9999999907302697
2026-09-30T00:47:08.570 0.010367380645917577,6.073635748230374e-07,-1.631744198273895e-05,-1.1914861122187449e-07,3.5996653819296417e-07,0.00013763992159055487,0.9999999905275541
2026-09-30T00:47:08.624 0.01038597726883939,8.460162873670434e-07,-1.6346845294529884e-05,-2.2506033011329238e-08,2.8930345914427436e-07,0.00014235126186664513,0.999999989868017
2026-09-30T00:47:08.662 0.010405050731325121,8.462564242504728e-07,-1.6377002497395465e-05,-1.7899133941853693e-07,3.2015208668048013e-07,0.00013703297881497895,0.999999990610914
2026-09-30T00:47:08.714 0.010424124170250538,8.464965583999599e-07,-1.64220608428292e-05,-3.118066101761461e-07,3.053666694395442e-07,0.00013896039882920977,0.9999999903449085
2026-09-30T00:47:08.751 0.010443674541480246,7.275334173659702e-07,-1.640826852856345e-05,-2.661307796367017e-07,2.8720627403662435e-07,0.00014018426648489026,0.999999990174109
2026-09-30T00:47:08.805 0.010462271093721115,9.661861217081497e-07,-1.6482375268058858e-05,-3.0581277944496857e-07,3.4878957558296464e-07,0.00013860317348876982,0.9999999903944725
2026-09-30T00:47:08.842 0.010479913999399786,9.664082428574377e-07,-1.6540072965845836e-05,-2.3473440374240307e-07,3.940756922392553e-07,0.0001401703586686203,0.99999999017603
2026-09-30T00:47:08.905 0.010501848553440211,8.474751189338766e-07,-1.653005030193828e-05,-3.2042764739232523e-07,3.6706680606389643e-07,0.0001401478414417546,0.9999999901791725
2026-09-30T00:47:08.942 0.010520445205925889,6.092906760464997e-07,-1.6544552393167066e-05,-2.5366630878804655e-07,3.558912355315638e-07,0.00013859562366240634,0.999999990395531
2026-09-30T00:47:08.996 0.010539041853908904,7.287341017831167e-07,-1.6559054542891347e-05,-2.4773762539514143e-07,3.274861247822501e-07,0.0001407841696314531,0.9999999900898244
2026-09-30T00:47:09.035 0.010556684850827062,9.673748129508357e-07,-1.6557147709402683e-05,-1.346421079960451e-07,3.0804540415234307e-07,0.00013981931583898128,0.9999999902252229
2026-09-30T00:47:09.086 0.010574804550449911,6.099750634303311e-07,-1.6645401563902126e-05,-1.9770026669454758e-07,3.3004750143749623e-07,0.0001398750134001339,0.9999999902174163
2026-09-30T00:47:09.124 0.010596262216304896,8.486637992407937e-07,-1.6664427313554737e-05,-2.0079734121654425e-07,3.253909365577591e-07,0.00014066783390459024,0.9999999901062071
2026-09-30T00:47:09.180 0.010614381865805343,7.296826233350674e-07,-1.67824834921875e-05,-1.8549474985208833e-07,2.9314391961928804e-07,0.0001396941809025906,0.9999999902427077
2026-09-30T00:47:09.219 0.010631548055725222,4.914801756493177e-07,-1.6764921508065046e-05,-1.898365767262951e-07,3.086271582169091e-07,0.0001400966619790137,0.999999990186397
2026-09-30T00:47:09.277 0.010652052020392943,1.0877847705056605e-06,-1.6797340598638034e-05,-5.2628640697887934e-08,2.8825537824692866e-07,0.00014047434979524656,0.9999999901334355
2026-09-30T00:47:09.311 0.010672556113368455,8.496243522423952e-07,-1.675525383988074e-05,-1.3254930348101155e-07,3.120035402809976e-07,0.00013981710399218051,0.9999999902255312
2026-09-30T00:47:09.363 0.010690675879169585,8.49852479547711e-07,-1.67988043251712e-05,-1.8466937801049682e-07,3.0920929372077234e-07,0.00014044796937776697,0.999999990137119
2026-09-30T00:47:09.403 0.010709272457972544,8.500866075411703e-07,-1.6858009883101455e-05,-1.0103307540123322e-07,3.578713880642528e-07,0.00014023119632152996,0.9999999901675366
2026-09-30T00:47:09.459 0.010726915340090902,8.503087259565159e-07,-1.6930608723456595e-05,-2.3634869188859798e-07,3.4879014283964134e-07,0.0001401767346115758,0.9999999901751527
2026-09-30T00:47:09.494 0.010746465755439463,9.69764169473073e-07,-1.6887014163051516e-05,-1.1462572653672332e-07,3.0536802857382727e-07,0.00014039832200315826,0.9999999901441023
2026-09-30T00:47:09.547 0.010765539097121845,1.2084228717694543e-06,-1.699167711775489e-05,-1.5891765883167208e-07,3.086273951602076e-07,0.00014062522105791998,0.9999999901122133
2026-09-30T00:47:09.592 0.0107836589867281,7.318138545791555e-07,-1.696072181221056e-05,-1.5567804565777106e-07,3.1142140497713745e-07,0.0001408950696382042,0.999999990074229
2026-09-30T00:47:09.639 0.01080416298095969,8.512812940041153e-07,-1.6978239682221396e-05,-3.4086814176908685e-07,3.6927859785163766e-07,0.00014050429274244797,0.9999999901291455
2026-09-30T00:47:09.675 0.010821805957319307,8.515034233552296e-07,-1.6991233952303897e-05,-1.4259567456615663e-07,3.3319117117284485e-07,0.00014125123131178893,0.9999999900239791
2026-09-30T00:47:09.728 0.01083992567449892,9.709408347339924e-07,-1.7064586742229175e-05,-2.8595017745723897e-07,3.1840548955647e-07,0.00014074572455721312,0.9999999900952289
2026-09-30T00:47:09.764 0.010858522440283508,1.09038427414032e-06,-1.700458317911266e-05,-1.6983063749853182e-07,2.910486223414986e-07,0.00014065805870811608,0.9999999901075984
2026-09-30T00:47:09.817 0.010878072693711643,9.714211194366194e-07,-1.7065296577687698e-05,-5.568353052965968e-08,2.1107207532727106e-07,0.00014100494454531332,0.9999999900587789
2026-09-30T00:47:09.856 0.010898099760141604,8.524639654210625e-07,-1.7141665048902536e-05,-9.455989158769611e-08,3.202693623941196e-07,0.0001410449640662365,0.9999999900531032
2026-09-30T00:47:09.905 0.01091764993838613,1.0911286711395294e-06,-1.7247081933677544e-05,-2.2562168977869212e-07,3.3924425428263053e-07,0.0001413725441916876,0.9999999900068188
2026-09-30T00:47:09.941 0.01093481617392575,9.721355184629953e-07,-1.7199717683917275e-05,-2.426637515105977e-07,3.287667666640873e-07,0.00014131202142512043,0.9999999900153728
2026-09-30T00:47:09.997 0.01095532014609791,9.723936656126818e-07,-1.723213667699777e-05,-2.837980819119992e-07,3.136325295926507e-07,0.00014140457509694384,0.9999999900022836
2026-09-30T00:47:10.033 0.010974393539403587,8.534245047529534e-07,-1.730699728806933e-05,-2.3640993739965563e-07,3.7754480251876674e-07,0.00014128506569679935,0.9999999900191658
2026-09-30T00:47:10.115 0.010993467071069376,9.728739393795405e-07,-1.7292451082728932e-05,-2.1320123229416345e-07,3.469278209606285e-07,0.00014235947452291578,0.999999989866807
2026-09-30T00:47:10.145 0.011011586763187786,1.2115206375656924e-06,-1.7380705034720865e-05,-2.1634412842657414e-07,3.009436585042714e-07,0.0001410218938628422,0.999999990056344
2026-09-30T00:47:10.214 0.011030183508413836,1.0925454951554152e-06,-1.733560257517551e-05,-8.105216580987297e-08,3.1898892747881036e-07,0.00014163776932677626,0.9999999899693169
2026-09-30T00:47:10.256 0.011050210502661967,1.0927976224793633e-06,-1.7456674493593323e-05,-2.2930127212764504e-07,3.781270597658683e-07,0.00014291339192793435,0.9999999897877834
2026-09-30T00:47:10.318 0.01106833038626467,1.0930257634543897e-06,-1.742571926604299e-05,-2.934169643064132e-07,3.402915597853394e-07,0.0001413203269074152,0.9999999900141816
2026-09-30T00:47:10.358 0.011086927015190037,8.548413178330706e-07,-1.745512249983993e-05,-3.3033759266622326e-07,3.8802167510105415e-07,0.00014234303638446807,0.9999999898691001
2026-09-30T00:47:10.415 0.011107907798863137,9.74314755212232e-07,-1.7503196585058726e-05,-2.3913747274763654e-07,2.933766696329118e-07,0.00014281613490183575,0.9999999898017041
2026-09-30T00:47:10.447 0.011124120216914807,1.093728158370536e-06,-1.7543731369561126e-05,-1.2362364950281577e-07,3.061829847355188e-07,0.00014168017912942943,0.9999999899633089
2026-09-30T00:47:10.502 0.011143670541023885,9.74765011868662e-07,-1.755974134043169e-05,-2.494839228150418e-07,3.278354422333732e-07,0.00014181438803436672,0.9999999899442548
2026-09-30T00:47:10.543 0.011163220862131187,1.0942204444494504e-06,-1.7575751350299245e-05,-2.614685523880412e-07,3.5705563945629676e-07,0.00014227223047196043,0.9999999898792082
2026-09-30T00:47:10.594 0.011182771117060208,8.560480002044186e-07,-1.7636464729375786e-05,-2.382778872214458e-07,3.145641987863419e-07,0.00014214296175918552,0.9999999898976113
2026-09-30T00:47:10.630 0.011201844578045052,9.75497426629179e-07,-1.7666621951739866e-05,-3.247748786914305e-07,3.6019847821873625e-07,0.00014259736972160652,0.9999999898328774
2026-09-30T00:47:10.681 0.01122044125108927,9.75731565558407e-07,-1.7666222939397486e-05,-1.3927882973933128e-07,2.9652048359643694e-07,0.00014249018004112494,0.9999999898482206
2026-09-30T00:47:10.716 0.01123856094470857,1.0951689742032276e-06,-1.775447687189092e-05,-1.7519303451666312e-07,3.201525507374135e-07,0.00014242344320597165,0.9999999898577148
2026-09-30T00:47:10.775 0.011259065127422675,1.2146364354997248e-06,-1.7652785601356486e-05,-6.947775856213833e-08,2.8557790530104e-07,0.00014272048144268866,0.9999999898153888
2026-09-30T00:47:10.811 0.011277661614986152,9.764519734747527e-07,-1.7771595690562385e-05,-1.8808819729955668e-07,2.4785862267540367e-07,0.00014287785260971812,0.9999999897929112
2026-09-30T00:47:10.879 0.011296258237907964,1.215104686018759e-06,-1.780099900235332e-05,-1.7900993272933042e-07,2.953561123566405e-07,0.0001428890499965473,0.9999999897913
2026-09-30T00:47:10.915 0.011314854844773901,8.577109481221666e-07,-1.7845303359219925e-05,-2.1271874278565266e-07,3.655543199362457e-07,0.00014297490454415532,0.9999999897789988
2026-09-30T00:47:10.972 0.011332974654693887,1.096357659978029e-06,-1.7859051598371063e-05,-1.676776044028678e-07,2.7661333958018943e-07,0.00014308135894644175,0.99999998976381
2026-09-30T00:47:11.015 0.011353001813864219,1.096609806439572e-06,-1.7875815518811763e-05,-1.858352433355076e-07,3.7032750298140107e-07,0.00014281842115983822,0.9999999898013634
2026-09-30T00:47:11.061 0.011372075324971469,9.776406592495543e-07,-1.7876170417042524e-05,-1.3122220591683138e-07,3.291168502550985e-07,0.00014297155091179062,0.999999989779505
2026-09-30T00:47:11.099 0.011390195042151082,1.097078070628317e-06,-1.7949523206967802e-05,-1.337725644213392e-07,3.3645106874994787e-07,0.0001438703371540463,0.9999999896505974
2026-09-30T00:47:11.157 0.011411175945126646,1.0973422321358579e-06,-1.7923091559847304e-05,-9.656087405426946e-08,2.776615118369729e-07,0.00014291800130950688,0.9999999897871792
2026-09-30T00:47:11.193 0.011428342037803489,1.097558352597002e-06,-1.7965134184994484e-05,-1.0650623208107405e-07,3.298155018876272e-07,0.00014301713737583424,0.9999999897729891
2026-09-30T00:47:11.242 0.011446938735908909,9.785832047188408e-07,-1.7949834010585447e-05,-8.529686200820366e-08,3.343559275289455e-07,0.00014422335738251336,0.999999989599752
2026-09-30T00:47:11.278 0.011466012076090402,1.3364511965565534e-06,-1.805449698478732e-05,-8.360612539415531e-08,3.118877489576224e-07,0.0001437051336409264,0.9999999896743651
2026-09-30T00:47:11.334 0.011485085634318284,1.2174820548344199e-06,-1.8025049597881762e-05,-1.2255036573404357e-07,2.6927945656072276e-07,0.00014302622956254363,0.999999989771705
2026-09-30T00:47:11.367 0.011504158982004218,9.793035989654757e-07,-1.812971247459114e-05,-1.7476184251905287e-07,2.9512336408831757e-07,0.000143549908258901,0.999999989696653
2026-09-30T00:47:11.426 0.011521801981924148,9.795257310505322e-07,-1.8127805602105483e-05,-2.3985437229204007e-07,3.327251716164461e-07,0.00014457039843593258,0.9999999895496158
2026-09-30T00:47:11.468 0.011540875395788363,1.0989751520074086e-06,-1.818776510960588e-05,-2.2482657215086222e-07,3.200358912914754e-07,0.00014325509568341872,0.9999999897389122
2026-09-30T00:47:11.517 0.01156137934440021,1.0992332964231527e-06,-1.8235085245254537e-05,-1.9064247772594533e-07,3.744020640068822e-07,0.00014351223136182674,0.9999999897020314
2026-09-30T00:47:11.552 0.011579499135262543,9.802521369210795e-07,-1.826373456847834e-05,-2.598825693418343e-07,3.4506503886762284e-07,0.000144273699932683,0.9999999895924564
2026-09-30T00:47:11.607 0.0115980958288653,1.2189048576669123e-06,-1.82484344525648e-05,-2.2497257552066608e-07,3.6276040241839243e-07,0.00014455472770203174,0.9999999895518742
2026-09-30T00:47:11.645 0.011617646107354638,9.807324161558223e-07,-1.829424668907318e-05,-1.7639345089185566e-07,3.574055256676412e-07,0.00014356585761739278,0.9999999896943428
2026-09-30T00:47:11.714 0.011635765942335823,1.1001698412042957e-06,-1.8293093766157662e-05,-4.235205446097219e-08,3.032733060097861e-07,0.0001440513782369038,0.9999999896245533
2026-09-30T00:47:11.750 0.011655316216322495,1.2196252683172002e-06,-1.8338906061161537e-05,-1.1053502014671534e-07,3.368004555702987e-07,0.00014381289665485298,0.9999999896588625
2026-09-30T00:47:11.802 0.011672959192682112,1.2198473976683143e-06,-1.835190033124404e-05,-1.7179710282148372e-07,2.543780985944352e-07,0.0001443425476341738,0.9999999895825673
2026-09-30T00:47:11.835 0.01169346307361479,9.816869547995696e-07,-1.8443923855600175e-05,-1.4540289658867658e-07,3.414569021560773e-07,0.00014447465863734346,0.9999999895634676
2026-09-30T00:47:11.890 0.011712536606781466,9.819270998848255e-07,-1.842937763076128e-05,-2.5880467103397573e-07,3.4425013079024666e-07,0.00014416444368372248,0.9999999896082138
2026-09-30T00:47:11.936 0.011730179435775643,1.458986370997612e-06,-1.8531778834246728e-05,-1.6571545386258513e-07,3.369165740458043e-07,0.0001444021485362586,0.9999999895739392
2026-09-30T00:47:11.988 0.011749729758383832,1.459232514037069e-06,-1.854778882461579e-05,-5.654194873146847e-08,3.144491326040068e-07,0.00014465948498221183,0.9999999895367656
2026-09-30T00:47:12.029 0.011769279989752541,1.2210600670580952e-06,-1.862340334626049e-05,-2.9828655158532686e-07,3.500707042269681e-07,0.00014488040011239838,0.999999989504729
2026-09-30T00:47:12.082 0.01178787666279676,1.221294205987323e-06,-1.862300433391811e-05,-2.3675811929288606e-07,3.884881375198642e-07,0.00014496888453229982,0.9999999894919077
2026-09-30T00:47:12.119 0.011806950195963435,1.2215343510725787e-06,-1.8608458109079214e-05,-3.408996879029571e-07,3.3621704130089166e-07,0.00014516419620091566,0.9999999894635634
2026-09-30T00:47:12.174 0.011825546873510315,8.641406213778128e-07,-1.860805903824134e-05,-9.387972555624189e-08,3.3097988231530644e-07,0.00014485136701320733,0.9999999895089815
2026-09-30T00:47:12.205 0.01184462030643218,1.3412179136926252e-06,-1.8653117461669073e-05,-3.1979428027498045e-07,3.2865017110016313e-07,0.00014505812446843105,0.9999999894789651
2026-09-30T00:47:12.259 0.01186321693235577,1.3414520471539688e-06,-1.868252073446301e-05,-3.321933818455031e-07,3.5670614634727903e-07,0.00014469730549095008,0.999999989531226
2026-09-30T00:47:12.296 0.011882290324160556,1.3416921758355716e-06,-1.875738136503307e-05,-2.7964431871651976e-07,4.1817378517617085e-07,0.00014521461390126585,0.9999999894562314
2026-09-30T00:47:12.351 0.01190184057908958,1.1035197315905397e-06,-1.8818094744109607e-05,-3.2527758912116785e-07,3.986157793745445e-07,0.0001457995498224431,0.9999999893711132
2026-09-30T00:47:12.394 0.011920437275694112,1.1037538732537096e-06,-1.8802794589199072e-05,-2.1638491784180882e-07,3.3586857376211743e-07,0.00014510134970665086,0.9999999894727193
2026-09-30T00:47:12.437 0.011939033898615923,1.3424065857977158e-06,-1.8832197900990007e-05,-2.69314582645706e-07,3.214327851068591e-07,0.00014558835648410633,0.9999999894019272
2026-09-30T00:47:12.474 0.011957630546598938,1.4618500115343327e-06,-1.884670005071429e-05,-1.5195461140801488e-07,3.3412281567715194e-07,0.00014590319681658271,0.9999999893560612
2026-09-30T00:47:12.529 0.011974796805698873,1.342856861591741e-06,-1.8784434658385858e-05,-2.5490800863195373e-07,3.1177038142662397e-07,0.00014525458260479534,0.999999989450472
2026-09-30T00:47:12.561 0.01199482382350732,1.343108991649631e-06,-1.889060543423551e-05,-9.402173902737935e-08,3.3202772577210976e-07,0.00014614386917262016,0.9999999893209252
2026-09-30T00:47:12.616 0.012015327723497648,1.4625764201388221e-06,-1.8967727874518985e-05,-1.8507859133851143e-07,3.6613680184874587e-07,0.00014583413034209705,0.999999989366119
2026-09-30T00:47:12.651 0.012034401234604898,1.3436072729488046e-06,-1.8968082772749746e-05,-1.8888693390117446e-07,3.0373817940657566e-07,0.0001457109072625209,0.9999999893841017
2026-09-30T00:47:12.707 0.012052997885589691,1.224632119602759e-06,-1.898258488347703e-05,-2.422106986432782e-07,3.7056030977268295e-07,0.00014690080209507308,0.9999999892099791
2026-09-30T00:47:12.744 0.012071117767691505,1.3440695501191168e-06,-1.8951629675425193e-05,-1.600361927197338e-07,3.0373838557563296e-07,0.0001459796305481568,0.9999999893449147
2026-09-30T00:47:12.798 0.012090191230177237,1.344309687002546e-06,-1.8981786878290774e-05,-7.142613287613846e-08,3.1153878117119655e-07,0.00014615179712620653,0.999999989319775
2026-09-30T00:47:12.831 0.012109264599922601,1.2253405234088756e-06,-1.907154863193049e-05,-1.810636923762256e-07,3.340062901267108e-07,0.0001467795370234572,0.9999999892278115
2026-09-30T00:47:12.883 0.01212738436572373,1.2255686507141912e-06,-1.9115099117220947e-05,-2.892691802080339e-07,3.551931001510968e-07,0.00014568520197144486,0.999999989387806
2026-09-30T00:47:12.920 0.01214836516995537,1.5834606699099572e-06,-1.9148272098868583e-05,-1.3740806752206464e-07,3.593851069184112e-07,0.0001469339853793585,0.9999999892051279
2026-09-30T00:47:12.975 0.012166961893121993,1.345276235224407e-06,-1.911807076239289e-05,-2.441718665386201e-07,3.085108964618965e-07,0.00014616939527949607,0.9999999893171765
2026-09-30T00:47:13.010 0.012185558398242232,1.5839289340987021e-06,-1.922197978702462e-05,-1.3536643210608881e-07,3.711430334581895e-07,0.00014657501708862308,0.9999999892578041
2026-09-30T00:47:13.079 0.012204631935911573,1.2265412105599642e-06,-1.9207433503690228e-05,-2.002683702944328e-07,3.4262086369770113e-07,0.00014634543914077567,0.9999999892914274
2026-09-30T00:47:13.113 0.012224182212900022,1.1075780585902058e-06,-1.925324575969711e-05,-4.01845921920417e-07,3.476254546868572e-07,0.0001464149518632429,0.9999999892811897
2026-09-30T00:47:13.168 0.01224325574456581,1.2270274932167927e-06,-1.9238699554356708e-05,-2.013322513913877e-07,3.385463809554955e-07,0.0001470596774032426,0.999999989186648
2026-09-30T00:47:13.203 0.012261375388062701,1.5848834754763916e-06,-1.935675581098346e-05,-2.0815486203065407e-07,3.470446204738893e-07,0.0001466786837939343,0.9999999892425999
2026-09-30T00:47:13.258 0.012280448874108748,1.585123615093763e-06,-1.937201187128088e-05,-2.543692151535984e-07,4.3936168188160486e-07,0.00014715043554869582,0.9999999891732457
2026-09-30T00:47:13.291 0.012300476108462691,1.2277479011331385e-06,-1.9344072305521606e-05,-2.6086292863637654e-07,3.030393763192524e-07,0.00014743717135097515,0.9999999891310603
2026-09-30T00:47:13.345 0.012318595803582877,1.2279760202366277e-06,-1.943232621851654e-05,-2.461511680988861e-07,3.344714783262341e-07,0.00014602955261596272,0.9999999893375986
2026-09-30T00:47:13.381 0.012338146124690178,1.3474314528174164e-06,-1.94483362283841e-05,-2.235513568191565e-07,3.399431896461658e-07,0.00014663908612181864,0.9999999892484064
2026-09-30T00:47:13.437 0.012355789074487703,1.586072158517251e-06,-1.947623168003176e-05,-1.6535942714163953e-07,3.121204459054438e-07,0.00014837709169916683,0.9999999889920569
2026-09-30T00:47:13.477 0.012374862562034638,1.4671030085932911e-06,-1.9491487720830682e-05,-2.246667880710188e-07,3.610144000110575e-07,0.0001472955236383884,0.9999999891519239
2026-09-30T00:47:13.527 0.012393935955340314,1.3481338477335628e-06,-1.9566348331902238e-05,-1.0411352176398551e-07,3.785938123540353e-07,0.00014664495754693118,0.9999999892475511
2026-09-30T00:47:13.560 0.012413486323568246,1.4675892857822355e-06,-1.955255605663348e-05,-2.1262457329266068e-07,3.661367909584891e-07,0.00014780355134842913,0.9999999890769654
2026-09-30T00:47:13.617 0.012433036722860934,9.90998278858194e-07,-1.952386254130407e-05,-2.4472786122349632e-08,4.2015102978902166e-07,0.00010340476669340573,0.9999999946536385
2026-09-30T00:47:13.653 0.012448772336916103,3.951499440803668e-07,-1.9548742136175684e-05,-3.4984646886827317e-07,2.6543070613148046e-07,7.437595207164494e-05,0.9999999972340124
2026-09-30T00:47:13.707 0.012470230049891718,6.338386853587138e-07,-1.9537965600691984e-05,-1.6900950344593047e-07,1.2189228175563841e-07,8.012911436646415e-05,0.9999999967896408
2026-09-30T00:47:13.756 0.012488826675815306,6.340728188200573e-07,-1.9567368873485923e-05,-9.863365741366173e-08,9.011152991947006e-08,8.225730704995756e-05,0.9999999966168588
2026-09-30T00:47:13.802 0.012505039140987606,7.534862274462457e-07,-1.9578101372852005e-05,-2.222862304466369e-07,1.3097215262864627e-07,7.782951835360065e-05,0.9999999969712497
2026-09-30T00:47:13.837 0.012525066160296939,6.345290679628045e-07,-1.9684272129203157e-05,-2.544143463627909e-07,1.9092603121931806e-07,8.049929496516265e-05,0.9999999967598812
2026-09-30T00:47:13.894 0.012542709180775408,8.731697818644655e-07,-1.9667464153146334e-05,-1.6149186867528868e-07,1.19331250237914e-07,8.080181604279474e-05,0.9999999967355131
2026-09-30T00:47:13.927 0.012561305786140458,6.349853335092045e-07,-1.971176852951144e-05,-2.526558775641618e-07,1.0966807526177058e-07,7.916645650291698e-05,0.9999999968662981
2026-09-30T00:47:13.981 0.012580379200004673,7.544347544660807e-07,-1.9771728037011835e-05,-1.6187863419376288e-07,1.6624649058542293e-07,7.944356796800766e-05,0.9999999968443328
2026-09-30T00:47:14.023 0.012598499086609155,5.162443163584446e-07,-1.9740772770464505e-05,-1.8773997207196132e-07,1.4191560760934167e-07,8.029781656956656e-05,0.9999999967761026
2026-09-30T00:47:14.073 0.01261757261977583,5.164844614437004e-07,-1.972622654562561e-05,-2.9183170097027684e-07,1.4959828413774062e-07,7.939631865432054e-05,0.9999999968480585
2026-09-30T00:47:14.108 0.012634738616710526,6.359098605104072e-07,-1.982787376054392e-05,-1.2787679591443355e-07,1.287609622592576e-07,7.914909768766756e-05,0.9999999968676937
2026-09-30T00:47:14.166 0.0126542888906972,7.553652876233115e-07,-1.9873686055547798e-05,-8.402154976189677e-08,1.430804686678953e-07,8.10243387436271e-05,0.9999999967175145
2026-09-30T00:47:14.203 0.012673839236865703,7.556114333967108e-07,-1.9874794903348697e-05,-1.283598245448923e-08,1.3784215427818214e-07,8.006313016408834e-05,0.999999996794938
2026-09-30T00:47:14.257 0.012691958909926462,6.366302602249266e-07,-1.9977949939413296e-05,3.389777268363624e-08,1.9325627776279416e-07,8.205728601849584e-05,0.9999999966332817
2026-09-30T00:47:14.293 0.012709125001102418,7.560556702274023e-07,-2.0019992584058975e-05,-1.204672266858663e-07,1.6065893401438017e-07,8.087262057868345e-05,0.9999999967297895
2026-09-30T00:47:14.346 0.012729628971773693,8.755231069184199e-07,-2.0052411596637968e-05,-9.778214805165267e-08,1.64500766629356e-07,8.07064485076378e-05,0.9999999967432163
2026-09-30T00:47:14.382 0.012746318322129652,8.75733234893247e-07,-2.0034095721440873e-05,-1.957675411592675e-07,1.8440704848806857e-07,7.928649274912877e-05,0.9999999968567899
2026-09-30T00:47:14.447 0.012765391574073439,7.567640576298657e-07,-2.0198363187921386e-05,-3.1992545909648973e-07,2.5076320496187286e-07,8.217456316774206e-05,0.999999996623588
2026-09-30T00:47:14.478 0.012785418731742885,8.762254936327399e-07,-2.0215127127860582e-05,-3.367207949033315e-07,2.06758003599374e-07,8.065014737684145e-05,0.9999999967476988
2026-09-30T00:47:14.529 0.012803061778783445,8.764476311856806e-07,-2.0183417970238606e-05,-3.905407510651026e-07,2.3702558308605332e-07,8.002471865936999e-05,0.9999999967979178
2026-09-30T00:47:14.565 0.012821181521024261,8.766757557570542e-07,-2.0241869598097227e-05,-4.1035262886680357e-07,2.8172907511192117e-07,8.177693337728078e-05,0.9999999966561427
2026-09-30T00:47:14.625 0.012840731843632451,8.769218987965114e-07,-2.0257879588466285e-05,-2.0680040002836533e-07,2.9814483694059474e-07,8.097228198976923e-05,0.9999999967216789
2026-09-30T00:47:14.656 0.01285885156381384,7.579407310926115e-07,-2.033123233939457e-05,-3.133944639859609e-07,2.6030918542614205e-07,8.072047382413773e-05,0.9999999967420196
2026-09-30T00:47:14.714 0.012877925117539055,9.96599457994472e-07,-2.0301785010984504e-05,-2.467855933284853e-07,2.1688672903921863e-07,8.102647608794503e-05,0.9999999967173011
2026-09-30T00:47:14.750 0.012895568048278929,8.776122923363706e-07,-2.034458154670483e-05,-3.370757631617646e-07,2.2491879695916728e-07,8.079534703027028e-05,0.9999999967359738
2026-09-30T00:47:14.806 0.012913210931898176,7.586251212103851e-07,-2.041718036756147e-05,-2.611807437043374e-07,2.2771326273804712e-07,8.108067859229832e-05,0.9999999967129017
2026-09-30T00:47:14.845 0.012933714904070338,7.588832683600716e-07,-2.044959936064197e-05,-3.5284585924446176e-07,2.69622192902164e-07,8.118168326124455e-05,0.9999999967046685
2026-09-30T00:47:14.905 0.012949450507619292,9.974999603715631e-07,-2.0474479092003066e-05,-2.7965331845211835e-07,2.810313131489057e-07,8.07021110725874e-05,0.999999996743506
2026-09-30T00:47:14.949 0.012969000902409314,8.785368220715156e-07,-2.044578563516915e-05,-2.890312526650011e-07,2.3015784156408725e-07,8.148844541197537e-05,0.9999999966797484
2026-09-30T00:47:15.008 0.01298807438845536,8.787769616888872e-07,-2.046104169546657e-05,-2.7709946593626753e-07,2.646168227176732e-07,8.127676444156436e-05,0.9999999966969704
2026-09-30T00:47:15.047 0.013005240363330629,8.789930684803205e-07,-2.0577590033454546e-05,-3.860801181713256e-07,2.5215967608176106e-07,8.095874558667498e-05,0.9999999967227344
2026-09-30T00:47:15.106 0.01302431392005762,8.792332162995186e-07,-2.054814266604749e-05,-1.4814095498147928e-07,2.10368086687743e-07,8.092904575985033e-05,0.9999999967252117
2026-09-30T00:47:15.160 0.013043864197046067,7.602700643297602e-07,-2.059395492205437e-05,-2.796114539693283e-07,1.8545442057685533e-07,8.1315793584231e-05,0.9999999966938146
2026-09-30T00:47:15.202 0.01305912303621471,8.796714715796613e-07,-2.0573377276140854e-05,-3.917814238008137e-07,2.2130960817767545e-07,8.110077838377462e-05,0.9999999967112306
2026-09-30T00:47:15.234 0.013078196523761644,7.607023216557015e-07,-2.0588633316939778e-05,-3.2018796585596315e-07,2.4354538759506063e-07,8.125188660189918e-05,0.9999999966989845
2026-09-30T00:47:15.291 0.013097746632826115,8.801577296310106e-07,-2.0738753609920765e-05,-4.747343892383283e-07,2.6449923915407186e-07,8.220830164844824e-05,0.9999999966207499
2026-09-30T00:47:15.326 0.013114912821245106,7.611645714865922e-07,-2.0721191645296814e-05,-1.5229047444605927e-07,2.1351130493204e-07,8.127666663891251e-05,0.9999999966970173
2026-09-30T00:47:15.382 0.013135416790415492,9.998412977189412e-07,-2.0753610677374306e-05,-3.085955534973096e-07,2.6636282499889773e-07,8.090213624496306e-05,0.9999999967273391
2026-09-30T00:47:15.414 0.01315258293321474,7.616388445653072e-07,-2.0765850978388174e-05,-3.593569300127522e-07,2.2072773566914765e-07,8.117770090087492e-05,0.9999999967050015
2026-09-30T00:47:15.466 0.013170702744635611,8.810762668798384e-07,-2.0779599198040813e-05,-3.193723265664645e-07,3.103677730447291e-07,8.141958173180807e-05,0.9999999966853267
2026-09-30T00:47:15.503 0.01319120667268892,6.429158294789781e-07,-2.0841820437260636e-05,-3.305722488302922e-07,2.548375620853667e-07,8.078422403578059e-05,0.9999999967368675
2026-09-30T00:47:15.558 0.013208849669607076,8.815565406466971e-07,-2.0839913603771972e-05,-4.570462333936487e-07,2.4540722385383585e-07,8.18994971612793e-05,0.9999999966461016
2026-09-30T00:47:15.590 0.013225062043539891,7.625513592544543e-07,-2.0910250634413697e-05,-2.6497837403141297e-07,2.024511651894097e-07,8.157052861733127e-05,0.9999999966730688
2026-09-30T00:47:15.644 0.013244612435328137,8.820068000370691e-07,-2.0881557216576773e-05,-2.5211765489039947e-07,2.2363885757053282e-07,8.194063241266811e-05,0.9999999966428096
2026-09-30T00:47:15.679 0.01326273215400864,8.822349218745006e-07,-2.0954909987003552e-05,-2.3744032500260653e-07,2.2596720792466938e-07,8.136398630175659e-05,0.9999999966898971
2026-09-30T00:47:15.732 0.01328132880499343,7.63259768528455e-07,-2.0969412097730837e-05,-2.718704066661987e-07,2.7963441727140927e-07,8.112187078329108e-05,0.999999996709545
2026-09-30T00:47:15.766 0.01330135589348282,7.635119067881715e-07,-2.1030879445876014e-05,-3.127695364792799e-07,2.9046083725360546e-07,8.181367232318958e-05,0.9999999966531704
2026-09-30T00:47:15.834 0.013318045145094857,1.1213498924512237e-06,-2.1072168199447047e-05,-2.820395325670093e-07,2.49715657616302e-07,8.150281875395006e-05,0.9999999966785743
2026-09-30T00:47:15.869 0.01333759558700551,1.0023867596190604e-06,-2.1013672457476815e-05,-1.1714109262339947e-07,1.9593289152946723e-07,8.214437028318364e-05,0.9999999966261252
2026-09-30T00:47:15.921 0.013355715307186896,8.834055919151606e-07,-2.1087025208405092e-05,-1.1451813610466194e-07,2.1421010645081828e-07,8.222786447949826e-05,0.9999999966192596
2026-09-30T00:47:15.960 0.013375265535553828,8.836517240188491e-07,-2.116263976904679e-05,-2.700140186347347e-07,2.6682879102810336e-07,8.169885150370098e-05,0.9999999966625768
2026-09-30T00:47:16.012 0.013392908725457165,7.646645884341115e-07,-2.1041523736517365e-05,-1.9282697787130495e-07,2.1816772489539387e-07,8.213077779719357e-05,0.9999999966272253
2026-09-30T00:47:16.047 0.013410551536894579,7.648866986476308e-07,-2.115882600457698e-05,-2.5556010298773215e-07,2.1956430457595483e-07,8.200265475548707e-05,0.9999999966377255
2026-09-30T00:47:16.107 0.013430101715139106,1.0035514043660975e-06,-2.1264242889351988e-05,-4.2985433154305986e-07,3.397037616170723e-07,8.186478275844331e-05,0.9999999966489286
2026-09-30T00:47:16.137 0.013448221506001438,8.845702448640241e-07,-2.129289221257579e-05,-4.0750003306428597e-07,2.6787567295395133e-07,8.184701076303066e-05,0.9999999966504145
2026-09-30T00:47:16.190 0.013466341363042051,1.123216962187771e-06,-2.1276838166590608e-05,-2.8615296220882036e-07,2.591452994576504e-07,8.189787690775937e-05,0.9999999966462944
2026-09-30T00:47:16.226 0.013486368548774474,8.850505323005936e-07,-2.1278700905466152e-05,-1.9574861681800203e-07,2.681098231958327e-07,8.168965339070749e-05,0.9999999966633452
2026-09-30T00:47:16.280 0.013504965151137747,8.852846630279949e-07,-2.1323005320828253e-05,-3.534494201041262e-07,2.7183421106161037e-07,8.27740425514997e-05,0.9999999965741295
2026-09-30T00:47:16.318 0.013521177570690306,8.854887766449677e-07,-2.1363540085832155e-05,-3.4158639135059415e-07,3.1630487340102726e-07,8.218404038196429e-05,0.9999999966227834
2026-09-30T00:47:16.375 0.013542158282181577,1.124171495363634e-06,-2.1456317618253925e-05,-3.198529272110621e-07,2.671776790370093e-07,8.109367821327205e-05,0.9999999967118208
2026-09-30T00:47:16.411 0.01355932449566177,8.859690504118264e-07,-2.1423854491563314e-05,-3.350839926280995e-07,3.1223040127644155e-07,8.245586492798862e-05,0.9999999966004103
2026-09-30T00:47:16.463 0.013577921192266303,8.862031920749963e-07,-2.1408554336652775e-05,-2.7410444163434394e-07,2.2515218139399097e-07,8.269679731180475e-05,0.9999999965805569
2026-09-30T00:47:16.508 0.013596994632692608,7.672340366831523e-07,-2.145361266258802e-05,-2.9216723371937187e-07,2.3248609543953372e-07,8.105678094865854e-05,0.9999999967148294
2026-09-30T00:47:16.551 0.01361368398004679,1.0058627437406418e-06,-2.143529682638792e-05,-2.905025431074171e-07,2.4796943691762106e-07,8.228274945507773e-05,0.9999999966147016
2026-09-30T00:47:16.584 0.013633711070037068,8.86905592459027e-07,-2.1496764155034597e-05,-2.6751170196112444e-07,2.3237006907468834e-07,8.396915195509183e-05,0.999999996474528
2026-09-30T00:47:16.643 0.013652307601719397,8.87139714984602e-07,-2.158577199810117e-05,-3.101510167327689e-07,2.0349866648584208e-07,8.215508599248757e-05,0.9999999966252021
2026-09-30T00:47:16.674 0.013669473666333264,1.244983701335798e-06,-2.1642715824312006e-05,-2.6069859227676915e-07,2.3004167232207286e-07,8.227955373521613e-05,0.9999999966149771
2026-09-30T00:47:16.729 0.013689023993444117,8.876019757512613e-07,-2.1658725756185572e-05,-2.9474172905030706e-07,1.611232975977998e-07,7.836994667024585e-05,0.9999999969290193
2026-09-30T00:47:16.765 0.013708097477989276,1.007051404909964e-06,-2.167398183598149e-05,-2.476774974450462e-07,1.2270652847678878e-07,7.810535412689762e-05,0.9999999969497386
2026-09-30T00:47:16.822 0.013724786829846123,8.880522433434599e-07,-2.1655665941285896e-05,-1.9716258172403052e-07,2.655488460478859e-07,8.372782579513726e-05,0.9999999964947709
2026-09-30T00:47:16.859 0.013743860314391282,1.0075016725021627e-06,-2.1670922021081816e-05,-2.671057817669546e-07,1.2643163786877653e-07,7.738711683295146e-05,0.9999999970055734
2026-09-30T00:47:16.917 0.013761980106754503,7.69311223458758e-07,-2.1699571324807122e-05,-2.944326924282701e-07,1.5483688009604603e-07,7.846441637613747e-05,0.9999999969216123
2026-09-30T00:47:16.952 0.013780576823917574,1.0079639469385326e-06,-2.166937006632542e-05,-1.3258395312039137e-07,1.4110114125966372e-07,8.144353274172087e-05,0.9999999966834567
2026-09-30T00:47:17.005 0.013800126938985595,6.505821967485166e-07,-2.181949028131242e-05,-3.6471240953694466e-07,1.6263626586693116e-07,7.851121313593413e-05,0.999999996917915
2026-09-30T00:47:17.040 0.013817770006584696,8.892229161180621e-07,-2.177288002011928e-05,-2.682777209640556e-07,1.448253871358962e-07,7.914871434944564e-05,0.999999996867694
2026-09-30T00:47:17.094 0.0138377971186344,8.894750571117206e-07,-2.18194462256963e-05,-3.070312516512121e-07,1.251510697979354e-07,8.048367928401934e-05,0.9999999967611337
2026-09-30T00:47:17.124 0.01385639369593647,1.0089184746465113e-06,-2.1878651803125053e-05,-2.6998589013705217e-07,1.0431282734634143e-07,7.87434738881075e-05,0.9999999968996908
2026-09-30T00:47:17.192 0.01387355993147609,8.899253219699771e-07,-2.183128755336478e-05,-1.67729737281088e-07,2.462239856293241e-07,8.237205860868772e-05,0.9999999966073776
2026-09-30T00:47:17.225 0.013893586971343961,1.0093867443031404e-06,-2.1922557206144775e-05,-2.5257357586785555e-07,9.39519937396463e-08,7.897157405987928e-05,0.9999999968817089
2026-09-30T00:47:17.283 0.013912183595766663,1.1288301673058153e-06,-2.1951960498437212e-05,-2.575604493423069e-07,2.1968064885762797e-07,8.123993349597887e-05,0.9999999966999793
2026-09-30T00:47:17.312 0.013928872735580678,1.009830981133832e-06,-2.206775488685505e-05,-2.850104326448938e-07,1.713680632822554e-07,8.03731544912665e-05,0.9999999967700227
2026-09-30T00:47:17.364 0.013949853712238962,7.716765717605367e-07,-2.199661977303308e-05,-3.863782068398563e-07,1.2503396652481168e-07,7.818995145514311e-05,0.9999999969430833
2026-09-30T00:47:17.400 0.013967019823973456,1.129520563579617e-06,-2.2023761314107597e-05,-3.5357482088572565e-07,1.5541872840828858e-07,8.022672977636244e-05,0.9999999967817613
2026-09-30T00:47:17.453 0.013986093240839447,1.0105514054538306e-06,-2.2083720782610994e-05,-1.979820993846481e-07,1.711357303667258e-07,7.972078279858282e-05,0.9999999968222641
2026-09-30T00:47:17.489 0.014004689912382778,1.1299948339243897e-06,-2.2083321789767116e-05,-3.699574880791982e-07,1.1781633828015134e-07,7.834279374709651e-05,0.999999996931128
2026-09-30T00:47:17.544 0.014021379125879512,7.725770768715702e-07,-2.2154412711483483e-05,-3.999309034630318e-07,1.9569807093381782e-07,7.962099848673878e-05,0.9999999968301492
2026-09-30T00:47:17.576 0.01403902198143578,1.0112177716356361e-06,-2.2241912733403773e-05,-4.286149850201934e-07,2.1036630631406742e-07,8.074463286571033e-05,0.9999999967400381
2026-09-30T00:47:17.629 0.014059525956609718,7.730573397026601e-07,-2.2274331687487277e-05,-4.2543603892200405e-07,2.331835442406132e-07,7.858890911940774e-05,0.999999996911774
2026-09-30T00:47:17.662 0.014077168980089963,7.732794745216587e-07,-2.225752367243346e-05,-4.267136293172e-07,1.4494086780229923e-07,7.989142518637053e-05,0.9999999968085785
2026-09-30T00:47:17.722 0.014095288719329004,1.0119261781756946e-06,-2.2315975339289072e-05,-3.115487409405112e-07,1.577473121411029e-07,8.037469036879116e-05,0.9999999967698936
2026-09-30T00:47:17.754 0.014113408505688674,1.2505728872976151e-06,-2.2344624721008372e-05,-3.0856277816301077e-07,2.613570173096462e-07,8.153074928907217e-05,0.9999999966762867
2026-09-30T00:47:17.809 0.014132005275975926,1.012388458079949e-06,-2.228462109939636e-05,-2.7283479300609166e-07,1.4435965846376325e-07,7.868573351815298e-05,0.99999999690423
2026-09-30T00:47:17.856 0.014151078667780714,1.0126285867615519e-06,-2.2359481729966417e-05,-2.5171626590239956e-07,1.644996980628376e-07,7.948732315986549e-05,0.9999999968408375
2026-09-30T00:47:17.898 0.014169198457142158,1.0128567168008097e-06,-2.2388131072688717e-05,-2.0372576018076685e-07,1.2247418642273136e-07,8.068700500128992e-05,0.9999999967447754
2026-09-30T00:47:17.931 0.014187795128685487,1.1323001452713688e-06,-2.2387732079844836e-05,-2.4254649147528404e-07,1.3644366227745858e-07,7.929779345417161e-05,0.9999999968558912
2026-09-30T00:47:17.988 0.014206868474870536,1.013330978943756e-06,-2.2492394976052713e-05,-2.81143891261876e-07,1.647324049660453e-07,8.025545435337423e-05,0.9999999967794779
2026-09-30T00:47:18.821 0.01422403468684984,8.943378235332799e-07,-2.24599318688606e-05,-3.040568773556643e-07,2.799835746298793e-07,8.252307135704805e-05,0.9999999965948859
2026-09-30T00:47:20.009 0.014242631265652799,8.945719515267392e-07,-2.251913742679086e-05,-3.1787144149368893e-07,1.9895815728613592e-07,7.88692119609936e-05,0.9999999968897534
2026-09-30T00:47:20.046 0.014262181611821302,8.948180973001385e-07,-2.2520246274591758e-05,-3.5444165157020595e-07,1.5786340204513046e-07,7.972026530651678e-05,0.9999999968222644
2026-09-30T00:47:20.109 0.01427982454256118,7.758309316420373e-07,-2.2563042810312086e-05,-4.278508974242054e-07,2.365599727711525e-07,8.348432245361875e-05,0.9999999965150644
2026-09-30T00:47:20.144 0.014297944303859646,1.1336869275713468e-06,-2.2606593354098036e-05,-3.1831681725762666e-07,1.8207796426902185e-07,7.918429012359916e-05,0.9999999968648569
2026-09-30T00:47:20.212 0.01431701776484449,1.2531363539961073e-06,-2.2636750576462112e-05,-3.1715854871300485e-07,1.8068096393637962e-07,7.888210421795487e-05,0.9999999968887402
2026-09-30T00:47:20.250 0.014333230233018565,1.134131183539633e-06,-2.2647483036831198e-05,-2.7462778473894336e-07,2.2235832433313676e-07,8.409477100034434e-05,0.9999999964639723
2026-09-30T00:47:20.304 0.014353257508489583,1.253592633212218e-06,-2.2589741263929602e-05,-2.3499330894423016e-07,1.4144962267039036e-07,8.001761110250091e-05,0.9999999967985533
2026-09-30T00:47:20.338 0.014371377159490916,1.0154021677651604e-06,-2.2707797423063858e-05,-3.793122967328624e-07,1.7241508713217457e-07,7.889489994852005e-05,0.9999999968877106
2026-09-30T00:47:20.397 0.014389497018032417,1.134839595547576e-06,-2.2691743357580182e-05,-2.641355798113526e-07,1.8778281348208784e-07,8.115996058742404e-05,0.9999999967064779
2026-09-30T00:47:20.431 0.014409524038842637,8.966731465228035e-07,-2.279791409443284e-05,-4.547225409465785e-07,1.4261240216563272e-07,8.009756037172652e-05,0.9999999967920769
2026-09-30T00:47:20.505 0.014426690153578909,1.016098559259221e-06,-2.282505559651036e-05,-2.402151704871925e-07,1.9313796211901346e-07,7.990684589183104e-05,0.9999999968074005
2026-09-30T00:47:20.539 0.014445286776500721,1.2547512718032274e-06,-2.2854458908301295e-05,-2.673230510218971e-07,1.5006417806351714e-07,8.035710430577172e-05,0.9999999967713209
2026-09-30T00:47:20.592 0.01446292977942243,1.016554824805621e-06,-2.285255199681864e-05,-3.2985370056662987e-07,2.656644063454271e-07,8.346183495100897e-05,0.9999999965169714
2026-09-30T00:47:20.626 0.014481526405346019,1.0167889582669648e-06,-2.2881955269612582e-05,-2.8751415797393124e-07,1.1735124710685653e-07,7.895821698347528e-05,0.9999999968827518
2026-09-30T00:47:20.682 0.014500599772089603,1.1362383737559568e-06,-2.2971717062249294e-05,-3.3242899663487875e-07,2.722998877338546e-07,8.138545170368437e-05,0.9999999966881118
2026-09-30T00:47:20.717 0.014518242819130164,1.1364605113088975e-06,-2.294000790462732e-05,-3.8216672761451417e-07,1.2584914642581413e-07,8.11595897750683e-05,0.9999999967064795
2026-09-30T00:47:20.770 0.01453731637885893,8.982820800454328e-07,-2.2910560498223266e-05,-3.345253386553952e-07,1.0885263703793807e-07,7.898185677941168e-05,0.9999999968808713
2026-09-30T00:47:20.806 0.014555912953159226,1.2561440766628858e-06,-2.296976611464902e-05,-2.9534933931940876e-07,1.2293925563469567e-07,8.053404774647734e-05,0.9999999967570824
2026-09-30T00:47:20.860 0.014574509534963961,1.0179596255736827e-06,-2.302897163358228e-05,-4.07574225149185e-07,2.041964401360241e-07,8.085157370062814e-05,0.9999999967314076
2026-09-30T00:47:20.890 0.014591675673260545,1.1373850410440425e-06,-2.304121199309164e-05,-2.680487065605652e-07,1.7090250333453087e-07,8.032887320054005e-05,0.9999999967735855
2026-09-30T00:47:20.949 0.014612656480493962,1.256858481157146e-06,-2.3074384935742278e-05,-2.8718052510050025e-07,1.9651379455082857e-07,8.087487916648696e-05,0.9999999967295664
2026-09-30T00:47:20.985 0.014628392112105894,1.1378473072785859e-06,-2.3084363466039724e-05,-2.833573954836925e-07,2.2538473984777435e-07,8.012393667520767e-05,0.9999999967900118
2026-09-30T00:47:21.043 0.014648896013597113,1.138105446226446e-06,-2.31614858868247e-05,-3.14903810151038e-07,1.853377241929354e-07,8.055653280222548e-05,0.9999999967552557
2026-09-30T00:47:21.082 0.014668446406886247,1.1383515974677297e-06,-2.3132792449489283e-05,-2.3247736901974912e-07,1.4016911658894139e-07,8.054878480601658e-05,0.9999999967559098
2026-09-30T00:47:21.135 0.014684658824937915,1.2577650006260337e-06,-2.3173327233991684e-05,-3.079501073046918e-07,1.0559330042735275e-07,8.04936930814e-05,0.9999999967603297
2026-09-30T00:47:21.186 0.014704685913427305,1.2580171388857504e-06,-2.3234794582136858e-05,-3.1119733439118713e-07,1.448252524864888e-07,8.081520460584556e-05,0.9999999967343924
2026-09-30T00:47:21.225 0.014723759468653405,1.3774665762462795e-06,-2.32053472342283e-05,-2.0483665797398923e-07,1.0815507945359534e-07,8.04558324854005e-05,0.9999999967634027
2026-09-30T00:47:21.259 0.014740448798450828,1.1392581224045018e-06,-2.3201932462602368e-05,-1.377252902105462e-07,1.0314962694910345e-07,8.023098150758565e-05,0.99999999678148
2026-09-30T00:47:21.318 0.014759522306556302,1.2587075542971468e-06,-2.320228739983013e-05,-2.0320868474296534e-07,1.2852779022565032e-07,8.075379837140129e-05,0.9999999967393831
2026-09-30T00:47:21.351 0.014778118721937945,1.1397323736116796e-06,-2.3365800936239e-05,-1.8673144429184094e-07,1.7008819007403024e-07,8.128670519580108e-05,0.9999999966962039
2026-09-30T00:47:21.406 0.01479671541704159,1.2591758048161809e-06,-2.335050080082696e-05,-3.197361877143749e-07,1.3481341956401644e-07,8.00251871047642e-05,0.9999999967979245
2026-09-30T00:47:21.445 0.014815788855967007,1.2594159389656681e-06,-2.33955591462607e-05,-2.8753500993598776e-07,1.4633888581187717e-07,8.18837615704256e-05,0.9999999966474727
2026-09-30T00:47:21.499 0.014832954928085312,1.0212134776102075e-06,-2.3452502874979043e-05,-4.621513167990257e-07,1.9662907014757728e-07,8.04352575465653e-05,0.9999999967649585
2026-09-30T00:47:21.534 0.014851074717446759,1.0214416076494654e-06,-2.3481152217701342e-05,-3.464321951967196e-07,1.6962140365941818e-07,7.984153394209194e-05,0.9999999968125903
2026-09-30T00:47:21.589 0.01487014827417375,1.0216817554686632e-06,-2.3451704850294287e-05,-2.804685993673659e-07,1.486671992441529e-07,8.139877132615435e-05,0.9999999966870696
2026-09-30T00:47:21.629 0.01488731438891002,1.141107168205081e-06,-2.3478846352371807e-05,-2.3582639692120573e-07,1.7765487896483246e-07,8.132976017431167e-05,0.9999999966926915
2026-09-30T00:47:21.679 0.014905434109091408,1.0221260005011811e-06,-2.3552199103300085e-05,-2.3553747451152558e-07,1.8859780341856465e-07,7.993219395236364e-05,0.9999999968053767
2026-09-30T00:47:21.714 0.014925461266760852,1.1415874365040555e-06,-2.3568963043239283e-05,-2.929070469871884e-07,1.9965704913991067e-07,8.187794594344422e-05,0.9999999966479381
2026-09-30T00:47:21.766 0.014941673615632468,1.1417915419192016e-06,-2.3654201235947662e-05,-2.7360740049018444e-07,2.4342921173178453e-07,8.068141214489583e-05,0.9999999967451878
2026-09-30T00:47:21.799 0.01496074719742066,1.0228224029310103e-06,-2.360985270647395e-05,-2.7923499400215274e-07,9.60474580544984e-08,8.08824957942539e-05,0.9999999967289673
2026-09-30T00:47:21.864 0.014980297494967647,1.1422778327778567e-06,-2.3640763858909665e-05,-2.695148058361297e-07,1.5413883511232494e-07,8.200266709292783e-05,0.9999999966377331
2026-09-30T00:47:21.895 0.014996986774642663,1.1424879525508573e-06,-2.3667151411417047e-05,-3.0710141974715776e-07,1.6286961250677036e-07,8.040597230943553e-05,0.9999999967673794
2026-09-30T00:47:21.953 0.015017490745313937,1.2619553892418751e-06,-2.3699570423996044e-05,-2.61248300127047e-07,1.692728384206155e-07,8.156683105841162e-05,0.9999999966733776
2026-09-30T00:47:21.985 0.01503513369511146,1.5005960949417097e-06,-2.3727465875643705e-05,-2.569930971867522e-07,1.264320474717338e-07,8.163556997359529e-05,0.9999999966677758
2026-09-30T00:47:22.038 0.015053730297474734,1.5008302256691113e-06,-2.3771770291005802e-05,-3.320641621480229e-07,2.220084131936602e-07,8.036024144681813e-05,0.999999996771036
2026-09-30T00:47:22.076 0.015073280601025274,1.1434484973506327e-06,-2.3802681365447527e-05,-2.2857142859933341e-07,1.7323121588858448e-07,8.225854328662588e-05,0.9999999966167249
2026-09-30T00:47:22.130 0.015089492901275372,1.2628618868392259e-06,-2.3917721862790722e-05,-3.913097947699198e-07,2.177008036634533e-07,8.199024706716303e-05,0.9999999966386994
2026-09-30T00:47:22.168 0.015108566316640475,1.2631020182547707e-06,-2.3977681350792617e-05,-3.803613629323261e-07,2.124620900053197e-07,8.081816883239123e-05,0.9999999967341169
2026-09-30T00:47:22.220 0.015127639876369241,1.024923586991306e-06,-2.3948233944388565e-05,-2.91490792623288e-07,2.906940025732075e-07,8.428369803548531e-05,0.9999999964480444
2026-09-30T00:47:22.259 0.015144329272344942,1.1443430099753487e-06,-2.390011580355365e-05,-2.928209298911557e-07,8.82475402256321e-08,8.077685932435949e-05,0.9999999967375027
2026-09-30T00:47:22.312 0.015164356456576478,1.0253858696295027e-06,-2.3901978561927694e-05,-2.906139446621035e-07,1.6740986026216422e-07,7.976363790372567e-05,0.9999999968188248
2026-09-30T00:47:22.350 0.015182953058939751,1.025620000356904e-06,-2.394628297728979e-05,-3.1123738447765915e-07,1.899946429890357e-07,8.401555112569491e-05,0.9999999964706271
2026-09-30T00:47:22.409 0.015201072702436643,1.3834759826165029e-06,-2.406433923391654e-05,-2.637235589671949e-07,1.7253238277449845e-07,8.07933672366699e-05,0.9999999967361662
2026-09-30T00:47:22.441 0.015220146237104208,1.2645068381604274e-06,-2.4049792989579146e-05,-3.4448837568294924e-07,1.1059895251787863e-07,8.080993470347585e-05,0.9999999967348118
2026-09-30T00:47:22.493 0.015238266144267227,1.264734981869396e-06,-2.400393661946065e-05,-2.4739647026181345e-07,2.486684672982348e-07,8.556169917329454e-05,0.9999999963395363
2026-09-30T00:47:22.540 0.0152563858158271,1.264963098238943e-06,-2.4107091675023748e-05,-3.5673050207902745e-07,1.6496481775224707e-07,8.09495830971272e-05,0.9999999967235053
2026-09-30T00:47:22.586 0.015274505703932467,9.075633705899757e-07,-2.4076136388977916e-05,-3.168231175442811e-07,1.9872541170385162e-07,7.99000958549305e-05,0.9999999968079174
2026-09-30T00:47:22.622 0.015292625348930248,1.146210063308243e-06,-2.4194192626106166e-05,-3.40986002828745e-07,2.407514710500776e-07,8.350963215007956e-05,0.9999999965129835
2026-09-30T00:47:22.679 0.01531265253016001,1.2656715020450596e-06,-2.4196055423477206e-05,-3.083269625261218e-07,1.703202465659049e-07,8.121357481743758e-05,0.9999999967021156
2026-09-30T00:47:22.718 0.015330772344582655,1.1466903452769283e-06,-2.4209803604132848e-05,-2.9820140416420964e-07,1.9651371427001367e-07,8.077648662235851e-05,0.9999999967375158
2026-09-30T00:47:22.768 0.01534936894694593,1.1469244760043296e-06,-2.425410801949495e-05,-2.277378616663196e-07,1.2491892073668235e-07,8.270953662469444e-05,0.9999999965795325
2026-09-30T00:47:22.802 0.015368919220932602,1.266379903117234e-06,-2.4299920314498826e-05,-3.570724138792903e-07,1.8137945395233413e-07,8.199385790899676e-05,0.9999999966384234
2026-09-30T00:47:22.856 0.015387039033854362,1.266608035890434e-06,-2.4313668514652966e-05,-2.8334609494709197e-07,1.9360346837017504e-07,8.130633902110313e-05,0.9999999966945807
2026-09-30T00:47:22.892 0.015404205150091521,1.2668241590855202e-06,-2.4340809997231988e-05,-2.4908873262910134e-07,1.860367680451816e-07,8.222666337777023e-05,0.9999999966193396
2026-09-30T00:47:22.950 0.015424232259139447,1.5054948791618413e-06,-2.4387376241806003e-05,-3.3806356762060597e-07,1.3504628488998347e-07,8.187507002559123e-05,0.9999999966481702
2026-09-30T00:47:22.986 0.015439967962933213,1.2672744239437766e-06,-2.4352651324900474e-05,-2.28996765388416e-07,2.492505645301426e-07,8.439217617555705e-05,0.999999996438923
2026-09-30T00:47:23.042 0.015459041306116481,1.3867238366988264e-06,-2.4457314260105345e-05,-3.409359266729946e-07,2.109490490639311e-07,8.209250949378264e-05,0.9999999966303296
2026-09-30T00:47:23.078 0.01547954528129042,1.1485634047658503e-06,-2.4489733214188846e-05,-3.112081611542592e-07,1.832422469508973e-07,8.022407744094614e-05,0.9999999967819835
2026-09-30T00:47:23.132 0.015496234656707582,1.0295642459332883e-06,-2.4456516176925094e-05,-3.0803658480839606e-07,1.280616564596462e-07,8.30400171362152e-05,0.9999999965521221
2026-09-30T00:47:23.169 0.015514831185388135,1.268216947541526e-06,-2.454552405898867e-05,-3.6576876633410404e-07,1.8347489188689654e-07,8.218566001007676e-05,0.9999999966226749
2026-09-30T00:47:23.233 0.015533904696495387,1.1492478003515082e-06,-2.454587895721943e-05,-4.182208299769206e-07,2.0314866692642687e-07,8.122600328182044e-05,0.9999999967010601
2026-09-30T00:47:23.275 0.015551070739049823,1.3878824944274307e-06,-2.4617723906499925e-05,-2.792046263275086e-07,1.9884231999836462e-07,8.301138364680356e-05,0.9999999965544963
2026-09-30T00:47:23.324 0.015570144344398332,1.2689133581731816e-06,-2.4558474234458053e-05,-2.1000797827424138e-07,1.0419706720925712e-07,8.215870246164875e-05,0.9999999966249463
2026-09-30T00:47:23.360 0.01558921773620312,1.2691534868547845e-06,-2.4633334865028108e-05,-3.0924926744555445e-07,1.722993514181561e-07,8.181425057221974e-05,0.9999999966531515
2026-09-30T00:47:23.412 0.015605907040939337,1.150154319820396e-06,-2.4644821255468832e-05,-2.6566817935482055e-07,2.2131058342280238e-07,8.335308198370697e-05,0.9999999965260721
2026-09-30T00:47:23.448 0.01562641105723035,1.3888310515206295e-06,-2.464743800241001e-05,-3.006486900237565e-07,2.0047195079229336e-07,8.239329428763728e-05,0.9999999966056072
