2026-09-30T01:40:47.255 5,0,map,-6.000000000000445,-1.0,0.0,0.0,0.0,0.9999999999991198,1.3267948966775328e-06,-2.3803181647963356e-12,0.0,0.0,0.0,0.0,0.0,0.0,0.0,0.0,0.0,0.0,0.0,0.0,0.0,0.0,0.0,0.0,0.0,0.0,0.0,0.0,0.0,0.0,0.0,0.0,0.0,0.0,0.0,0.0,0.0,0.0,0.0,0.0,0.0,0.0,-6.972200594645862e-14
2026-09-30T01:42:41.818 46,400000000,map,-6.0866602726091585,-1.0050141132850183,0.0,0.0,0.0,-0.9683682377436459,0.2495254618856874,0.01624591666171682,0.0020820651865482986,0.0,0.0,0.0,0.0,0.0020820651865482986,0.0006385440360510142,0.0,0.0,0.0,0.0,0.0,0.0,0.0,0.0,0.0,0.0,0.0,0.0,0.0,0.0,0.0,0.0,0.0,0.0,0.0,0.0,0.0,0.0,0.0,0.0,0.0,0.0,0.0,0.015425502116805276
2026-09-30T01:42:45.960 47,800000000,map,-6.163133526092722,-1.0501084909414042,0.0,0.0,0.0,-0.8100398891152432,0.5863747760964523,0.025009236818398506,0.013590591544597075,0.0,0.0,0.0,0.0,0.013590591544597075,0.013960433896340385,0.0,0.0,0.0,0.0,0.0,0.0,0.0,0.0,0.0,0.0,0.0,0.0,0.0,0.0,0.0,0.0,0.0,0.0,0.0,0.0,0.0,0.0,0.0,0.0,0.0,0.0,0.0,0.03632264835428718
2026-09-30T01:42:51.150 48,900000000,map,-6.186478557039438,-1.1266863206155147,0.0,0.0,0.0,-0.5822967222773681,0.8129763386624691,0.026157598010129846,0.014178791858364903,0.0,0.0,0.0,0.0,0.014178791858364903,0.028075634281464312,0.0,0.0,0.0,0.0,0.0,0.0,0.0,0.0,0.0,0.0,0.0,0.0,0.0,0.0,0.0,0.0,0.0,0.0,0.0,0.0,0.0,0.0,0.0,0.0,0.0,0.0,0.0,0.030150508131807096
2026-09-30T01:42:54.014 49,900000000,map,-6.192573376402572,-1.1748653586223246,0.0,0.0,0.0,-0.30758532706498787,0.9515205024455986,0.03402411219082069,0.0034786881785153767,0.0,0.0,0.0,0.0,0.0034786881785153767,0.03144975138845796,0.0,0.0,0.0,0.0,0.0,0.0,0.0,0.0,0.0,0.0,0.0,0.0,0.0,0.0,0.0,0.0,0.0,0.0,0.0,0.0,0.0,0.0,0.0,0.0,0.0,0.0,0.0,0.017717634113478806
2026-09-30T01:42:57.291 51,100000000,map,-6.150147820515465,-1.157374368835945,0.0,0.0,0.0,0.07767347733910453,0.9969788517907747,0.05046446532615789,-0.006139996733818265,0.0,0.0,0.0,0.0,-0.006139996733818265,0.03417357695332601,0.0,0.0,0.0,0.0,0.0,0.0,0.0,0.0,0.0,0.0,0.0,0.0,0.0,0.0,0.0,0.0,0.0,0.0,0.0,0.0,0.0,0.0,0.0,0.0,0.0,0.0,0.0,0.011426059385003066
2026-09-30T01:43:01.158 52,500000000,map,-5.602981854849271,-0.8815300839015459,0.0,0.0,0.0,0.1183720137453987,0.9929693179357856,0.07290292194209158,0.008846396278519464,0.0,0.0,0.0,0.0,0.008846396278518576,0.03409758067409718,0.0,0.0,0.0,0.0,0.0,0.0,0.0,0.0,0.0,0.0,0.0,0.0,0.0,0.0,0.0,0.0,0.0,0.0,0.0,0.0,0.0,0.0,0.0,0.0,0.0,0.0,0.0,0.02884641606191689
2026-09-30T01:43:04.598 53,700000000,map,-4.599400703215129,-0.8288652003600108,0.0,0.0,0.0,-0.05841400259789323,0.9982924442769731,0.07750125513231865,0.007956685236803818,0.0,0.0,0.0,0.0,0.007956685236803818,0.030921221287475542,0.0,0.0,0.0,0.0,0.0,0.0,0.0,0.0,0.0,0.0,0.0,0.0,0.0,0.0,0.0,0.0,0.0,0.0,0.0,0.0,0.0,0.0,0.0,0.0,0.0,0.0,0.0,0.03342108378182353
2026-09-30T01:43:07.983 54,900000000,map,-3.634511978613138,-0.8829996462318467,0.0,0.0,0.0,-0.028468513569185047,0.9995946897293728,0.10100855485600668,0.009373072261741555,0.0,0.0,0.0,0.0,0.009373072261741111,0.02845034950626646,0.0,0.0,0.0,0.0,0.0,0.0,0.0,0.0,0.0,0.0,0.0,0.0,0.0,0.0,0.0,0.0,0.0,0.0,0.0,0.0,0.0,0.0,0.0,0.0,0.0,0.0,0.0,0.02757005587690396
2026-09-30T01:43:11.612 56,200000000,map,-2.605373289229439,-0.8736617835694724,0.0,0.0,0.0,-0.0038702888640263946,0.9999925104040075,0.1405394309847665,0.012922867511854008,0.0,0.0,0.0,0.0,0.012922867511854008,0.03653004559288453,0.0,0.0,0.0,0.0,0.0,0.0,0.0,0.0,0.0,0.0,0.0,0.0,0.0,0.0,0.0,0.0,0.0,0.0,0.0,0.0,0.0,0.0,0.0,0.0,0.0,0.0,0.0,0.026864143710610744
2026-09-30T01:43:14.951 57,400000000,map,-1.5948556692949216,-0.8828306880766664,0.0,0.0,0.0,-0.028457105772893107,0.9995950145589114,0.15576232233733034,0.012726069203536916,0.0,0.0,0.0,0.0,0.012726069203536916,0.03478872017457346,0.0,0.0,0.0,0.0,0.0,0.0,0.0,0.0,0.0,0.0,0.0,0.0,0.0,0.0,0.0,0.0,0.0,0.0,0.0,0.0,0.0,0.0,0.0,0.0,0.0,0.0,0.0,0.02549799777107364
2026-09-30T01:43:19.389 58,700000000,map,-0.7418468302862354,-0.9258771837299258,0.0,0.0,0.0,-0.03613096558156098,0.9993470635000355,0.11323974470706522,0.0013622772070109868,0.0,0.0,0.0,0.0,0.0013622772070109868,0.031826580263974225,0.0,0.0,0.0,0.0,0.0,0.0,0.0,0.0,0.0,0.0,0.0,0.0,0.0,0.0,0.0,0.0,0.0,0.0,0.0,0.0,0.0,0.0,0.0,0.0,0.0,0.0,0.0,0.022083653843211197
