2026-09-30T01:08:40.787 5,400000000,map,-6.000000000000445,-1.0,0.0,0.0,0.0,0.9999999999991198,1.3267948966775328e-06,-2.3803181647963356e-12,0.0,0.0,0.0,0.0,0.0,0.0,0.0,0.0,0.0,0.0,0.0,0.0,0.0,0.0,0.0,0.0,0.0,0.0,0.0,0.0,0.0,0.0,0.0,0.0,0.0,0.0,0.0,0.0,0.0,0.0,0.0,0.0,0.0,0.0,-6.972200594645862e-14
2026-09-30T01:10:40.262 46,400000000,map,-6.09049601814631,-1.0058108426504058,0.0,0.0,0.0,-0.9702398783932126,0.24214577918172372,0.01443052592797045,0.0018203015762248143,0.0,0.0,0.0,0.0,0.0018203015762257024,0.0005692937655401575,0.0,0.0,0.0,0.0,0.0,0.0,0.0,0.0,0.0,0.0,0.0,0.0,0.0,0.0,0.0,0.0,0.0,0.0,0.0,0.0,0.0,0.0,0.0,0.0,0.0,0.0,0.0,0.015356203949113115
2026-09-30T01:10:44.183 47,800000000,map,-6.166229321560281,-1.0520590129105734,0.0,0.0,0.0,-0.8195808521659913,0.5729635474991995,0.025600195508054924,0.013526567185243366,0.0,0.0,0.0,0.0,0.013526567185243366,0.013147207747001621,0.0,0.0,0.0,0.0,0.0,0.0,0.0,0.0,0.0,0.0,0.0,0.0,0.0,0.0,0.0,0.0,0.0,0.0,0.0,0.0,0.0,0.0,0.0,0.0,0.0,0.0,0.0,0.027756526598929288
2026-09-30T01:10:49.922 49,100000000,map,-6.212709005363056,-1.1167237904138076,0.0,0.0,0.0,-0.5988752824095537,0.8008423041516209,0.024861504427477144,0.01430285918496299,0.0,0.0,0.0,0.0,0.01430285918496299,0.034719217923288914,0.0,0.0,0.0,0.0,0.0,0.0,0.0,0.0,0.0,0.0,0.0,0.0,0.0,0.0,0.0,0.0,0.0,0.0,0.0,0.0,0.0,0.0,0.0,0.0,0.0,0.0,0.0,0.034176544658015805
2026-09-30T01:10:52.925 50,200000000,map,-6.207488612307736,-1.1609536479461273,0.0,0.0,0.0,-0.2866986072112917,0.9580208289088007,0.03278080699507058,-0.0005427064875584975,0.0,0.0,0.0,0.0,-0.0005427064875584975,0.04579003838256979,0.0,0.0,0.0,0.0,0.0,0.0,0.0,0.0,0.0,0.0,0.0,0.0,0.0,0.0,0.0,0.0,0.0,0.0,0.0,0.0,0.0,0.0,0.0,0.0,0.0,0.0,0.0,0.03124104914198613
2026-09-30T01:10:56.034 51,400000000,map,-6.222935368225104,-1.154683705987577,0.0,0.0,0.0,0.08859535996138172,0.9960676996034522,0.06397765738785921,-0.007462331256056665,0.0,0.0,0.0,0.0,-0.007462331256056665,0.043992483308349595,0.0,0.0,0.0,0.0,0.0,0.0,0.0,0.0,0.0,0.0,0.0,0.0,0.0,0.0,0.0,0.0,0.0,0.0,0.0,0.0,0.0,0.0,0.0,0.0,0.0,0.0,0.0,0.018338221035640093
2026-09-30T01:10:59.605 52,700000000,map,-5.650206659907084,-0.8533803413051542,0.0,0.0,0.0,0.1371837320757282,0.9905456191684333,0.08875614730008508,0.015547790535910266,0.0,0.0,0.0,0.0,0.015547790535910266,0.03897946307960476,0.0,0.0,0.0,0.0,0.0,0.0,0.0,0.0,0.0,0.0,0.0,0.0,0.0,0.0,0.0,0.0,0.0,0.0,0.0,0.0,0.0,0.0,0.0,0.0,0.0,0.0,0.0,0.026533709345039704
2026-09-30T01:11:02.891 53,900000000,map,-4.652126255742696,-0.7910082353964552,0.0,0.0,0.0,-0.05907269543859045,0.9982536835161789,0.11112535482558172,0.012401166663150942,0.0,0.0,0.0,0.0,0.012401166663150942,0.03760954172942621,0.0,0.0,0.0,0.0,0.0,0.0,0.0,0.0,0.0,0.0,0.0,0.0,0.0,0.0,0.0,0.0,0.0,0.0,0.0,0.0,0.0,0.0,0.0,0.0,0.0,0.0,0.0,0.03353406640101911
2026-09-30T01:11:06.153 55,100000000,map,-3.678041351527708,-0.8447040048825017,0.0,0.0,0.0,-0.03188501542817877,0.9994915436316332,0.14513213731656371,0.010158589121622708,0.0,0.0,0.0,0.0,0.010158589121622708,0.03603263734085249,0.0,0.0,0.0,0.0,0.0,0.0,0.0,0.0,0.0,0.0,0.0,0.0,0.0,0.0,0.0,0.0,0.0,0.0,0.0,0.0,0.0,0.0,0.0,0.0,0.0,0.0,0.0,0.039598389824415756
2026-09-30T01:11:09.389 56,300000000,map,-2.672316814240434,-0.8407755482191409,0.0,0.0,0.0,-0.01736522341063523,0.9998492131396107,0.18753235518673517,0.006151767918683326,0.0,0.0,0.0,0.0,0.006151767918683326,0.029056066556959803,0.0,0.0,0.0,0.0,0.0,0.0,0.0,0.0,0.0,0.0,0.0,0.0,0.0,0.0,0.0,0.0,0.0,0.0,0.0,0.0,0.0,0.0,0.0,0.0,0.0,0.0,0.0,0.034453633246191856
2026-09-30T01:11:12.672 57,500000000,map,-1.7324856244593696,-0.8267360656889179,0.0,0.0,0.0,-0.015850341147280695,0.9998743754519939,0.16292637399052445,0.01321028956335657,0.0,0.0,0.0,0.0,0.01321028956335657,0.032032929173447355,0.0,0.0,0.0,0.0,0.0,0.0,0.0,0.0,0.0,0.0,0.0,0.0,0.0,0.0,0.0,0.0,0.0,0.0,0.0,0.0,0.0,0.0,0.0,0.0,0.0,0.0,0.0,0.03225995636505997
2026-09-30T01:11:16.064 58,800000000,map,-0.7375552707708614,-0.8228398787291845,0.0,0.0,0.0,-0.03966662264585073,0.9992129698156803,0.14128251212082632,0.01375051854681597,0.0,0.0,0.0,0.0,0.01375051854681597,0.031865992373288465,0.0,0.0,0.0,0.0,0.0,0.0,0.0,0.0,0.0,0.0,0.0,0.0,0.0,0.0,0.0,0.0,0.0,0.0,0.0,0.0,0.0,0.0,0.0,0.0,0.0,0.0,0.0,0.030797217646641232
