2026-09-30T02:16:06.587 4,300000000,map,-6.000000000000445,-1.0,0.0,0.0,0.0,0.9999999999991198,1.3267948966775328e-06,-2.3803181647963356e-12,0.0,0.0,0.0,0.0,0.0,0.0,0.0,0.0,0.0,0.0,0.0,0.0,0.0,0.0,0.0,0.0,0.0,0.0,0.0,0.0,0.0,0.0,0.0,0.0,0.0,0.0,0.0,0.0,0.0,0.0,0.0,0.0,0.0,0.0,-6.972200594645862e-14
2026-09-30T02:16:10.552 8,800000000,map,-6.033921062535627,-0.997569030162125,0.0,0.0,0.0,0.9778148187986937,0.20947119166529302,0.019625120456836953,-0.0016345088795599594,0.0,0.0,0.0,0.0,-0.0016345088795599594,0.0004864136479056924,0.0,0.0,0.0,0.0,0.0,0.0,0.0,0.0,0.0,0.0,0.0,0.0,0.0,0.0,0.0,0.0,0.0,0.0,0.0,0.0,0.0,0.0,0.0,0.0,0.0,0.0,0.0,0.017297694563466356
2026-09-30T02:16:18.137 11,0,map,-6.097186166115911,-0.9800260247968174,0.0,0.0,0.0,0.9510230805265402,0.30911988015300795,0.036025250956363664,-0.010766523969285124,0.0,0.0,0.0,0.0,-0.010766523969285124,0.0060423546956271945,0.0,0.0,0.0,0.0,0.0,0.0,0.0,0.0,0.0,0.0,0.0,0.0,0.0,0.0,0.0,0.0,0.0,0.0,0.0,0.0,0.0,0.0,0.0,0.0,0.0,0.0,0.0,0.03540632938435863
2026-09-30T02:16:22.323 12,200000000,map,-6.169461465960793,-0.9137889284477212,0.0,0.0,0.0,0.7933059368217343,0.6088232014332161,0.04379544901033228,-0.02452517949550792,0.0,0.0,0.0,0.0,-0.02452517949550792,0.027674450941334028,0.0,0.0,0.0,0.0,0.0,0.0,0.0,0.0,0.0,0.0,0.0,0.0,0.0,0.0,0.0,0.0,0.0,0.0,0.0,0.0,0.0,0.0,0.0,0.0,0.0,0.0,0.0,0.043405674256928296
2026-09-30T02:16:25.358 13,100000000,map,-6.055703603332454,-0.40959968747080006,0.0,0.0,0.0,0.47307421501585284,0.8810225803503192,0.042800840066938406,-0.008942635805530674,0.0,0.0,0.0,0.0,-0.00894263580553023,0.05668807858464592,0.0,0.0,0.0,0.0,0.0,0.0,0.0,0.0,0.0,0.0,0.0,0.0,0.0,0.0,0.0,0.0,0.0,0.0,0.0,0.0,0.0,0.0,0.0,0.0,0.0,0.0,0.0,0.02878416128587742
2026-09-30T02:16:30.773 14,100000000,map,-5.346667713490675,-0.09236314454871188,0.0,0.0,0.0,0.09180802638759332,0.9957767251200517,0.07963651412336503,0.014288929663595074,0.0,0.0,0.0,0.0,0.014288929663595185,0.06614636014647793,0.0,0.0,0.0,0.0,0.0,0.0,0.0,0.0,0.0,0.0,0.0,0.0,0.0,0.0,0.0,0.0,0.0,0.0,0.0,0.0,0.0,0.0,0.0,0.0,0.0,0.0,0.0,0.05197781010547083
2026-09-30T02:16:35.039 15,300000000,map,-4.401909655189845,-0.23945509816549204,0.0,0.0,0.0,-0.09261043246989589,0.9957024192989283,0.13707936596894754,0.007455687473556072,0.0,0.0,0.0,0.0,0.007455687473556294,0.06540554323907666,0.0,0.0,0.0,0.0,0.0,0.0,0.0,0.0,0.0,0.0,0.0,0.0,0.0,0.0,0.0,0.0,0.0,0.0,0.0,0.0,0.0,0.0,0.0,0.0,0.0,0.0,0.0,0.07678993241854826
2026-09-30T02:16:39.362 16,500000000,map,-3.5008058784878138,-0.352640893745434,0.0,0.0,0.0,-0.00469018806668946,0.9999890010074606,0.2074329291020156,0.0035764853076956094,0.0,0.0,0.0,0.0,0.0035764853076956094,0.07308585423118402,0.0,0.0,0.0,0.0,0.0,0.0,0.0,0.0,0.0,0.0,0.0,0.0,0.0,0.0,0.0,0.0,0.0,0.0,0.0,0.0,0.0,0.0,0.0,0.0,0.0,0.0,0.0,0.09310976224656996
2026-09-30T02:16:43.758 17,700000000,map,-2.5354995247112306,-0.3185189959589383,0.0,0.0,0.0,-0.0494847113690501,0.9987748812123389,0.30484868912967666,0.017515967477456318,0.0,0.0,0.0,0.0,0.017515967477456318,0.10125321363959588,0.0,0.0,0.0,0.0,0.0,0.0,0.0,0.0,0.0,0.0,0.0,0.0,0.0,0.0,0.0,0.0,0.0,0.0,0.0,0.0,0.0,0.0,0.0,0.0,0.0,0.0,0.0,0.10627430280508471
2026-09-30T02:16:48.159 18,900000000,map,-1.6111198124463035,-0.46021899884557516,0.0,0.0,0.0,-0.14020810237083292,0.9901220571371845,0.3234180698974116,0.005475441707158302,0.0,0.0,0.0,0.0,0.005475441707158191,0.0798409341380742,0.0,0.0,0.0,0.0,0.0,0.0,0.0,0.0,0.0,0.0,0.0,0.0,0.0,0.0,0.0,0.0,0.0,0.0,0.0,0.0,0.0,0.0,0.0,0.0,0.0,0.0,0.0,0.06826544480446174
2026-09-30T02:16:52.415 20,100000000,map,-0.6967684282855073,-0.7126164791301896,0.0,0.0,0.0,-0.16258853799539535,0.986693958283175,0.286927019698992,0.0010202091521586132,0.0,0.0,0.0,0.0,0.0010202091521586687,0.09725871118195811,0.0,0.0,0.0,0.0,0.0,0.0,0.0,0.0,0.0,0.0,0.0,0.0,0.0,0.0,0.0,0.0,0.0,0.0,0.0,0.0,0.0,0.0,0.0,0.0,0.0,0.0,0.0,0.06653452335109654
