2026-09-30T02:16:07.015 0.0,0.0,0.0,0.0,0.0,-0.2578947368421052
2026-09-30T02:16:07.064 0.0,0.0,0.0,0.0,0.0,-0.2578947368421052
2026-09-30T02:16:07.114 0.0,0.0,0.0,0.0,0.0,-0.2578947368421052
2026-09-30T02:16:07.164 0.0,0.0,0.0,0.0,0.0,-0.2578947368421052
2026-09-30T02:16:07.214 0.0,0.0,0.0,0.0,0.0,-0.2578947368421052
2026-09-30T02:16:07.264 0.0,0.0,0.0,0.0,0.0,-0.2578947368421052
2026-09-30T02:16:07.314 0.0,0.0,0.0,0.0,0.0,-0.2578947368421052
2026-09-30T02:16:07.364 0.0,0.0,0.0,0.0,0.0,-0.2578947368421052
2026-09-30T02:16:07.414 0.0,0.0,0.0,0.0,0.0,-0.2578947368421052
2026-09-30T02:16:07.464 0.0,0.0,0.0,0.0,0.0,-0.2578947368421052
2026-09-30T02:16:07.514 0.0,0.0,0.0,0.0,0.0,-0.4178947368421052
2026-09-30T02:16:07.564 0.0,0.0,0.0,0.0,0.0,-0.5778947368421052
2026-09-30T02:16:07.614 0.0,0.0,0.0,0.0,0.0,-0.7
2026-09-30T02:16:07.664 0.0,0.0,0.0,0.0,0.0,-0.7
2026-09-30T02:16:07.714 0.0,0.0,0.0,0.0,0.0,-0.7
2026-09-30T02:16:07.764 0.0,0.0,0.0,0.0,0.0,-0.7
2026-09-30T02:16:07.815 0.0,0.0,0.0,0.0,0.0,-0.7
2026-09-30T02:16:07.864 0.0,0.0,0.0,0.0,0.0,-0.7
2026-09-30T02:16:07.914 0.0,0.0,0.0,0.0,0.0,-0.7
2026-09-30T02:16:07.964 0.0,0.0,0.0,0.0,0.0,-0.7
2026-09-30T02:16:08.014 0.0,0.0,0.0,0.0,0.0,-0.7
2026-09-30T02:16:08.064 0.0,0.0,0.0,0.0,0.0,-0.7
2026-09-30T02:16:08.114 0.0,0.0,0.0,0.0,0.0,-0.7
2026-09-30T02:16:08.164 0.0,0.0,0.0,0.0,0.0,-0.7
2026-09-30T02:16:08.214 0.0,0.0,0.0,0.0,0.0,-0.7
2026-09-30T02:16:08.264 0.0,0.0,0.0,0.0,0.0,-0.7
2026-09-30T02:16:08.314 0.0,0.0,0.0,0.0,0.0,-0.7
2026-09-30T02:16:08.364 0.0,0.0,0.0,0.0,0.0,-0.7
2026-09-30T02:16:08.414 0.0,0.0,0.0,0.0,0.0,-0.7
2026-09-30T02:16:08.464 0.0,0.0,0.0,0.0,0.0,-0.7
2026-09-30T02:16:08.525 0.0,0.0,0.0,0.0,0.0,-0.7
2026-09-30T02:16:08.564 0.0,0.0,0.0,0.0,0.0,-0.7
2026-09-30T02:16:08.615 0.0,0.0,0.0,0.0,0.0,-0.7
2026-09-30T02:16:08.664 0.0,0.0,0.0,0.0,0.0,-0.7
2026-09-30T02:16:08.714 0.0,0.0,0.0,0.0,0.0,-0.7
2026-09-30T02:16:08.764 0.0,0.0,0.0,0.0,0.0,-0.7
2026-09-30T02:16:08.814 0.0,0.0,0.0,0.0,0.0,-0.7
2026-09-30T02:16:08.864 0.0,0.0,0.0,0.0,0.0,-0.7
2026-09-30T02:16:08.914 0.0,0.0,0.0,0.0,0.0,-0.7
2026-09-30T02:16:08.975 0.0,0.0,0.0,0.0,0.0,-0.7
2026-09-30T02:16:09.014 0.0,0.0,0.0,0.0,0.0,-0.7
2026-09-30T02:16:09.064 0.0,0.0,0.0,0.0,0.0,-0.7
2026-09-30T02:16:09.115 0.0,0.0,0.0,0.0,0.0,-0.7
2026-09-30T02:16:09.164 0.0,0.0,0.0,0.0,0.0,-0.7
2026-09-30T02:16:09.214 0.0,0.0,0.0,0.0,0.0,-0.7
2026-09-30T02:16:09.264 0.0,0.0,0.0,0.0,0.0,-0.7
2026-09-30T02:16:09.314 0.0,0.0,0.0,0.0,0.0,-0.7
2026-09-30T02:16:09.364 0.0,0.0,0.0,0.0,0.0,-0.7
2026-09-30T02:16:09.414 0.0,0.0,0.0,0.0,0.0,-0.7
2026-09-30T02:16:09.464 0.0,0.0,0.0,0.0,0.0,-0.7
2026-09-30T02:16:09.514 0.0,0.0,0.0,0.0,0.0,-0.7
2026-09-30T02:16:09.564 0.0,0.0,0.0,0.0,0.0,-0.7
2026-09-30T02:16:09.614 0.0,0.0,0.0,0.0,0.0,-0.7
2026-09-30T02:16:09.664 0.0,0.0,0.0,0.0,0.0,-0.7
2026-09-30T02:16:09.714 0.0,0.0,0.0,0.0,0.0,-0.7
2026-09-30T02:16:09.764 0.0,0.0,0.0,0.0,0.0,-0.6263157894736842
2026-09-30T02:16:09.814 0.0,0.0,0.0,0.0,0.0,-0.6263157894736842
2026-09-30T02:16:09.864 0.0,0.0,0.0,0.0,0.0,-0.6263157894736842
2026-09-30T02:16:09.914 0.0,0.0,0.0,0.0,0.0,-0.6263157894736842
2026-09-30T02:16:09.964 0.0,0.0,0.0,0.0,0.0,-0.6263157894736842
2026-09-30T02:16:10.014 0.0,0.0,0.0,0.0,0.0,-0.6263157894736842
2026-09-30T02:16:10.064 0.0,0.0,0.0,0.0,0.0,-0.6263157894736842
2026-09-30T02:16:10.114 0.0,0.0,0.0,0.0,0.0,-0.6263157894736842
2026-09-30T02:16:10.164 0.0,0.0,0.0,0.0,0.0,-0.6263157894736842
2026-09-30T02:16:10.225 0.0,0.0,0.0,0.0,0.0,-0.6263157894736842
2026-09-30T02:16:10.264 0.0,0.0,0.0,0.0,0.0,-0.6263157894736842
2026-09-30T02:16:10.314 0.0,0.0,0.0,0.0,0.0,-0.6263157894736842
2026-09-30T02:16:10.365 0.0,0.0,0.0,0.0,0.0,-0.6263157894736842
2026-09-30T02:16:10.414 0.0,0.0,0.0,0.0,0.0,-0.6263157894736842
2026-09-30T02:16:10.464 0.0,0.0,0.0,0.0,0.0,-0.6263157894736842
2026-09-30T02:16:10.514 0.0,0.0,0.0,0.0,0.0,-0.6263157894736842
2026-09-30T02:16:10.564 0.0,0.0,0.0,0.0,0.0,-0.7
2026-09-30T02:16:10.614 0.0,0.0,0.0,0.0,0.0,-0.7
2026-09-30T02:16:10.664 0.0,0.0,0.0,0.0,0.0,-0.7
2026-09-30T02:16:10.714 0.0,0.0,0.0,0.0,0.0,-0.5399999999999999
2026-09-30T02:16:10.764 0.0,0.0,0.0,0.0,0.0,-0.3799999999999999
2026-09-30T02:16:10.814 0.0,0.0,0.0,0.0,0.0,-0.2199999999999999
2026-09-30T02:16:10.864 0.0,0.0,0.0,0.0,0.0,-0.05999999999999989
2026-09-30T02:16:10.915 0.0,0.0,0.0,0.0,0.0,0.10000000000000012
2026-09-30T02:16:10.964 0.0,0.0,0.0,0.0,0.0,0.2600000000000001
2026-09-30T02:16:11.014 0.0,0.0,0.0,0.0,0.0,0.42000000000000015
2026-09-30T02:16:11.064 0.0,0.0,0.0,0.0,0.0,0.5800000000000002
2026-09-30T02:16:11.114 0.0,0.0,0.0,0.0,0.0,0.7
2026-09-30T02:16:11.164 0.0,0.0,0.0,0.0,0.0,0.7
2026-09-30T02:16:11.214 0.0,0.0,0.0,0.0,0.0,0.7
2026-09-30T02:16:11.264 0.0,0.0,0.0,0.0,0.0,0.7
2026-09-30T02:16:11.314 0.0,0.0,0.0,0.0,0.0,0.7
2026-09-30T02:16:11.375 0.0,0.0,0.0,0.0,0.0,0.7
2026-09-30T02:16:11.414 0.0,0.0,0.0,0.0,0.0,0.7
2026-09-30T02:16:11.464 0.0,0.0,0.0,0.0,0.0,0.7
2026-09-30T02:16:11.514 0.0,0.0,0.0,0.0,0.0,0.7
2026-09-30T02:16:11.564 0.0,0.0,0.0,0.0,0.0,0.7
2026-09-30T02:16:11.616 0.0,0.0,0.0,0.0,0.0,0.7
2026-09-30T02:16:11.664 0.0,0.0,0.0,0.0,0.0,0.7
2026-09-30T02:16:11.714 0.0,0.0,0.0,0.0,0.0,0.7
2026-09-30T02:16:11.764 0.0,0.0,0.0,0.0,0.0,0.7
2026-09-30T02:16:11.814 0.0,0.0,0.0,0.0,0.0,0.7
2026-09-30T02:16:11.864 0.0,0.0,0.0,0.0,0.0,0.7
2026-09-30T02:16:11.914 0.0,0.0,0.0,0.0,0.0,0.7
2026-09-30T02:16:11.964 0.0,0.0,0.0,0.0,0.0,0.7
2026-09-30T02:16:12.014 0.0,0.0,0.0,0.0,0.0,0.7
2026-09-30T02:16:12.064 0.0,0.0,0.0,0.0,0.0,0.7
2026-09-30T02:16:12.114 0.0,0.0,0.0,0.0,0.0,0.7
2026-09-30T02:16:12.164 0.0,0.0,0.0,0.0,0.0,0.7
2026-09-30T02:16:12.214 0.0,0.0,0.0,0.0,0.0,0.7
2026-09-30T02:16:12.274 0.0,0.0,0.0,0.0,0.0,0.7
2026-09-30T02:16:12.314 0.0,0.0,0.0,0.0,0.0,0.7
2026-09-30T02:16:12.364 0.0,0.0,0.0,0.0,0.0,0.7
2026-09-30T02:16:12.424 0.0,0.0,0.0,0.0,0.0,0.7
2026-09-30T02:16:12.464 0.0,0.0,0.0,0.0,0.0,0.7
2026-09-30T02:16:12.515 0.0,0.0,0.0,0.0,0.0,0.7
2026-09-30T02:16:12.564 0.0,0.0,0.0,0.0,0.0,0.7
2026-09-30T02:16:12.614 0.0,0.0,0.0,0.0,0.0,0.7
2026-09-30T02:16:12.664 0.0,0.0,0.0,0.0,0.0,0.7
2026-09-30T02:16:12.714 0.0,0.0,0.0,0.0,0.0,0.7
2026-09-30T02:16:12.764 0.0,0.0,0.0,0.0,0.0,0.7
2026-09-30T02:16:12.814 0.0,0.0,0.0,0.0,0.0,0.7
2026-09-30T02:16:12.864 0.0,0.0,0.0,0.0,0.0,0.7
2026-09-30T02:16:12.915 0.0,0.0,0.0,0.0,0.0,0.7
2026-09-30T02:16:12.964 0.0,0.0,0.0,0.0,0.0,0.7
2026-09-30T02:16:13.014 0.0,0.0,0.0,0.0,0.0,0.7
2026-09-30T02:16:13.075 0.0,0.0,0.0,0.0,0.0,0.7
2026-09-30T02:16:13.114 0.0,0.0,0.0,0.0,0.0,0.7
2026-09-30T02:16:13.164 0.0,0.0,0.0,0.0,0.0,0.7
2026-09-30T02:16:13.215 0.0,0.0,0.0,0.0,0.0,0.7
2026-09-30T02:16:13.264 0.0,0.0,0.0,0.0,0.0,0.7
2026-09-30T02:16:13.314 0.0,0.0,0.0,0.0,0.0,0.7
2026-09-30T02:16:13.364 0.0,0.0,0.0,0.0,0.0,0.7
2026-09-30T02:16:13.414 0.0,0.0,0.0,0.0,0.0,0.7
2026-09-30T02:16:13.464 0.0,0.0,0.0,0.0,0.0,0.7
2026-09-30T02:16:13.514 0.0,0.0,0.0,0.0,0.0,0.7
2026-09-30T02:16:13.564 0.0,0.0,0.0,0.0,0.0,0.7
2026-09-30T02:16:13.614 0.0,0.0,0.0,0.0,0.0,0.6263157894736843
2026-09-30T02:16:13.664 0.0,0.0,0.0,0.0,0.0,0.6263157894736843
2026-09-30T02:16:13.714 0.0,0.0,0.0,0.0,0.0,0.6263157894736843
2026-09-30T02:16:13.764 0.0,0.0,0.0,0.0,0.0,0.46631578947368424
2026-09-30T02:16:13.814 0.0,0.0,0.0,0.0,0.0,0.3063157894736842
2026-09-30T02:16:13.865 0.0,0.0,0.0,0.0,0.0,0.1463157894736842
2026-09-30T02:16:13.914 0.0,0.0,0.0,0.0,0.0,-0.013684210526315799
2026-09-30T02:16:13.964 0.0,0.0,0.0,0.0,0.0,-0.1736842105263158
2026-09-30T02:16:14.014 0.0,0.0,0.0,0.0,0.0,-0.3336842105263158
2026-09-30T02:16:14.064 0.0,0.0,0.0,0.0,0.0,-0.49368421052631584
2026-09-30T02:16:14.114 0.0,0.0,0.0,0.0,0.0,-0.6263157894736842
2026-09-30T02:16:14.165 0.0,0.0,0.0,0.0,0.0,-0.6263157894736842
2026-09-30T02:16:14.214 0.0,0.0,0.0,0.0,0.0,-0.6263157894736842
2026-09-30T02:16:14.264 0.0,0.0,0.0,0.0,0.0,-0.6263157894736842
2026-09-30T02:16:14.315 0.0,0.0,0.0,0.0,0.0,-0.6263157894736842
2026-09-30T02:16:14.364 0.0,0.0,0.0,0.0,0.0,-0.6263157894736842
2026-09-30T02:16:14.414 0.0,0.0,0.0,0.0,0.0,-0.6263157894736842
2026-09-30T02:16:14.465 0.0,0.0,0.0,0.0,0.0,-0.6263157894736842
2026-09-30T02:16:14.515 0.0,0.0,0.0,0.0,0.0,-0.6263157894736842
2026-09-30T02:16:14.574 0.0,0.0,0.0,0.0,0.0,-0.6263157894736842
2026-09-30T02:16:14.614 0.0,0.0,0.0,0.0,0.0,-0.6263157894736842
2026-09-30T02:16:14.664 0.0,0.0,0.0,0.0,0.0,-0.6263157894736842
2026-09-30T02:16:14.714 0.0,0.0,0.0,0.0,0.0,-0.6263157894736842
2026-09-30T02:16:14.764 0.0,0.0,0.0,0.0,0.0,-0.6263157894736842
2026-09-30T02:16:14.814 0.0,0.0,0.0,0.0,0.0,-0.6263157894736842
2026-09-30T02:16:14.864 0.0,0.0,0.0,0.0,0.0,-0.6263157894736842
2026-09-30T02:16:14.914 0.0,0.0,0.0,0.0,0.0,-0.6263157894736842
2026-09-30T02:16:14.965 0.0,0.0,0.0,0.0,0.0,-0.6263157894736842
2026-09-30T02:16:15.014 0.0,0.0,0.0,0.0,0.0,-0.6263157894736842
2026-09-30T02:16:15.064 0.0,0.0,0.0,0.0,0.0,-0.6263157894736842
2026-09-30T02:16:15.115 0.0,0.0,0.0,0.0,0.0,-0.6263157894736842
2026-09-30T02:16:15.164 0.0,0.0,0.0,0.0,0.0,-0.6263157894736842
2026-09-30T02:16:15.214 0.0,0.0,0.0,0.0,0.0,-0.6263157894736842
2026-09-30T02:16:15.265 0.0,0.0,0.0,0.0,0.0,-0.6263157894736842
2026-09-30T02:16:15.314 0.0,0.0,0.0,0.0,0.0,-0.6263157894736842
2026-09-30T02:16:15.364 0.0,0.0,0.0,0.0,0.0,-0.6263157894736842
2026-09-30T02:16:15.414 0.0,0.0,0.0,0.0,0.0,-0.6263157894736842
2026-09-30T02:16:15.464 0.0,0.0,0.0,0.0,0.0,-0.6263157894736842
2026-09-30T02:16:15.514 0.0,0.0,0.0,0.0,0.0,-0.6263157894736842
2026-09-30T02:16:15.564 0.0,0.0,0.0,0.0,0.0,-0.6263157894736842
2026-09-30T02:16:15.614 0.0,0.0,0.0,0.0,0.0,-0.6263157894736842
2026-09-30T02:16:15.664 0.0,0.0,0.0,0.0,0.0,-0.6263157894736842
2026-09-30T02:16:15.714 0.0,0.0,0.0,0.0,0.0,-0.6263157894736842
2026-09-30T02:16:15.764 0.0,0.0,0.0,0.0,0.0,-0.6263157894736842
2026-09-30T02:16:15.814 0.0,0.0,0.0,0.0,0.0,-0.6263157894736842
2026-09-30T02:16:15.864 0.0,0.0,0.0,0.0,0.0,-0.6263157894736842
2026-09-30T02:16:15.914 0.0,0.0,0.0,0.0,0.0,-0.6263157894736842
2026-09-30T02:16:15.975 0.0,0.0,0.0,0.0,0.0,-0.6263157894736842
2026-09-30T02:16:16.014 0.0,0.0,0.0,0.0,0.0,-0.6263157894736842
2026-09-30T02:16:16.065 0.0,0.0,0.0,0.0,0.0,-0.6263157894736842
2026-09-30T02:16:16.114 0.0,0.0,0.0,0.0,0.0,-0.6263157894736842
2026-09-30T02:16:16.164 0.0,0.0,0.0,0.0,0.0,-0.6263157894736842
2026-09-30T02:16:16.214 0.0,0.0,0.0,0.0,0.0,-0.6263157894736842
2026-09-30T02:16:16.264 0.0,0.0,0.0,0.0,0.0,-0.6263157894736842
2026-09-30T02:16:16.315 0.0,0.0,0.0,0.0,0.0,-0.6263157894736842
2026-09-30T02:16:16.364 0.0,0.0,0.0,0.0,0.0,-0.6263157894736842
2026-09-30T02:16:16.414 0.0,0.0,0.0,0.0,0.0,-0.6263157894736842
2026-09-30T02:16:16.464 0.0,0.0,0.0,0.0,0.0,-0.6263157894736842
2026-09-30T02:16:16.514 0.0,0.0,0.0,0.0,0.0,-0.6263157894736842
2026-09-30T02:16:16.564 0.0,0.0,0.0,0.0,0.0,-0.6263157894736842
2026-09-30T02:16:16.614 0.0,0.0,0.0,0.0,0.0,-0.6263157894736842
2026-09-30T02:16:16.664 0.0,0.0,0.0,0.0,0.0,-0.6263157894736842
2026-09-30T02:16:16.714 0.0,0.0,0.0,0.0,0.0,-0.7
2026-09-30T02:16:16.764 0.0,0.0,0.0,0.0,0.0,-0.7
2026-09-30T02:16:16.814 0.0,0.0,0.0,0.0,0.0,-0.7
2026-09-30T02:16:16.864 0.0,0.0,0.0,0.0,0.0,-0.7
2026-09-30T02:16:16.914 0.0,0.0,0.0,0.0,0.0,-0.7
2026-09-30T02:16:16.964 0.0,0.0,0.0,0.0,0.0,-0.7
2026-09-30T02:16:17.014 0.0,0.0,0.0,0.0,0.0,-0.7
2026-09-30T02:16:17.074 0.0,0.0,0.0,0.0,0.0,-0.7
2026-09-30T02:16:17.115 0.0,0.0,0.0,0.0,0.0,-0.7
2026-09-30T02:16:17.164 0.0,0.0,0.0,0.0,0.0,-0.7
2026-09-30T02:16:17.215 0.0,0.0,0.0,0.0,0.0,-0.7
2026-09-30T02:16:17.264 0.0,0.0,0.0,0.0,0.0,-0.7
2026-09-30T02:16:17.314 0.0,0.0,0.0,0.0,0.0,-0.7
2026-09-30T02:16:17.364 0.0,0.0,0.0,0.0,0.0,-0.7
2026-09-30T02:16:17.414 0.0,0.0,0.0,0.0,0.0,-0.7
2026-09-30T02:16:17.464 0.0,0.0,0.0,0.0,0.0,-0.7
2026-09-30T02:16:17.524 0.0,0.0,0.0,0.0,0.0,-0.7
2026-09-30T02:16:17.565 0.0,0.0,0.0,0.0,0.0,-0.7
2026-09-30T02:16:17.614 0.0,0.0,0.0,0.0,0.0,-0.7
2026-09-30T02:16:17.664 0.0,0.0,0.0,0.0,0.0,-0.7
2026-09-30T02:16:17.714 0.0,0.0,0.0,0.0,0.0,-0.7
2026-09-30T02:16:17.764 0.0,0.0,0.0,0.0,0.0,-0.7
2026-09-30T02:16:17.814 0.0,0.0,0.0,0.0,0.0,-0.7
2026-09-30T02:16:17.864 0.0,0.0,0.0,0.0,0.0,-0.5399999999999999
2026-09-30T02:16:17.914 0.0,0.0,0.0,0.0,0.0,-0.3799999999999999
2026-09-30T02:16:17.964 0.0,0.0,0.0,0.0,0.0,-0.2199999999999999
2026-09-30T02:16:18.014 0.0,0.0,0.0,0.0,0.0,-0.05999999999999989
2026-09-30T02:16:18.064 0.0,0.0,0.0,0.0,0.0,0.10000000000000012
2026-09-30T02:16:18.114 0.0,0.0,0.0,0.0,0.0,0.2600000000000001
2026-09-30T02:16:18.164 0.0,0.0,0.0,0.0,0.0,0.42000000000000015
2026-09-30T02:16:18.214 0.0,0.0,0.0,0.0,0.0,0.2600000000000001
2026-09-30T02:16:18.264 0.0,0.0,0.0,0.0,0.0,0.10000000000000012
2026-09-30T02:16:18.325 0.0,0.0,0.0,0.0,0.0,-0.05999999999999989
2026-09-30T02:16:18.364 0.0,0.0,0.0,0.0,0.0,-0.2199999999999999
2026-09-30T02:16:18.414 0.0,0.0,0.0,0.0,0.0,-0.3799999999999999
2026-09-30T02:16:18.464 0.0,0.0,0.0,0.0,0.0,-0.5399999999999999
2026-09-30T02:16:18.514 0.0,0.0,0.0,0.0,0.0,-0.7
2026-09-30T02:16:18.564 0.0,0.0,0.0,0.0,0.0,-0.7
2026-09-30T02:16:18.614 0.0,0.0,0.0,0.0,0.0,-0.7
2026-09-30T02:16:18.674 0.0,0.0,0.0,0.0,0.0,-0.7
2026-09-30T02:16:18.714 0.0,0.0,0.0,0.0,0.0,-0.7
2026-09-30T02:16:18.764 0.0,0.0,0.0,0.0,0.0,-0.7
2026-09-30T02:16:18.814 0.0,0.0,0.0,0.0,0.0,-0.7
2026-09-30T02:16:18.864 0.0,0.0,0.0,0.0,0.0,-0.7
2026-09-30T02:16:18.914 0.0,0.0,0.0,0.0,0.0,-0.7
2026-09-30T02:16:18.964 0.0,0.0,0.0,0.0,0.0,-0.7
2026-09-30T02:16:19.014 0.0,0.0,0.0,0.0,0.0,-0.7
2026-09-30T02:16:19.064 0.0,0.0,0.0,0.0,0.0,-0.7
2026-09-30T02:16:19.114 0.0,0.0,0.0,0.0,0.0,-0.7
2026-09-30T02:16:19.164 0.0,0.0,0.0,0.0,0.0,-0.7
2026-09-30T02:16:19.215 0.0,0.0,0.0,0.0,0.0,-0.7
2026-09-30T02:16:19.264 0.0,0.0,0.0,0.0,0.0,-0.7
2026-09-30T02:16:19.314 0.0,0.0,0.0,0.0,0.0,-0.7
2026-09-30T02:16:19.364 0.0,0.0,0.0,0.0,0.0,-0.7
2026-09-30T02:16:19.414 0.0,0.0,0.0,0.0,0.0,-0.7
2026-09-30T02:16:19.464 0.0,0.0,0.0,0.0,0.0,-0.7
2026-09-30T02:16:19.514 0.0,0.0,0.0,0.0,0.0,-0.7
2026-09-30T02:16:19.564 0.0,0.0,0.0,0.0,0.0,-0.7
2026-09-30T02:16:19.614 0.0,0.0,0.0,0.0,0.0,-0.7
2026-09-30T02:16:19.664 0.0,0.0,0.0,0.0,0.0,-0.7
2026-09-30T02:16:19.714 0.0,0.0,0.0,0.0,0.0,-0.7
2026-09-30T02:16:19.764 0.0,0.0,0.0,0.0,0.0,-0.7
2026-09-30T02:16:19.824 0.0,0.0,0.0,0.0,0.0,-0.7
2026-09-30T02:16:19.864 0.0,0.0,0.0,0.0,0.0,-0.7
2026-09-30T02:16:19.914 0.0,0.0,0.0,0.0,0.0,-0.7
2026-09-30T02:16:19.964 0.0,0.0,0.0,0.0,0.0,-0.7
2026-09-30T02:16:20.014 0.0,0.0,0.0,0.0,0.0,-0.7
2026-09-30T02:16:20.064 0.0,0.0,0.0,0.0,0.0,-0.7
2026-09-30T02:16:20.114 0.0,0.0,0.0,0.0,0.0,-0.7
2026-09-30T02:16:20.164 0.0,0.0,0.0,0.0,0.0,-0.7
2026-09-30T02:16:20.214 0.0,0.0,0.0,0.0,0.0,-0.7
2026-09-30T02:16:20.264 0.0,0.0,0.0,0.0,0.0,-0.7
2026-09-30T02:16:20.314 0.0,0.0,0.0,0.0,0.0,-0.7
2026-09-30T02:16:20.364 0.0,0.0,0.0,0.0,0.0,-0.7
2026-09-30T02:16:20.414 0.0,0.0,0.0,0.0,0.0,-0.7
2026-09-30T02:16:20.465 0.0,0.0,0.0,0.0,0.0,-0.7
2026-09-30T02:16:20.514 0.0,0.0,0.0,0.0,0.0,-0.7
2026-09-30T02:16:20.564 0.0,0.0,0.0,0.0,0.0,-0.7
2026-09-30T02:16:20.614 0.0,0.0,0.0,0.0,0.0,-0.7
2026-09-30T02:16:20.665 0.0,0.0,0.0,0.0,0.0,-0.7
2026-09-30T02:16:20.714 0.0,0.0,0.0,0.0,0.0,-0.7
2026-09-30T02:16:20.764 0.0,0.0,0.0,0.0,0.0,-0.7
2026-09-30T02:16:20.814 0.0,0.0,0.0,0.0,0.0,-0.7
2026-09-30T02:16:20.864 0.0,0.0,0.0,0.0,0.0,-0.7
2026-09-30T02:16:20.914 0.125,0.0,0.0,0.0,0.0,-0.7
2026-09-30T02:16:20.964 0.25,0.0,0.0,0.0,0.0,-0.7
2026-09-30T02:16:21.014 0.375,0.0,0.0,0.0,0.0,-0.7
2026-09-30T02:16:21.064 0.5,0.0,0.0,0.0,0.0,-0.7
2026-09-30T02:16:21.114 0.625,0.0,0.0,0.0,0.0,-0.7
2026-09-30T02:16:21.164 0.7157894736842108,0.0,0.0,0.0,0.0,-0.7
2026-09-30T02:16:21.214 0.7157894736842108,0.0,0.0,0.0,0.0,-0.7
2026-09-30T02:16:21.264 0.7578947368421055,0.0,0.0,0.0,0.0,-0.7
2026-09-30T02:16:21.315 0.8,0.0,0.0,0.0,0.0,-0.7
2026-09-30T02:16:21.364 0.8,0.0,0.0,0.0,0.0,-0.7
2026-09-30T02:16:21.414 0.8,0.0,0.0,0.0,0.0,-0.7
2026-09-30T02:16:21.474 0.8,0.0,0.0,0.0,0.0,-0.7
2026-09-30T02:16:21.514 0.7578947368421055,0.0,0.0,0.0,0.0,-0.7
2026-09-30T02:16:21.564 0.7578947368421055,0.0,0.0,0.0,0.0,-0.7
2026-09-30T02:16:21.614 0.7578947368421055,0.0,0.0,0.0,0.0,-0.7
2026-09-30T02:16:21.665 0.7578947368421055,0.0,0.0,0.0,0.0,-0.7
2026-09-30T02:16:21.714 0.7578947368421055,0.0,0.0,0.0,0.0,-0.7
2026-09-30T02:16:21.764 0.8,0.0,0.0,0.0,0.0,-0.7
2026-09-30T02:16:21.814 0.8,0.0,0.0,0.0,0.0,-0.7
2026-09-30T02:16:21.864 0.7578947368421055,0.0,0.0,0.0,0.0,-0.7
2026-09-30T02:16:21.926 0.7578947368421055,0.0,0.0,0.0,0.0,-0.7
2026-09-30T02:16:21.964 0.7157894736842108,0.0,0.0,0.0,0.0,-0.7
2026-09-30T02:16:22.015 0.7157894736842108,0.0,0.0,0.0,0.0,-0.7
2026-09-30T02:16:22.064 0.7157894736842108,0.0,0.0,0.0,0.0,-0.7
2026-09-30T02:16:22.115 0.7157894736842108,0.0,0.0,0.0,0.0,-0.7
2026-09-30T02:16:22.164 0.7578947368421055,0.0,0.0,0.0,0.0,-0.7
2026-09-30T02:16:22.214 0.7578947368421055,0.0,0.0,0.0,0.0,-0.7
2026-09-30T02:16:22.264 0.7578947368421055,0.0,0.0,0.0,0.0,-0.7
2026-09-30T02:16:22.314 0.7578947368421055,0.0,0.0,0.0,0.0,-0.7
2026-09-30T02:16:22.365 0.6328947368421055,0.0,0.0,0.0,0.0,-0.7
2026-09-30T02:16:22.414 0.6315789473684212,0.0,0.0,0.0,0.0,-0.7
2026-09-30T02:16:22.464 0.6315789473684212,0.0,0.0,0.0,0.0,-0.7
2026-09-30T02:16:22.514 0.673684210526316,0.0,0.0,0.0,0.0,-0.7
2026-09-30T02:16:22.564 0.673684210526316,0.0,0.0,0.0,0.0,-0.7
2026-09-30T02:16:22.614 0.673684210526316,0.0,0.0,0.0,0.0,-0.7
2026-09-30T02:16:22.674 0.673684210526316,0.0,0.0,0.0,0.0,-0.7
2026-09-30T02:16:22.715 0.6315789473684212,0.0,0.0,0.0,0.0,-0.7
2026-09-30T02:16:22.764 0.673684210526316,0.0,0.0,0.0,0.0,-0.7
2026-09-30T02:16:22.814 0.673684210526316,0.0,0.0,0.0,0.0,-0.7
2026-09-30T02:16:22.865 0.673684210526316,0.0,0.0,0.0,0.0,-0.7
2026-09-30T02:16:22.914 0.673684210526316,0.0,0.0,0.0,0.0,-0.7
2026-09-30T02:16:22.964 0.6315789473684212,0.0,0.0,0.0,0.0,-0.7
2026-09-30T02:16:23.014 0.6315789473684212,0.0,0.0,0.0,0.0,-0.7
2026-09-30T02:16:23.064 0.6315789473684212,0.0,0.0,0.0,0.0,-0.7
2026-09-30T02:16:23.114 0.5894736842105265,0.0,0.0,0.0,0.0,-0.7
2026-09-30T02:16:23.164 0.6315789473684212,0.0,0.0,0.0,0.0,-0.7
2026-09-30T02:16:23.224 0.6315789473684212,0.0,0.0,0.0,0.0,-0.7
2026-09-30T02:16:23.264 0.6315789473684212,0.0,0.0,0.0,0.0,-0.7
2026-09-30T02:16:23.315 0.6315789473684212,0.0,0.0,0.0,0.0,-0.7
2026-09-30T02:16:23.364 0.6315789473684212,0.0,0.0,0.0,0.0,-0.7
2026-09-30T02:16:23.414 0.6315789473684212,0.0,0.0,0.0,0.0,-0.7
2026-09-30T02:16:23.464 0.6315789473684212,0.0,0.0,0.0,0.0,-0.7
2026-09-30T02:16:23.514 0.6315789473684212,0.0,0.0,0.0,0.0,-0.7
2026-09-30T02:16:23.565 0.6315789473684212,0.0,0.0,0.0,0.0,-0.7
2026-09-30T02:16:23.614 0.6315789473684212,0.0,0.0,0.0,0.0,-0.7
2026-09-30T02:16:23.664 0.6315789473684212,0.0,0.0,0.0,0.0,-0.7
2026-09-30T02:16:23.714 0.6315789473684212,0.0,0.0,0.0,0.0,-0.7
2026-09-30T02:16:23.764 0.6315789473684212,0.0,0.0,0.0,0.0,-0.7
2026-09-30T02:16:23.815 0.6315789473684212,0.0,0.0,0.0,0.0,-0.7
2026-09-30T02:16:23.864 0.6315789473684212,0.0,0.0,0.0,0.0,-0.7
2026-09-30T02:16:23.914 0.6315789473684212,0.0,0.0,0.0,0.0,-0.7
2026-09-30T02:16:23.964 0.6315789473684212,0.0,0.0,0.0,0.0,-0.7
2026-09-30T02:16:24.014 0.6315789473684212,0.0,0.0,0.0,0.0,-0.7
2026-09-30T02:16:24.064 0.6315789473684212,0.0,0.0,0.0,0.0,-0.7
2026-09-30T02:16:24.114 0.673684210526316,0.0,0.0,0.0,0.0,-0.7
2026-09-30T02:16:24.164 0.673684210526316,0.0,0.0,0.0,0.0,-0.7
2026-09-30T02:16:24.214 0.673684210526316,0.0,0.0,0.0,0.0,-0.7
2026-09-30T02:16:24.264 0.673684210526316,0.0,0.0,0.0,0.0,-0.7
2026-09-30T02:16:24.314 0.6315789473684212,0.0,0.0,0.0,0.0,-0.7
2026-09-30T02:16:24.364 0.6315789473684212,0.0,0.0,0.0,0.0,-0.7
2026-09-30T02:16:24.414 0.7157894736842108,0.0,0.0,0.0,0.0,-0.7
2026-09-30T02:16:24.464 0.7157894736842108,0.0,0.0,0.0,0.0,-0.7
2026-09-30T02:16:24.515 0.7157894736842108,0.0,0.0,0.0,0.0,-0.7
2026-09-30T02:16:24.564 0.7157894736842108,0.0,0.0,0.0,0.0,-0.7
2026-09-30T02:16:24.614 0.7578947368421055,0.0,0.0,0.0,0.0,-0.7
2026-09-30T02:16:24.674 0.673684210526316,0.0,0.0,0.0,0.0,-0.7
2026-09-30T02:16:24.714 0.673684210526316,0.0,0.0,0.0,0.0,-0.7
2026-09-30T02:16:24.764 0.673684210526316,0.0,0.0,0.0,0.0,-0.7
2026-09-30T02:16:24.824 0.673684210526316,0.0,0.0,0.0,0.0,-0.7
2026-09-30T02:16:24.864 0.7157894736842108,0.0,0.0,0.0,0.0,-0.7
2026-09-30T02:16:24.914 0.7157894736842108,0.0,0.0,0.0,0.0,-0.7
2026-09-30T02:16:24.964 0.7157894736842108,0.0,0.0,0.0,0.0,-0.7
2026-09-30T02:16:25.015 0.7578947368421055,0.0,0.0,0.0,0.0,-0.7
2026-09-30T02:16:25.064 0.8,0.0,0.0,0.0,0.0,-0.7
2026-09-30T02:16:25.114 0.8,0.0,0.0,0.0,0.0,-0.7
2026-09-30T02:16:25.164 0.8,0.0,0.0,0.0,0.0,-0.7
2026-09-30T02:16:25.214 0.7578947368421055,0.0,0.0,0.0,0.0,-0.7
2026-09-30T02:16:25.264 0.7578947368421055,0.0,0.0,0.0,0.0,-0.7
2026-09-30T02:16:25.314 0.8,0.0,0.0,0.0,0.0,-0.7
2026-09-30T02:16:25.374 0.7578947368421055,0.0,0.0,0.0,0.0,-0.7
2026-09-30T02:16:25.414 0.8,0.0,0.0,0.0,0.0,-0.7
2026-09-30T02:16:25.464 0.8,0.0,0.0,0.0,0.0,-0.7
2026-09-30T02:16:25.525 0.8,0.0,0.0,0.0,0.0,-0.6263157894736842
2026-09-30T02:16:25.564 0.8,0.0,0.0,0.0,0.0,-0.7
2026-09-30T02:16:25.614 0.8,0.0,0.0,0.0,0.0,-0.7
2026-09-30T02:16:25.664 0.8,0.0,0.0,0.0,0.0,-0.6263157894736842
2026-09-30T02:16:26.522 0.8,0.0,0.0,0.0,0.0,-0.6263157894736842
2026-09-30T02:16:26.571 0.8,0.0,0.0,0.0,0.0,-0.6263157894736842
2026-09-30T02:16:27.850 0.8,0.0,0.0,0.0,0.0,-0.6263157894736842
2026-09-30T02:16:27.890 0.8,0.0,0.0,0.0,0.0,-0.5526315789473684
2026-09-30T02:16:27.940 0.8,0.0,0.0,0.0,0.0,-0.5526315789473684
2026-09-30T02:16:27.990 0.8,0.0,0.0,0.0,0.0,-0.5526315789473684
2026-09-30T02:16:28.040 0.8,0.0,0.0,0.0,0.0,-0.5526315789473684
2026-09-30T02:16:28.090 0.8,0.0,0.0,0.0,0.0,-0.5526315789473684
2026-09-30T02:16:28.140 0.8,0.0,0.0,0.0,0.0,-0.5526315789473684
2026-09-30T02:16:28.200 0.8,0.0,0.0,0.0,0.0,-0.5526315789473684
2026-09-30T02:16:28.240 0.8,0.0,0.0,0.0,0.0,-0.47894736842105257
2026-09-30T02:16:28.290 0.8,0.0,0.0,0.0,0.0,-0.47894736842105257
2026-09-30T02:16:28.340 0.8,0.0,0.0,0.0,0.0,-0.47894736842105257
2026-09-30T02:16:28.391 0.8,0.0,0.0,0.0,0.0,-0.47894736842105257
2026-09-30T02:16:28.440 0.8,0.0,0.0,0.0,0.0,-0.47894736842105257
2026-09-30T02:16:28.490 0.8,0.0,0.0,0.0,0.0,-0.47894736842105257
2026-09-30T02:16:28.540 0.8,0.0,0.0,0.0,0.0,-0.47894736842105257
2026-09-30T02:16:28.590 0.8,0.0,0.0,0.0,0.0,-0.47894736842105257
2026-09-30T02:16:28.640 0.8,0.0,0.0,0.0,0.0,-0.47894736842105257
2026-09-30T02:16:28.690 0.8,0.0,0.0,0.0,0.0,-0.40526315789473677
2026-09-30T02:16:28.740 0.8,0.0,0.0,0.0,0.0,-0.40526315789473677
2026-09-30T02:16:28.790 0.8,0.0,0.0,0.0,0.0,-0.40526315789473677
2026-09-30T02:16:28.840 0.8,0.0,0.0,0.0,0.0,-0.40526315789473677
2026-09-30T02:16:28.890 0.8,0.0,0.0,0.0,0.0,-0.40526315789473677
2026-09-30T02:16:28.940 0.8,0.0,0.0,0.0,0.0,-0.331578947368421
2026-09-30T02:16:28.990 0.8,0.0,0.0,0.0,0.0,-0.331578947368421
2026-09-30T02:16:29.040 0.8,0.0,0.0,0.0,0.0,-0.331578947368421
2026-09-30T02:16:29.100 0.8,0.0,0.0,0.0,0.0,-0.331578947368421
2026-09-30T02:16:29.140 0.8,0.0,0.0,0.0,0.0,-0.331578947368421
2026-09-30T02:16:29.190 0.8,0.0,0.0,0.0,0.0,-0.331578947368421
2026-09-30T02:16:29.250 0.8,0.0,0.0,0.0,0.0,-0.331578947368421
2026-09-30T02:16:29.290 0.8,0.0,0.0,0.0,0.0,-0.331578947368421
2026-09-30T02:16:29.340 0.8,0.0,0.0,0.0,0.0,-0.331578947368421
2026-09-30T02:16:29.390 0.8,0.0,0.0,0.0,0.0,-0.331578947368421
2026-09-30T02:16:29.440 0.8,0.0,0.0,0.0,0.0,-0.2578947368421052
2026-09-30T02:16:29.490 0.8,0.0,0.0,0.0,0.0,-0.331578947368421
2026-09-30T02:16:29.540 0.8,0.0,0.0,0.0,0.0,-0.2578947368421052
2026-09-30T02:16:29.590 0.8,0.0,0.0,0.0,0.0,-0.2578947368421052
2026-09-30T02:16:29.640 0.8,0.0,0.0,0.0,0.0,-0.2578947368421052
2026-09-30T02:16:29.690 0.8,0.0,0.0,0.0,0.0,-0.331578947368421
2026-09-30T02:16:29.740 0.8,0.0,0.0,0.0,0.0,-0.331578947368421
2026-09-30T02:16:29.790 0.8,0.0,0.0,0.0,0.0,-0.2578947368421052
2026-09-30T02:16:29.840 0.8,0.0,0.0,0.0,0.0,-0.2578947368421052
2026-09-30T02:16:29.890 0.8,0.0,0.0,0.0,0.0,-0.2578947368421052
2026-09-30T02:16:29.940 0.8,0.0,0.0,0.0,0.0,-0.2578947368421052
2026-09-30T02:16:29.990 0.8,0.0,0.0,0.0,0.0,-0.2578947368421052
2026-09-30T02:16:30.040 0.8,0.0,0.0,0.0,0.0,-0.2578947368421052
2026-09-30T02:16:30.090 0.8,0.0,0.0,0.0,0.0,-0.2578947368421052
2026-09-30T02:16:30.140 0.8,0.0,0.0,0.0,0.0,-0.2578947368421052
2026-09-30T02:16:30.190 0.8,0.0,0.0,0.0,0.0,-0.2578947368421052
2026-09-30T02:16:30.240 0.8,0.0,0.0,0.0,0.0,-0.2578947368421052
2026-09-30T02:16:30.290 0.8,0.0,0.0,0.0,0.0,-0.2578947368421052
2026-09-30T02:16:30.340 0.8,0.0,0.0,0.0,0.0,-0.2578947368421052
2026-09-30T02:16:30.390 0.8,0.0,0.0,0.0,0.0,-0.2578947368421052
2026-09-30T02:16:30.440 0.8,0.0,0.0,0.0,0.0,-0.2578947368421052
2026-09-30T02:16:30.490 0.8,0.0,0.0,0.0,0.0,-0.18421052631578938
2026-09-30T02:16:30.540 0.8,0.0,0.0,0.0,0.0,-0.2578947368421052
2026-09-30T02:16:30.590 0.8,0.0,0.0,0.0,0.0,-0.2578947368421052
2026-09-30T02:16:30.640 0.8,0.0,0.0,0.0,0.0,-0.2578947368421052
2026-09-30T02:16:30.690 0.8,0.0,0.0,0.0,0.0,-0.2578947368421052
2026-09-30T02:16:30.740 0.8,0.0,0.0,0.0,0.0,-0.18421052631578938
2026-09-30T02:16:30.790 0.8,0.0,0.0,0.0,0.0,-0.18421052631578938
2026-09-30T02:16:30.840 0.8,0.0,0.0,0.0,0.0,-0.1105263157894736
2026-09-30T02:16:30.890 0.8,0.0,0.0,0.0,0.0,-0.1105263157894736
2026-09-30T02:16:30.940 0.8,0.0,0.0,0.0,0.0,-0.1105263157894736
2026-09-30T02:16:30.990 0.8,0.0,0.0,0.0,0.0,-0.1105263157894736
2026-09-30T02:16:31.050 0.8,0.0,0.0,0.0,0.0,-0.1105263157894736
2026-09-30T02:16:31.090 0.8,0.0,0.0,0.0,0.0,-0.1105263157894736
2026-09-30T02:16:31.140 0.8,0.0,0.0,0.0,0.0,-0.1105263157894736
2026-09-30T02:16:31.190 0.8,0.0,0.0,0.0,0.0,-0.1105263157894736
2026-09-30T02:16:31.240 0.8,0.0,0.0,0.0,0.0,-0.1105263157894736
2026-09-30T02:16:31.290 0.8,0.0,0.0,0.0,0.0,-0.1105263157894736
2026-09-30T02:16:31.340 0.8,0.0,0.0,0.0,0.0,-0.1105263157894736
2026-09-30T02:16:31.390 0.8,0.0,0.0,0.0,0.0,-0.1105263157894736
2026-09-30T02:16:31.440 0.8,0.0,0.0,0.0,0.0,-0.1105263157894736
2026-09-30T02:16:31.490 0.8,0.0,0.0,0.0,0.0,-0.1105263157894736
2026-09-30T02:16:31.540 0.8,0.0,0.0,0.0,0.0,-0.1105263157894736
2026-09-30T02:16:31.590 0.8,0.0,0.0,0.0,0.0,-0.1105263157894736
2026-09-30T02:16:31.641 0.8,0.0,0.0,0.0,0.0,-0.036842105263157815
2026-09-30T02:16:31.700 0.8,0.0,0.0,0.0,0.0,-0.036842105263157815
2026-09-30T02:16:31.740 0.8,0.0,0.0,0.0,0.0,-0.036842105263157815
2026-09-30T02:16:31.790 0.8,0.0,0.0,0.0,0.0,-0.1105263157894736
2026-09-30T02:16:31.840 0.8,0.0,0.0,0.0,0.0,-0.1105263157894736
2026-09-30T02:16:31.890 0.8,0.0,0.0,0.0,0.0,-0.1105263157894736
2026-09-30T02:16:31.940 0.8,0.0,0.0,0.0,0.0,-0.1105263157894736
2026-09-30T02:16:31.990 0.8,0.0,0.0,0.0,0.0,0.03684210526315797
2026-09-30T02:16:32.040 0.8,0.0,0.0,0.0,0.0,0.03684210526315797
2026-09-30T02:16:32.089 0.8,0.0,0.0,0.0,0.0,0.03684210526315797
2026-09-30T02:16:32.140 0.8,0.0,0.0,0.0,0.0,0.03684210526315797
2026-09-30T02:16:32.190 0.8,0.0,0.0,0.0,0.0,0.03684210526315797
2026-09-30T02:16:32.240 0.8,0.0,0.0,0.0,0.0,0.03684210526315797
2026-09-30T02:16:32.290 0.8,0.0,0.0,0.0,0.0,0.03684210526315797
2026-09-30T02:16:32.340 0.8,0.0,0.0,0.0,0.0,0.03684210526315797
2026-09-30T02:16:32.389 0.8,0.0,0.0,0.0,0.0,0.03684210526315797
2026-09-30T02:16:32.440 0.8,0.0,0.0,0.0,0.0,0.03684210526315797
2026-09-30T02:16:32.490 0.8,0.0,0.0,0.0,0.0,0.03684210526315797
2026-09-30T02:16:32.540 0.8,0.0,0.0,0.0,0.0,0.03684210526315797
2026-09-30T02:16:32.590 0.8,0.0,0.0,0.0,0.0,0.03684210526315797
2026-09-30T02:16:32.640 0.8,0.0,0.0,0.0,0.0,0.03684210526315797
2026-09-30T02:16:32.700 0.8,0.0,0.0,0.0,0.0,0.03684210526315797
2026-09-30T02:16:32.740 0.8,0.0,0.0,0.0,0.0,0.03684210526315797
2026-09-30T02:16:32.790 0.8,0.0,0.0,0.0,0.0,0.03684210526315797
2026-09-30T02:16:32.840 0.8,0.0,0.0,0.0,0.0,0.03684210526315797
2026-09-30T02:16:32.890 0.8,0.0,0.0,0.0,0.0,0.03684210526315797
2026-09-30T02:16:32.940 0.8,0.0,0.0,0.0,0.0,0.03684210526315797
2026-09-30T02:16:32.990 0.8,0.0,0.0,0.0,0.0,0.03684210526315797
2026-09-30T02:16:33.040 0.8,0.0,0.0,0.0,0.0,0.03684210526315797
2026-09-30T02:16:33.090 0.8,0.0,0.0,0.0,0.0,0.03684210526315797
2026-09-30T02:16:33.140 0.8,0.0,0.0,0.0,0.0,0.03684210526315797
2026-09-30T02:16:33.190 0.8,0.0,0.0,0.0,0.0,0.03684210526315797
2026-09-30T02:16:33.240 0.8,0.0,0.0,0.0,0.0,0.03684210526315797
2026-09-30T02:16:33.300 0.8,0.0,0.0,0.0,0.0,0.03684210526315797
2026-09-30T02:16:33.340 0.8,0.0,0.0,0.0,0.0,0.03684210526315797
2026-09-30T02:16:33.390 0.8,0.0,0.0,0.0,0.0,0.03684210526315797
2026-09-30T02:16:33.440 0.8,0.0,0.0,0.0,0.0,0.03684210526315797
2026-09-30T02:16:33.490 0.8,0.0,0.0,0.0,0.0,0.03684210526315797
2026-09-30T02:16:33.540 0.8,0.0,0.0,0.0,0.0,0.03684210526315797
2026-09-30T02:16:33.590 0.8,0.0,0.0,0.0,0.0,0.03684210526315797
2026-09-30T02:16:33.640 0.8,0.0,0.0,0.0,0.0,0.03684210526315797
2026-09-30T02:16:33.690 0.8,0.0,0.0,0.0,0.0,0.03684210526315797
2026-09-30T02:16:33.740 0.8,0.0,0.0,0.0,0.0,0.03684210526315797
2026-09-30T02:16:33.790 0.8,0.0,0.0,0.0,0.0,0.03684210526315797
2026-09-30T02:16:33.840 0.8,0.0,0.0,0.0,0.0,0.03684210526315797
2026-09-30T02:16:33.890 0.8,0.0,0.0,0.0,0.0,0.03684210526315797
2026-09-30T02:16:33.940 0.8,0.0,0.0,0.0,0.0,0.03684210526315797
2026-09-30T02:16:33.990 0.8,0.0,0.0,0.0,0.0,0.03684210526315797
2026-09-30T02:16:34.040 0.8,0.0,0.0,0.0,0.0,0.0
2026-09-30T02:16:34.090 0.8,0.0,0.0,0.0,0.0,-0.036842105263157815
2026-09-30T02:16:34.140 0.8,0.0,0.0,0.0,0.0,-0.036842105263157815
2026-09-30T02:16:34.190 0.8,0.0,0.0,0.0,0.0,-0.036842105263157815
2026-09-30T02:16:34.250 0.8,0.0,0.0,0.0,0.0,-0.036842105263157815
2026-09-30T02:16:34.290 0.8,0.0,0.0,0.0,0.0,-0.036842105263157815
2026-09-30T02:16:34.340 0.8,0.0,0.0,0.0,0.0,-0.036842105263157815
2026-09-30T02:16:34.390 0.8,0.0,0.0,0.0,0.0,-0.036842105263157815
2026-09-30T02:16:34.440 0.8,0.0,0.0,0.0,0.0,-0.036842105263157815
2026-09-30T02:16:34.500 0.8,0.0,0.0,0.0,0.0,-0.036842105263157815
2026-09-30T02:16:34.540 0.8,0.0,0.0,0.0,0.0,-0.036842105263157815
2026-09-30T02:16:34.590 0.8,0.0,0.0,0.0,0.0,-0.036842105263157815
2026-09-30T02:16:34.640 0.8,0.0,0.0,0.0,0.0,-0.036842105263157815
2026-09-30T02:16:34.700 0.8,0.0,0.0,0.0,0.0,-0.036842105263157815
2026-09-30T02:16:34.740 0.8,0.0,0.0,0.0,0.0,-0.036842105263157815
2026-09-30T02:16:34.790 0.8,0.0,0.0,0.0,0.0,-0.036842105263157815
2026-09-30T02:16:34.840 0.8,0.0,0.0,0.0,0.0,-0.036842105263157815
2026-09-30T02:16:34.890 0.8,0.0,0.0,0.0,0.0,-0.1105263157894736
2026-09-30T02:16:34.940 0.8,0.0,0.0,0.0,0.0,-0.1105263157894736
2026-09-30T02:16:34.990 0.8,0.0,0.0,0.0,0.0,-0.1105263157894736
2026-09-30T02:16:35.040 0.8,0.0,0.0,0.0,0.0,-0.036842105263157815
2026-09-30T02:16:35.090 0.8,0.0,0.0,0.0,0.0,0.12315789473684219
2026-09-30T02:16:35.140 0.8,0.0,0.0,0.0,0.0,0.18421052631578955
2026-09-30T02:16:35.190 0.8,0.0,0.0,0.0,0.0,0.18421052631578955
2026-09-30T02:16:35.241 0.8,0.0,0.0,0.0,0.0,0.25789473684210534
2026-09-30T02:16:35.290 0.8,0.0,0.0,0.0,0.0,0.25789473684210534
2026-09-30T02:16:35.341 0.8,0.0,0.0,0.0,0.0,0.25789473684210534
2026-09-30T02:16:35.390 0.8,0.0,0.0,0.0,0.0,0.18421052631578955
2026-09-30T02:16:35.440 0.8,0.0,0.0,0.0,0.0,0.18421052631578955
2026-09-30T02:16:35.490 0.8,0.0,0.0,0.0,0.0,0.25789473684210534
2026-09-30T02:16:35.540 0.8,0.0,0.0,0.0,0.0,0.25789473684210534
2026-09-30T02:16:35.600 0.8,0.0,0.0,0.0,0.0,0.25789473684210534
2026-09-30T02:16:35.640 0.8,0.0,0.0,0.0,0.0,0.18421052631578955
2026-09-30T02:16:35.690 0.8,0.0,0.0,0.0,0.0,0.18421052631578955
2026-09-30T02:16:35.740 0.8,0.0,0.0,0.0,0.0,0.25789473684210534
2026-09-30T02:16:35.790 0.8,0.0,0.0,0.0,0.0,0.25789473684210534
2026-09-30T02:16:35.850 0.8,0.0,0.0,0.0,0.0,0.25789473684210534
2026-09-30T02:16:35.890 0.8,0.0,0.0,0.0,0.0,0.25789473684210534
2026-09-30T02:16:35.940 0.8,0.0,0.0,0.0,0.0,0.25789473684210534
2026-09-30T02:16:35.990 0.8,0.0,0.0,0.0,0.0,0.25789473684210534
2026-09-30T02:16:36.040 0.8,0.0,0.0,0.0,0.0,0.25789473684210534
2026-09-30T02:16:36.090 0.8,0.0,0.0,0.0,0.0,0.18421052631578955
2026-09-30T02:16:36.140 0.8,0.0,0.0,0.0,0.0,0.18421052631578955
2026-09-30T02:16:36.190 0.8,0.0,0.0,0.0,0.0,0.18421052631578955
2026-09-30T02:16:36.240 0.8,0.0,0.0,0.0,0.0,0.25789473684210534
2026-09-30T02:16:36.290 0.8,0.0,0.0,0.0,0.0,0.25789473684210534
2026-09-30T02:16:36.340 0.8,0.0,0.0,0.0,0.0,0.18421052631578955
2026-09-30T02:16:36.391 0.8,0.0,0.0,0.0,0.0,0.25789473684210534
2026-09-30T02:16:36.440 0.8,0.0,0.0,0.0,0.0,0.25789473684210534
2026-09-30T02:16:36.490 0.8,0.0,0.0,0.0,0.0,0.18421052631578955
2026-09-30T02:16:36.540 0.8,0.0,0.0,0.0,0.0,0.18421052631578955
2026-09-30T02:16:36.590 0.8,0.0,0.0,0.0,0.0,0.18421052631578955
2026-09-30T02:16:36.640 0.8,0.0,0.0,0.0,0.0,0.18421052631578955
2026-09-30T02:16:36.690 0.8,0.0,0.0,0.0,0.0,0.18421052631578955
2026-09-30T02:16:36.740 0.8,0.0,0.0,0.0,0.0,0.18421052631578955
2026-09-30T02:16:36.790 0.8,0.0,0.0,0.0,0.0,0.18421052631578955
2026-09-30T02:16:36.841 0.8,0.0,0.0,0.0,0.0,0.18421052631578955
2026-09-30T02:16:36.890 0.8,0.0,0.0,0.0,0.0,0.18421052631578955
2026-09-30T02:16:36.940 0.8,0.0,0.0,0.0,0.0,0.18421052631578955
2026-09-30T02:16:37.001 0.8,0.0,0.0,0.0,0.0,0.11052631578947375
2026-09-30T02:16:37.040 0.8,0.0,0.0,0.0,0.0,0.18421052631578955
2026-09-30T02:16:37.090 0.8,0.0,0.0,0.0,0.0,0.18421052631578955
2026-09-30T02:16:37.140 0.8,0.0,0.0,0.0,0.0,0.25789473684210534
2026-09-30T02:16:37.190 0.8,0.0,0.0,0.0,0.0,0.25789473684210534
2026-09-30T02:16:37.240 0.8,0.0,0.0,0.0,0.0,0.25789473684210534
2026-09-30T02:16:37.301 0.8,0.0,0.0,0.0,0.0,0.18421052631578955
2026-09-30T02:16:37.350 0.8,0.0,0.0,0.0,0.0,0.25789473684210534
2026-09-30T02:16:37.390 0.8,0.0,0.0,0.0,0.0,0.25789473684210534
2026-09-30T02:16:37.440 0.8,0.0,0.0,0.0,0.0,0.11052631578947375
2026-09-30T02:16:37.490 0.8,0.0,0.0,0.0,0.0,0.11052631578947375
2026-09-30T02:16:37.540 0.8,0.0,0.0,0.0,0.0,0.18421052631578955
2026-09-30T02:16:37.590 0.8,0.0,0.0,0.0,0.0,0.18421052631578955
2026-09-30T02:16:37.640 0.8,0.0,0.0,0.0,0.0,0.18421052631578955
2026-09-30T02:16:37.690 0.8,0.0,0.0,0.0,0.0,0.11052631578947375
2026-09-30T02:16:37.740 0.8,0.0,0.0,0.0,0.0,0.11052631578947375
2026-09-30T02:16:37.790 0.8,0.0,0.0,0.0,0.0,0.18421052631578955
2026-09-30T02:16:37.840 0.8,0.0,0.0,0.0,0.0,0.18421052631578955
2026-09-30T02:16:37.890 0.8,0.0,0.0,0.0,0.0,0.18421052631578955
2026-09-30T02:16:37.940 0.8,0.0,0.0,0.0,0.0,0.11052631578947375
2026-09-30T02:16:37.990 0.8,0.0,0.0,0.0,0.0,0.11052631578947375
2026-09-30T02:16:38.040 0.8,0.0,0.0,0.0,0.0,0.11052631578947375
2026-09-30T02:16:38.090 0.8,0.0,0.0,0.0,0.0,0.11052631578947375
2026-09-30T02:16:38.140 0.8,0.0,0.0,0.0,0.0,0.11052631578947375
2026-09-30T02:16:38.190 0.8,0.0,0.0,0.0,0.0,0.11052631578947375
2026-09-30T02:16:38.240 0.8,0.0,0.0,0.0,0.0,0.11052631578947375
2026-09-30T02:16:38.290 0.8,0.0,0.0,0.0,0.0,0.11052631578947375
2026-09-30T02:16:38.340 0.8,0.0,0.0,0.0,0.0,0.11052631578947375
2026-09-30T02:16:38.390 0.8,0.0,0.0,0.0,0.0,0.03684210526315797
2026-09-30T02:16:38.440 0.8,0.0,0.0,0.0,0.0,0.03684210526315797
2026-09-30T02:16:38.490 0.8,0.0,0.0,0.0,0.0,0.03684210526315797
2026-09-30T02:16:38.550 0.8,0.0,0.0,0.0,0.0,0.0
2026-09-30T02:16:38.590 0.8,0.0,0.0,0.0,0.0,0.03684210526315797
2026-09-30T02:16:38.640 0.8,0.0,0.0,0.0,0.0,0.03684210526315797
2026-09-30T02:16:38.690 0.8,0.0,0.0,0.0,0.0,0.03684210526315797
2026-09-30T02:16:38.740 0.8,0.0,0.0,0.0,0.0,0.03684210526315797
2026-09-30T02:16:38.790 0.8,0.0,0.0,0.0,0.0,0.03684210526315797
2026-09-30T02:16:38.840 0.8,0.0,0.0,0.0,0.0,0.03684210526315797
2026-09-30T02:16:38.890 0.8,0.0,0.0,0.0,0.0,0.03684210526315797
2026-09-30T02:16:38.940 0.8,0.0,0.0,0.0,0.0,0.03684210526315797
2026-09-30T02:16:38.990 0.8,0.0,0.0,0.0,0.0,0.0
2026-09-30T02:16:39.040 0.8,0.0,0.0,0.0,0.0,0.0
2026-09-30T02:16:39.090 0.8,0.0,0.0,0.0,0.0,0.0
2026-09-30T02:16:39.140 0.8,0.0,0.0,0.0,0.0,0.0
2026-09-30T02:16:39.190 0.8,0.0,0.0,0.0,0.0,-0.1105263157894736
2026-09-30T02:16:39.240 0.8,0.0,0.0,0.0,0.0,-0.1105263157894736
2026-09-30T02:16:39.290 0.8,0.0,0.0,0.0,0.0,-0.1105263157894736
2026-09-30T02:16:39.340 0.8,0.0,0.0,0.0,0.0,-0.18421052631578938
2026-09-30T02:16:39.390 0.8,0.0,0.0,0.0,0.0,-0.18421052631578938
2026-09-30T02:16:39.440 0.8,0.0,0.0,0.0,0.0,-0.18421052631578938
2026-09-30T02:16:39.490 0.8,0.0,0.0,0.0,0.0,-0.18421052631578938
2026-09-30T02:16:39.540 0.8,0.0,0.0,0.0,0.0,-0.18421052631578938
2026-09-30T02:16:39.591 0.8,0.0,0.0,0.0,0.0,-0.18421052631578938
2026-09-30T02:16:39.640 0.8,0.0,0.0,0.0,0.0,-0.18421052631578938
2026-09-30T02:16:39.690 0.8,0.0,0.0,0.0,0.0,-0.18421052631578938
2026-09-30T02:16:39.740 0.8,0.0,0.0,0.0,0.0,-0.18421052631578938
2026-09-30T02:16:39.790 0.8,0.0,0.0,0.0,0.0,-0.18421052631578938
2026-09-30T02:16:39.840 0.8,0.0,0.0,0.0,0.0,-0.18421052631578938
2026-09-30T02:16:39.890 0.8,0.0,0.0,0.0,0.0,-0.18421052631578938
2026-09-30T02:16:39.940 0.8,0.0,0.0,0.0,0.0,-0.18421052631578938
2026-09-30T02:16:39.990 0.8,0.0,0.0,0.0,0.0,-0.18421052631578938
2026-09-30T02:16:40.040 0.8,0.0,0.0,0.0,0.0,-0.2578947368421052
2026-09-30T02:16:40.090 0.8,0.0,0.0,0.0,0.0,-0.2578947368421052
2026-09-30T02:16:40.140 0.8,0.0,0.0,0.0,0.0,-0.2578947368421052
2026-09-30T02:16:40.190 0.8,0.0,0.0,0.0,0.0,-0.18421052631578938
2026-09-30T02:16:40.250 0.8,0.0,0.0,0.0,0.0,-0.18421052631578938
2026-09-30T02:16:40.290 0.8,0.0,0.0,0.0,0.0,-0.18421052631578938
2026-09-30T02:16:40.340 0.8,0.0,0.0,0.0,0.0,-0.18421052631578938
2026-09-30T02:16:40.390 0.8,0.0,0.0,0.0,0.0,-0.18421052631578938
2026-09-30T02:16:40.450 0.8,0.0,0.0,0.0,0.0,-0.18421052631578938
2026-09-30T02:16:40.500 0.8,0.0,0.0,0.0,0.0,-0.1105263157894736
2026-09-30T02:16:40.540 0.8,0.0,0.0,0.0,0.0,-0.1105263157894736
2026-09-30T02:16:40.590 0.8,0.0,0.0,0.0,0.0,-0.1105263157894736
2026-09-30T02:16:40.640 0.8,0.0,0.0,0.0,0.0,-0.1105263157894736
2026-09-30T02:16:40.690 0.8,0.0,0.0,0.0,0.0,-0.1105263157894736
2026-09-30T02:16:40.740 0.8,0.0,0.0,0.0,0.0,-0.1105263157894736
2026-09-30T02:16:40.791 0.8,0.0,0.0,0.0,0.0,-0.1105263157894736
2026-09-30T02:16:40.840 0.8,0.0,0.0,0.0,0.0,-0.1105263157894736
2026-09-30T02:16:40.890 0.8,0.0,0.0,0.0,0.0,-0.18421052631578938
2026-09-30T02:16:40.940 0.8,0.0,0.0,0.0,0.0,-0.18421052631578938
2026-09-30T02:16:41.000 0.8,0.0,0.0,0.0,0.0,-0.18421052631578938
2026-09-30T02:16:41.040 0.8,0.0,0.0,0.0,0.0,-0.1105263157894736
2026-09-30T02:16:41.090 0.8,0.0,0.0,0.0,0.0,-0.1105263157894736
2026-09-30T02:16:41.140 0.8,0.0,0.0,0.0,0.0,-0.18421052631578938
2026-09-30T02:16:41.190 0.8,0.0,0.0,0.0,0.0,-0.18421052631578938
2026-09-30T02:16:41.250 0.8,0.0,0.0,0.0,0.0,-0.1105263157894736
2026-09-30T02:16:41.290 0.8,0.0,0.0,0.0,0.0,-0.1105263157894736
2026-09-30T02:16:41.340 0.8,0.0,0.0,0.0,0.0,-0.1105263157894736
2026-09-30T02:16:41.390 0.8,0.0,0.0,0.0,0.0,-0.1105263157894736
2026-09-30T02:16:41.450 0.8,0.0,0.0,0.0,0.0,-0.1105263157894736
2026-09-30T02:16:41.490 0.8,0.0,0.0,0.0,0.0,-0.1105263157894736
2026-09-30T02:16:41.540 0.8,0.0,0.0,0.0,0.0,-0.1105263157894736
2026-09-30T02:16:41.590 0.8,0.0,0.0,0.0,0.0,-0.1105263157894736
2026-09-30T02:16:41.640 0.8,0.0,0.0,0.0,0.0,-0.1105263157894736
2026-09-30T02:16:41.690 0.8,0.0,0.0,0.0,0.0,-0.1105263157894736
2026-09-30T02:16:41.740 0.8,0.0,0.0,0.0,0.0,-0.1105263157894736
2026-09-30T02:16:41.790 0.8,0.0,0.0,0.0,0.0,-0.1105263157894736
2026-09-30T02:16:41.850 0.8,0.0,0.0,0.0,0.0,-0.1105263157894736
2026-09-30T02:16:41.889 0.8,0.0,0.0,0.0,0.0,-0.1105263157894736
2026-09-30T02:16:41.940 0.8,0.0,0.0,0.0,0.0,-0.1105263157894736
2026-09-30T02:16:41.990 0.8,0.0,0.0,0.0,0.0,-0.1105263157894736
2026-09-30T02:16:42.040 0.8,0.0,0.0,0.0,0.0,-0.1105263157894736
2026-09-30T02:16:42.090 0.8,0.0,0.0,0.0,0.0,-0.1105263157894736
2026-09-30T02:16:42.140 0.8,0.0,0.0,0.0,0.0,-0.1105263157894736
2026-09-30T02:16:42.190 0.8,0.0,0.0,0.0,0.0,-0.1105263157894736
2026-09-30T02:16:42.240 0.8,0.0,0.0,0.0,0.0,-0.1105263157894736
2026-09-30T02:16:42.290 0.8,0.0,0.0,0.0,0.0,-0.1105263157894736
2026-09-30T02:16:42.340 0.8,0.0,0.0,0.0,0.0,-0.1105263157894736
2026-09-30T02:16:42.390 0.8,0.0,0.0,0.0,0.0,-0.1105263157894736
2026-09-30T02:16:42.440 0.8,0.0,0.0,0.0,0.0,-0.1105263157894736
2026-09-30T02:16:42.491 0.8,0.0,0.0,0.0,0.0,-0.1105263157894736
2026-09-30T02:16:42.540 0.8,0.0,0.0,0.0,0.0,-0.1105263157894736
2026-09-30T02:16:42.590 0.8,0.0,0.0,0.0,0.0,-0.1105263157894736
2026-09-30T02:16:42.640 0.8,0.0,0.0,0.0,0.0,-0.036842105263157815
2026-09-30T02:16:42.690 0.8,0.0,0.0,0.0,0.0,-0.036842105263157815
2026-09-30T02:16:42.740 0.8,0.0,0.0,0.0,0.0,-0.036842105263157815
2026-09-30T02:16:42.790 0.8,0.0,0.0,0.0,0.0,-0.036842105263157815
2026-09-30T02:16:42.840 0.8,0.0,0.0,0.0,0.0,-0.036842105263157815
2026-09-30T02:16:42.890 0.8,0.0,0.0,0.0,0.0,-0.036842105263157815
2026-09-30T02:16:42.940 0.8,0.0,0.0,0.0,0.0,-0.1105263157894736
2026-09-30T02:16:42.990 0.8,0.0,0.0,0.0,0.0,-0.1105263157894736
2026-09-30T02:16:43.040 0.8,0.0,0.0,0.0,0.0,-0.1105263157894736
2026-09-30T02:16:43.090 0.8,0.0,0.0,0.0,0.0,-0.1105263157894736
2026-09-30T02:16:43.140 0.8,0.0,0.0,0.0,0.0,-0.1105263157894736
2026-09-30T02:16:43.190 0.8,0.0,0.0,0.0,0.0,-0.1105263157894736
2026-09-30T02:16:43.240 0.8,0.0,0.0,0.0,0.0,-0.1105263157894736
2026-09-30T02:16:43.290 0.8,0.0,0.0,0.0,0.0,-0.1105263157894736
2026-09-30T02:16:43.340 0.8,0.0,0.0,0.0,0.0,-0.1105263157894736
2026-09-30T02:16:43.390 0.8,0.0,0.0,0.0,0.0,-0.1105263157894736
2026-09-30T02:16:43.440 0.8,0.0,0.0,0.0,0.0,-0.036842105263157815
2026-09-30T02:16:43.490 0.8,0.0,0.0,0.0,0.0,-0.036842105263157815
2026-09-30T02:16:43.540 0.8,0.0,0.0,0.0,0.0,-0.036842105263157815
2026-09-30T02:16:43.590 0.8,0.0,0.0,0.0,0.0,-0.036842105263157815
2026-09-30T02:16:43.640 0.8,0.0,0.0,0.0,0.0,-0.036842105263157815
2026-09-30T02:16:43.690 0.8,0.0,0.0,0.0,0.0,-0.036842105263157815
2026-09-30T02:16:43.740 0.8,0.0,0.0,0.0,0.0,-0.036842105263157815
2026-09-30T02:16:43.791 0.8,0.0,0.0,0.0,0.0,-0.036842105263157815
2026-09-30T02:16:43.840 0.8,0.0,0.0,0.0,0.0,-0.1105263157894736
2026-09-30T02:16:43.890 0.8,0.0,0.0,0.0,0.0,-0.1105263157894736
2026-09-30T02:16:43.941 0.8,0.0,0.0,0.0,0.0,-0.1105263157894736
2026-09-30T02:16:43.990 0.8,0.0,0.0,0.0,0.0,-0.1105263157894736
2026-09-30T02:16:44.040 0.8,0.0,0.0,0.0,0.0,-0.1105263157894736
2026-09-30T02:16:44.090 0.8,0.0,0.0,0.0,0.0,-0.1105263157894736
2026-09-30T02:16:44.140 0.8,0.0,0.0,0.0,0.0,-0.1105263157894736
2026-09-30T02:16:44.190 0.8,0.0,0.0,0.0,0.0,-0.1105263157894736
2026-09-30T02:16:44.240 0.8,0.0,0.0,0.0,0.0,-0.1105263157894736
2026-09-30T02:16:44.290 0.8,0.0,0.0,0.0,0.0,-0.1105263157894736
2026-09-30T02:16:44.340 0.8,0.0,0.0,0.0,0.0,-0.1105263157894736
2026-09-30T02:16:44.390 0.8,0.0,0.0,0.0,0.0,-0.1105263157894736
2026-09-30T02:16:44.440 0.8,0.0,0.0,0.0,0.0,-0.1105263157894736
2026-09-30T02:16:44.490 0.8,0.0,0.0,0.0,0.0,-0.1105263157894736
2026-09-30T02:16:44.540 0.8,0.0,0.0,0.0,0.0,-0.1105263157894736
2026-09-30T02:16:44.590 0.8,0.0,0.0,0.0,0.0,-0.1105263157894736
2026-09-30T02:16:44.640 0.8,0.0,0.0,0.0,0.0,-0.1105263157894736
2026-09-30T02:16:44.690 0.8,0.0,0.0,0.0,0.0,-0.1105263157894736
2026-09-30T02:16:44.740 0.8,0.0,0.0,0.0,0.0,-0.1105263157894736
2026-09-30T02:16:44.790 0.8,0.0,0.0,0.0,0.0,-0.1105263157894736
2026-09-30T02:16:44.840 0.8,0.0,0.0,0.0,0.0,-0.1105263157894736
2026-09-30T02:16:44.900 0.8,0.0,0.0,0.0,0.0,-0.1105263157894736
2026-09-30T02:16:44.940 0.8,0.0,0.0,0.0,0.0,-0.1105263157894736
2026-09-30T02:16:44.990 0.8,0.0,0.0,0.0,0.0,-0.1105263157894736
2026-09-30T02:16:45.040 0.8,0.0,0.0,0.0,0.0,-0.1105263157894736
2026-09-30T02:16:45.090 0.8,0.0,0.0,0.0,0.0,-0.1105263157894736
2026-09-30T02:16:45.140 0.8,0.0,0.0,0.0,0.0,-0.1105263157894736
2026-09-30T02:16:45.192 0.8,0.0,0.0,0.0,0.0,-0.1105263157894736
2026-09-30T02:16:45.250 0.8,0.0,0.0,0.0,0.0,-0.1105263157894736
2026-09-30T02:16:45.290 0.8,0.0,0.0,0.0,0.0,-0.1105263157894736
2026-09-30T02:16:45.340 0.8,0.0,0.0,0.0,0.0,-0.1105263157894736
2026-09-30T02:16:45.389 0.8,0.0,0.0,0.0,0.0,-0.1105263157894736
2026-09-30T02:16:45.440 0.8,0.0,0.0,0.0,0.0,-0.1105263157894736
2026-09-30T02:16:45.490 0.8,0.0,0.0,0.0,0.0,-0.1105263157894736
2026-09-30T02:16:45.550 0.8,0.0,0.0,0.0,0.0,-0.1105263157894736
2026-09-30T02:16:45.590 0.8,0.0,0.0,0.0,0.0,-0.1105263157894736
2026-09-30T02:16:45.640 0.8,0.0,0.0,0.0,0.0,-0.1105263157894736
2026-09-30T02:16:45.690 0.8,0.0,0.0,0.0,0.0,-0.1105263157894736
2026-09-30T02:16:45.740 0.8,0.0,0.0,0.0,0.0,-0.1105263157894736
2026-09-30T02:16:45.790 0.8,0.0,0.0,0.0,0.0,-0.1105263157894736
2026-09-30T02:16:45.840 0.8,0.0,0.0,0.0,0.0,-0.1105263157894736
2026-09-30T02:16:45.890 0.8,0.0,0.0,0.0,0.0,-0.036842105263157815
2026-09-30T02:16:45.940 0.8,0.0,0.0,0.0,0.0,-0.036842105263157815
2026-09-30T02:16:46.000 0.8,0.0,0.0,0.0,0.0,-0.036842105263157815
2026-09-30T02:16:46.040 0.8,0.0,0.0,0.0,0.0,-0.1105263157894736
2026-09-30T02:16:46.090 0.8,0.0,0.0,0.0,0.0,-0.1105263157894736
2026-09-30T02:16:46.140 0.8,0.0,0.0,0.0,0.0,-0.1105263157894736
2026-09-30T02:16:46.190 0.8,0.0,0.0,0.0,0.0,-0.1105263157894736
2026-09-30T02:16:46.250 0.8,0.0,0.0,0.0,0.0,-0.036842105263157815
2026-09-30T02:16:46.300 0.8,0.0,0.0,0.0,0.0,-0.1105263157894736
2026-09-30T02:16:46.340 0.8,0.0,0.0,0.0,0.0,-0.1105263157894736
2026-09-30T02:16:46.390 0.8,0.0,0.0,0.0,0.0,-0.1105263157894736
2026-09-30T02:16:46.440 0.8,0.0,0.0,0.0,0.0,-0.1105263157894736
2026-09-30T02:16:46.490 0.8,0.0,0.0,0.0,0.0,-0.1105263157894736
2026-09-30T02:16:46.540 0.8,0.0,0.0,0.0,0.0,-0.1105263157894736
2026-09-30T02:16:46.590 0.8,0.0,0.0,0.0,0.0,-0.1105263157894736
2026-09-30T02:16:46.640 0.8,0.0,0.0,0.0,0.0,-0.1105263157894736
2026-09-30T02:16:46.690 0.8,0.0,0.0,0.0,0.0,-0.1105263157894736
2026-09-30T02:16:46.740 0.8,0.0,0.0,0.0,0.0,-0.1105263157894736
2026-09-30T02:16:46.790 0.8,0.0,0.0,0.0,0.0,-0.1105263157894736
2026-09-30T02:16:46.840 0.8,0.0,0.0,0.0,0.0,-0.1105263157894736
2026-09-30T02:16:46.900 0.8,0.0,0.0,0.0,0.0,-0.1105263157894736
2026-09-30T02:16:46.940 0.8,0.0,0.0,0.0,0.0,-0.1105263157894736
2026-09-30T02:16:46.990 0.8,0.0,0.0,0.0,0.0,-0.1105263157894736
2026-09-30T02:16:47.040 0.8,0.0,0.0,0.0,0.0,-0.036842105263157815
2026-09-30T02:16:47.100 0.8,0.0,0.0,0.0,0.0,-0.1105263157894736
2026-09-30T02:16:47.140 0.8,0.0,0.0,0.0,0.0,-0.1105263157894736
2026-09-30T02:16:47.190 0.8,0.0,0.0,0.0,0.0,-0.1105263157894736
2026-09-30T02:16:47.240 0.8,0.0,0.0,0.0,0.0,-0.1105263157894736
2026-09-30T02:16:47.290 0.8,0.0,0.0,0.0,0.0,-0.036842105263157815
2026-09-30T02:16:47.340 0.8,0.0,0.0,0.0,0.0,-0.1105263157894736
2026-09-30T02:16:47.390 0.8,0.0,0.0,0.0,0.0,-0.1105263157894736
2026-09-30T02:16:47.440 0.8,0.0,0.0,0.0,0.0,-0.036842105263157815
2026-09-30T02:16:47.490 0.8,0.0,0.0,0.0,0.0,-0.036842105263157815
2026-09-30T02:16:47.540 0.8,0.0,0.0,0.0,0.0,-0.1105263157894736
2026-09-30T02:16:47.590 0.8,0.0,0.0,0.0,0.0,-0.1105263157894736
2026-09-30T02:16:47.640 0.8,0.0,0.0,0.0,0.0,-0.1105263157894736
2026-09-30T02:16:47.690 0.8,0.0,0.0,0.0,0.0,-0.036842105263157815
2026-09-30T02:16:47.740 0.8,0.0,0.0,0.0,0.0,-0.036842105263157815
2026-09-30T02:16:47.790 0.8,0.0,0.0,0.0,0.0,-0.036842105263157815
2026-09-30T02:16:47.840 0.8,0.0,0.0,0.0,0.0,-0.036842105263157815
2026-09-30T02:16:47.890 0.8,0.0,0.0,0.0,0.0,-0.036842105263157815
2026-09-30T02:16:47.940 0.8,0.0,0.0,0.0,0.0,-0.036842105263157815
2026-09-30T02:16:47.990 0.8,0.0,0.0,0.0,0.0,-0.036842105263157815
2026-09-30T02:16:48.040 0.8,0.0,0.0,0.0,0.0,-0.036842105263157815
2026-09-30T02:16:48.090 0.8,0.0,0.0,0.0,0.0,-0.036842105263157815
2026-09-30T02:16:48.140 0.8,0.0,0.0,0.0,0.0,-0.036842105263157815
2026-09-30T02:16:48.190 0.8,0.0,0.0,0.0,0.0,-0.036842105263157815
2026-09-30T02:16:48.240 0.8,0.0,0.0,0.0,0.0,-0.036842105263157815
2026-09-30T02:16:48.290 0.8,0.0,0.0,0.0,0.0,-0.036842105263157815
2026-09-30T02:16:48.340 0.8,0.0,0.0,0.0,0.0,-0.036842105263157815
2026-09-30T02:16:48.390 0.8,0.0,0.0,0.0,0.0,-0.036842105263157815
2026-09-30T02:16:48.450 0.8,0.0,0.0,0.0,0.0,-0.036842105263157815
2026-09-30T02:16:48.490 0.8,0.0,0.0,0.0,0.0,-0.036842105263157815
2026-09-30T02:16:48.540 0.8,0.0,0.0,0.0,0.0,-0.036842105263157815
2026-09-30T02:16:48.590 0.8,0.0,0.0,0.0,0.0,-0.036842105263157815
2026-09-30T02:16:48.650 0.8,0.0,0.0,0.0,0.0,-0.036842105263157815
2026-09-30T02:16:48.690 0.8,0.0,0.0,0.0,0.0,0.0
2026-09-30T02:16:48.740 0.8,0.0,0.0,0.0,0.0,0.0
2026-09-30T02:16:48.790 0.8,0.0,0.0,0.0,0.0,0.0
2026-09-30T02:16:48.840 0.8,0.0,0.0,0.0,0.0,0.0
2026-09-30T02:16:48.890 0.8,0.0,0.0,0.0,0.0,-0.036842105263157815
2026-09-30T02:16:48.940 0.8,0.0,0.0,0.0,0.0,-0.036842105263157815
2026-09-30T02:16:48.990 0.8,0.0,0.0,0.0,0.0,0.0
2026-09-30T02:16:49.040 0.8,0.0,0.0,0.0,0.0,0.0
2026-09-30T02:16:49.090 0.8,0.0,0.0,0.0,0.0,0.0
2026-09-30T02:16:49.140 0.8,0.0,0.0,0.0,0.0,0.0
2026-09-30T02:16:49.190 0.8,0.0,0.0,0.0,0.0,-0.036842105263157815
2026-09-30T02:16:49.250 0.8,0.0,0.0,0.0,0.0,0.0
2026-09-30T02:16:49.290 0.8,0.0,0.0,0.0,0.0,0.0
2026-09-30T02:16:49.340 0.8,0.0,0.0,0.0,0.0,0.0
2026-09-30T02:16:49.390 0.8,0.0,0.0,0.0,0.0,0.0
2026-09-30T02:16:49.440 0.8,0.0,0.0,0.0,0.0,-0.036842105263157815
2026-09-30T02:16:49.490 0.8,0.0,0.0,0.0,0.0,-0.036842105263157815
2026-09-30T02:16:49.540 0.8,0.0,0.0,0.0,0.0,-0.036842105263157815
2026-09-30T02:16:49.590 0.8,0.0,0.0,0.0,0.0,-0.036842105263157815
2026-09-30T02:16:49.640 0.8,0.0,0.0,0.0,0.0,0.0
2026-09-30T02:16:49.690 0.8,0.0,0.0,0.0,0.0,0.0
2026-09-30T02:16:49.750 0.8,0.0,0.0,0.0,0.0,0.0
2026-09-30T02:16:49.790 0.7578947368421055,0.0,0.0,0.0,0.0,0.0
2026-09-30T02:16:49.841 0.7578947368421055,0.0,0.0,0.0,0.0,0.0
2026-09-30T02:16:49.890 0.7578947368421055,0.0,0.0,0.0,0.0,0.0
2026-09-30T02:16:49.940 0.7578947368421055,0.0,0.0,0.0,0.0,0.0
2026-09-30T02:16:49.990 0.7578947368421055,0.0,0.0,0.0,0.0,0.0
2026-09-30T02:16:50.050 0.8,0.0,0.0,0.0,0.0,0.03684210526315797
2026-09-30T02:16:50.090 0.8,0.0,0.0,0.0,0.0,0.03684210526315797
2026-09-30T02:16:50.139 0.8,0.0,0.0,0.0,0.0,0.03684210526315797
2026-09-30T02:16:50.190 0.8,0.0,0.0,0.0,0.0,0.03684210526315797
2026-09-30T02:16:50.240 0.7578947368421055,0.0,0.0,0.0,0.0,0.03684210526315797
2026-09-30T02:16:50.290 0.7578947368421055,0.0,0.0,0.0,0.0,0.03684210526315797
2026-09-30T02:16:50.340 0.7578947368421055,0.0,0.0,0.0,0.0,0.03684210526315797
2026-09-30T02:16:50.390 0.7578947368421055,0.0,0.0,0.0,0.0,0.03684210526315797
2026-09-30T02:16:50.440 0.673684210526316,0.0,0.0,0.0,0.0,0.0
2026-09-30T02:16:50.490 0.7157894736842108,0.0,0.0,0.0,0.0,0.03684210526315797
2026-09-30T02:16:50.540 0.7157894736842108,0.0,0.0,0.0,0.0,0.03684210526315797
2026-09-30T02:16:50.590 0.7157894736842108,0.0,0.0,0.0,0.0,0.03684210526315797
2026-09-30T02:16:50.640 0.7157894736842108,0.0,0.0,0.0,0.0,0.03684210526315797
2026-09-30T02:16:50.690 0.7157894736842108,0.0,0.0,0.0,0.0,0.03684210526315797
2026-09-30T02:16:50.740 0.6315789473684212,0.0,0.0,0.0,0.0,0.03684210526315797
2026-09-30T02:16:50.790 0.673684210526316,0.0,0.0,0.0,0.0,0.03684210526315797
2026-09-30T02:16:50.840 0.673684210526316,0.0,0.0,0.0,0.0,0.03684210526315797
2026-09-30T02:16:50.890 0.673684210526316,0.0,0.0,0.0,0.0,0.03684210526315797
2026-09-30T02:16:50.940 0.673684210526316,0.0,0.0,0.0,0.0,0.03684210526315797
2026-09-30T02:16:50.990 0.673684210526316,0.0,0.0,0.0,0.0,0.03684210526315797
2026-09-30T02:16:51.040 0.6315789473684212,0.0,0.0,0.0,0.0,0.03684210526315797
2026-09-30T02:16:51.090 0.6315789473684212,0.0,0.0,0.0,0.0,0.03684210526315797
2026-09-30T02:16:51.140 0.6315789473684212,0.0,0.0,0.0,0.0,0.03684210526315797
2026-09-30T02:16:51.190 0.6315789473684212,0.0,0.0,0.0,0.0,0.03684210526315797
2026-09-30T02:16:51.240 0.6315789473684212,0.0,0.0,0.0,0.0,0.03684210526315797
2026-09-30T02:16:51.290 0.6315789473684212,0.0,0.0,0.0,0.0,0.03684210526315797
2026-09-30T02:16:51.340 0.5894736842105265,0.0,0.0,0.0,0.0,0.03684210526315797
2026-09-30T02:16:51.390 0.5894736842105265,0.0,0.0,0.0,0.0,0.03684210526315797
2026-09-30T02:16:51.440 0.5894736842105265,0.0,0.0,0.0,0.0,0.03684210526315797
2026-09-30T02:16:51.490 0.5894736842105265,0.0,0.0,0.0,0.0,0.03684210526315797
2026-09-30T02:16:51.540 0.5894736842105265,0.0,0.0,0.0,0.0,0.03684210526315797
2026-09-30T02:16:51.590 0.5894736842105265,0.0,0.0,0.0,0.0,0.03684210526315797
2026-09-30T02:16:51.640 0.505263157894737,0.0,0.0,0.0,0.0,0.03684210526315797
2026-09-30T02:16:51.690 0.5473684210526317,0.0,0.0,0.0,0.0,0.03684210526315797
2026-09-30T02:16:51.740 0.5473684210526317,0.0,0.0,0.0,0.0,0.03684210526315797
2026-09-30T02:16:51.790 0.5473684210526317,0.0,0.0,0.0,0.0,0.03684210526315797
2026-09-30T02:16:51.840 0.5473684210526317,0.0,0.0,0.0,0.0,0.03684210526315797
2026-09-30T02:16:51.890 0.5473684210526317,0.0,0.0,0.0,0.0,0.03684210526315797
2026-09-30T02:16:51.940 0.5473684210526317,0.0,0.0,0.0,0.0,0.03684210526315797
2026-09-30T02:16:51.990 0.4631578947368422,0.0,0.0,0.0,0.0,0.03684210526315797
2026-09-30T02:16:52.040 0.505263157894737,0.0,0.0,0.0,0.0,0.03684210526315797
2026-09-30T02:16:52.090 0.505263157894737,0.0,0.0,0.0,0.0,0.03684210526315797
2026-09-30T02:16:52.140 0.505263157894737,0.0,0.0,0.0,0.0,0.03684210526315797
2026-09-30T02:16:52.190 0.505263157894737,0.0,0.0,0.0,0.0,0.03684210526315797
2026-09-30T02:16:52.240 0.505263157894737,0.0,0.0,0.0,0.0,0.03684210526315797
2026-09-30T02:16:52.290 0.505263157894737,0.0,0.0,0.0,0.0,0.03684210526315797
2026-09-30T02:16:52.350 0.42105263157894746,0.0,0.0,0.0,0.0,0.03684210526315797
2026-09-30T02:16:52.390 0.42105263157894746,0.0,0.0,0.0,0.0,0.03684210526315797
2026-09-30T02:16:52.440 0.42105263157894746,0.0,0.0,0.0,0.0,0.03684210526315797
2026-09-30T02:16:52.490 0.4631578947368422,0.0,0.0,0.0,0.0,-0.036842105263157815
2026-09-30T02:16:52.540 0.42105263157894746,0.0,0.0,0.0,0.0,-0.036842105263157815
2026-09-30T02:16:52.590 0.42105263157894746,0.0,0.0,0.0,0.0,-0.036842105263157815
2026-09-30T02:16:52.640 0.42105263157894746,0.0,0.0,0.0,0.0,-0.036842105263157815
2026-09-30T02:16:52.690 0.42105263157894746,0.0,0.0,0.0,0.0,-0.036842105263157815
2026-09-30T02:16:52.741 0.42105263157894746,0.0,0.0,0.0,0.0,-0.036842105263157815
2026-09-30T02:16:52.800 0.42105263157894746,0.0,0.0,0.0,0.0,-0.036842105263157815
2026-09-30T02:16:52.840 0.42105263157894746,0.0,0.0,0.0,0.0,-0.036842105263157815
2026-09-30T02:16:52.890 0.42105263157894746,0.0,0.0,0.0,0.0,-0.036842105263157815
2026-09-30T02:16:52.940 0.42105263157894746,0.0,0.0,0.0,0.0,-0.036842105263157815
2026-09-30T02:16:52.990 0.42105263157894746,0.0,0.0,0.0,0.0,-0.036842105263157815
2026-09-30T02:16:53.040 0.3789473684210527,0.0,0.0,0.0,0.0,-0.036842105263157815
2026-09-30T02:16:53.090 0.3789473684210527,0.0,0.0,0.0,0.0,-0.036842105263157815
2026-09-30T02:16:53.140 0.3789473684210527,0.0,0.0,0.0,0.0,-0.036842105263157815
2026-09-30T02:16:53.190 0.3789473684210527,0.0,0.0,0.0,0.0,-0.036842105263157815
2026-09-30T02:16:53.240 0.3789473684210527,0.0,0.0,0.0,0.0,-0.1105263157894736
2026-09-30T02:16:53.290 0.33684210526315794,0.0,0.0,0.0,0.0,-0.1105263157894736
2026-09-30T02:16:53.340 0.33684210526315794,0.0,0.0,0.0,0.0,-0.1105263157894736
2026-09-30T02:16:53.390 0.3789473684210527,0.0,0.0,0.0,0.0,-0.036842105263157815
2026-09-30T02:16:53.440 0.3789473684210527,0.0,0.0,0.0,0.0,-0.036842105263157815
2026-09-30T02:16:53.490 0.33684210526315794,0.0,0.0,0.0,0.0,-0.1105263157894736
2026-09-30T02:16:53.540 0.2947368421052632,0.0,0.0,0.0,0.0,-0.18421052631578938
2026-09-30T02:16:53.600 0.2947368421052632,0.0,0.0,0.0,0.0,-0.18421052631578938
2026-09-30T02:16:53.640 0.2947368421052632,0.0,0.0,0.0,0.0,-0.18421052631578938
2026-09-30T02:16:53.690 0.2947368421052632,0.0,0.0,0.0,0.0,-0.18421052631578938
2026-09-30T02:16:53.740 0.33684210526315794,0.0,0.0,0.0,0.0,-0.1105263157894736
2026-09-30T02:16:53.790 0.33684210526315794,0.0,0.0,0.0,0.0,-0.1105263157894736
2026-09-30T02:16:53.840 0.2947368421052632,0.0,0.0,0.0,0.0,-0.18421052631578938
2026-09-30T02:16:53.890 0.2947368421052632,0.0,0.0,0.0,0.0,-0.18421052631578938
2026-09-30T02:16:53.940 0.2947368421052632,0.0,0.0,0.0,0.0,-0.18421052631578938
2026-09-30T02:16:53.990 0.2947368421052632,0.0,0.0,0.0,0.0,-0.18421052631578938
2026-09-30T02:16:54.040 0.33684210526315794,0.0,0.0,0.0,0.0,-0.036842105263157815
2026-09-30T02:16:54.091 0.33684210526315794,0.0,0.0,0.0,0.0,-0.036842105263157815
2026-09-30T02:16:54.140 0.2947368421052632,0.0,0.0,0.0,0.0,-0.1105263157894736
2026-09-30T02:16:54.190 0.2947368421052632,0.0,0.0,0.0,0.0,-0.1105263157894736
2026-09-30T02:16:54.240 0.25263157894736843,0.0,0.0,0.0,0.0,-0.18421052631578938
2026-09-30T02:16:54.290 0.25263157894736843,0.0,0.0,0.0,0.0,-0.18421052631578938
2026-09-30T02:16:54.340 0.2947368421052632,0.0,0.0,0.0,0.0,-0.036842105263157815
2026-09-30T02:16:54.390 0.2947368421052632,0.0,0.0,0.0,0.0,-0.036842105263157815
2026-09-30T02:16:54.440 0.2947368421052632,0.0,0.0,0.0,0.0,-0.036842105263157815
2026-09-30T02:16:54.490 0.2947368421052632,0.0,0.0,0.0,0.0,-0.1105263157894736
2026-09-30T02:16:54.540 0.2947368421052632,0.0,0.0,0.0,0.0,-0.1105263157894736
2026-09-30T02:16:54.590 0.2947368421052632,0.0,0.0,0.0,0.0,-0.1105263157894736
2026-09-30T02:16:54.640 0.25263157894736843,0.0,0.0,0.0,0.0,-0.18421052631578938
2026-09-30T02:16:54.690 0.25263157894736843,0.0,0.0,0.0,0.0,-0.18421052631578938
2026-09-30T02:16:54.740 0.25263157894736843,0.0,0.0,0.0,0.0,-0.18421052631578938
2026-09-30T02:16:54.790 0.25263157894736843,0.0,0.0,0.0,0.0,-0.18421052631578938
2026-09-30T02:16:54.840 0.25263157894736843,0.0,0.0,0.0,0.0,-0.18421052631578938
2026-09-30T02:16:54.890 0.25263157894736843,0.0,0.0,0.0,0.0,-0.18421052631578938
2026-09-30T02:16:54.940 0.25263157894736843,0.0,0.0,0.0,0.0,-0.1105263157894736
2026-09-30T02:16:54.990 0.21052631578947367,0.0,0.0,0.0,0.0,-0.18421052631578938
2026-09-30T02:16:55.040 0.21052631578947367,0.0,0.0,0.0,0.0,-0.18421052631578938
2026-09-30T02:16:55.090 0.21052631578947367,0.0,0.0,0.0,0.0,-0.18421052631578938
2026-09-30T02:16:55.140 0.21052631578947367,0.0,0.0,0.0,0.0,-0.18421052631578938
2026-09-30T02:16:55.190 0.21052631578947367,0.0,0.0,0.0,0.0,-0.18421052631578938
2026-09-30T02:16:55.240 0.25263157894736843,0.0,0.0,0.0,0.0,-0.036842105263157815
2026-09-30T02:16:55.290 0.21052631578947367,0.0,0.0,0.0,0.0,-0.18421052631578938
2026-09-30T02:16:55.341 0.25263157894736843,0.0,0.0,0.0,0.0,-0.1105263157894736
2026-09-30T02:16:55.390 0.25263157894736843,0.0,0.0,0.0,0.0,-0.1105263157894736
2026-09-30T02:16:55.440 0.25263157894736843,0.0,0.0,0.0,0.0,-0.1105263157894736
2026-09-30T02:16:55.490 0.25263157894736843,0.0,0.0,0.0,0.0,-0.1105263157894736
2026-09-30T02:16:55.540 0.21052631578947367,0.0,0.0,0.0,0.0,-0.18421052631578938
2026-09-30T02:16:55.590 0.21052631578947367,0.0,0.0,0.0,0.0,-0.18421052631578938
2026-09-30T02:16:55.640 0.21052631578947367,0.0,0.0,0.0,0.0,-0.18421052631578938
2026-09-30T02:16:55.690 0.21052631578947367,0.0,0.0,0.0,0.0,-0.18421052631578938
2026-09-30T02:16:55.740 0.21052631578947367,0.0,0.0,0.0,0.0,-0.18421052631578938
2026-09-30T02:16:55.791 0.21052631578947367,0.0,0.0,0.0,0.0,-0.18421052631578938
2026-09-30T02:16:55.840 0.21052631578947367,0.0,0.0,0.0,0.0,-0.18421052631578938
2026-09-30T02:16:55.900 0.21052631578947367,0.0,0.0,0.0,0.0,-0.18421052631578938
2026-09-30T02:16:55.940 0.21052631578947367,0.0,0.0,0.0,0.0,-0.036842105263157815
2026-09-30T02:16:55.990 0.21052631578947367,0.0,0.0,0.0,0.0,-0.036842105263157815
2026-09-30T02:16:56.040 0.16842105263157894,0.0,0.0,0.0,0.0,-0.18421052631578938
2026-09-30T02:16:56.090 0.16842105263157894,0.0,0.0,0.0,0.0,-0.18421052631578938
2026-09-30T02:16:56.140 0.16842105263157894,0.0,0.0,0.0,0.0,-0.18421052631578938
2026-09-30T02:16:56.190 0.16842105263157894,0.0,0.0,0.0,0.0,-0.18421052631578938
2026-09-30T02:16:56.240 0.21052631578947367,0.0,0.0,0.0,0.0,-0.024210526315789377
2026-09-30T02:16:56.290 0.21052631578947367,0.0,0.0,0.0,0.0,0.0
2026-09-30T02:16:56.340 0.21052631578947367,0.0,0.0,0.0,0.0,0.0
2026-09-30T02:16:56.390 0.21052631578947367,0.0,0.0,0.0,0.0,-0.036842105263157815
2026-09-30T02:16:56.440 0.21052631578947367,0.0,0.0,0.0,0.0,-0.036842105263157815
2026-09-30T02:16:56.490 0.21052631578947367,0.0,0.0,0.0,0.0,-0.1105263157894736
2026-09-30T02:16:56.540 0.21052631578947367,0.0,0.0,0.0,0.0,-0.1105263157894736
2026-09-30T02:16:56.590 0.21052631578947367,0.0,0.0,0.0,0.0,-0.1105263157894736
2026-09-30T02:16:56.640 0.21052631578947367,0.0,0.0,0.0,0.0,-0.1105263157894736
2026-09-30T02:16:56.690 0.21052631578947367,0.0,0.0,0.0,0.0,-0.1105263157894736
2026-09-30T02:16:56.740 0.16842105263157894,0.0,0.0,0.0,0.0,-0.036842105263157815
2026-09-30T02:16:56.790 0.16842105263157894,0.0,0.0,0.0,0.0,-0.18421052631578938
2026-09-30T02:16:56.840 0.16842105263157894,0.0,0.0,0.0,0.0,-0.18421052631578938
2026-09-30T02:16:56.890 0.16842105263157894,0.0,0.0,0.0,0.0,-0.18421052631578938
2026-09-30T02:16:56.940 0.16842105263157894,0.0,0.0,0.0,0.0,-0.18421052631578938
2026-09-30T02:16:56.990 0.16842105263157894,0.0,0.0,0.0,0.0,-0.18421052631578938
2026-09-30T02:16:57.040 0.16842105263157894,0.0,0.0,0.0,0.0,-0.1105263157894736
2026-09-30T02:16:57.090 0.16842105263157894,0.0,0.0,0.0,0.0,-0.1105263157894736
2026-09-30T02:16:57.140 0.16842105263157894,0.0,0.0,0.0,0.0,-0.036842105263157815
2026-09-30T02:16:57.190 0.16842105263157894,0.0,0.0,0.0,0.0,0.0
2026-09-30T02:16:57.240 0.12631578947368421,0.0,0.0,0.0,0.0,-0.16
2026-09-30T02:16:57.290 0.12631578947368421,0.0,0.0,0.0,0.0,-0.18421052631578938
2026-09-30T02:16:57.340 0.12631578947368421,0.0,0.0,0.0,0.0,-0.18421052631578938
2026-09-30T02:16:57.391 0.12631578947368421,0.0,0.0,0.0,0.0,-0.2578947368421052
2026-09-30T02:16:57.440 0.12631578947368421,0.0,0.0,0.0,0.0,-0.2578947368421052
2026-09-30T02:16:57.490 0.12631578947368421,0.0,0.0,0.0,0.0,-0.2578947368421052
2026-09-30T02:16:57.540 0.12631578947368421,0.0,0.0,0.0,0.0,-0.2578947368421052
2026-09-30T02:16:57.590 0.12631578947368421,0.0,0.0,0.0,0.0,-0.2578947368421052
2026-09-30T02:16:57.640 0.16842105263157894,0.0,0.0,0.0,0.0,-0.09789473684210517
2026-09-30T02:16:57.690 0.16842105263157894,0.0,0.0,0.0,0.0,0.03684210526315798
2026-09-30T02:16:58.612 0.16842105263157894,0.0,0.0,0.0,0.0,-0.036842105263157815
2026-09-30T02:16:58.661 0.16842105263157894,0.0,0.0,0.0,0.0,-0.036842105263157815
2026-09-30T02:16:59.930 0.16842105263157894,0.0,0.0,0.0,0.0,-0.036842105263157815
2026-09-30T02:16:59.980 0.16842105263157894,0.0,0.0,0.0,0.0,-0.1105263157894736
2026-09-30T02:17:00.030 0.16842105263157894,0.0,0.0,0.0,0.0,-0.1105263157894736
2026-09-30T02:17:00.080 0.16842105263157894,0.0,0.0,0.0,0.0,-0.1105263157894736
2026-09-30T02:17:00.130 0.16842105263157894,0.0,0.0,0.0,0.0,-0.1105263157894736
2026-09-30T02:17:00.180 0.12631578947368421,0.0,0.0,0.0,0.0,-0.036842105263157815
2026-09-30T02:17:00.230 0.12631578947368421,0.0,0.0,0.0,0.0,-0.036842105263157815
2026-09-30T02:17:00.279 0.12631578947368421,0.0,0.0,0.0,0.0,-0.036842105263157815
2026-09-30T02:17:00.330 0.12631578947368421,0.0,0.0,0.0,0.0,0.0
2026-09-30T02:17:00.380 0.12631578947368421,0.0,0.0,0.0,0.0,0.0
2026-09-30T02:17:00.430 0.12631578947368421,0.0,0.0,0.0,0.0,-0.16
2026-09-30T02:17:00.480 0.12631578947368421,0.0,0.0,0.0,0.0,-0.18421052631578938
2026-09-30T02:17:00.530 0.12631578947368421,0.0,0.0,0.0,0.0,-0.18421052631578938
2026-09-30T02:17:00.580 0.12631578947368421,0.0,0.0,0.0,0.0,-0.1105263157894736
2026-09-30T02:17:00.630 0.12631578947368421,0.0,0.0,0.0,0.0,-0.1105263157894736
2026-09-30T02:17:00.680 0.12631578947368421,0.0,0.0,0.0,0.0,-0.1105263157894736
2026-09-30T02:17:00.730 0.12631578947368421,0.0,0.0,0.0,0.0,-0.1105263157894736
2026-09-30T02:17:00.780 0.12631578947368421,0.0,0.0,0.0,0.0,-0.1105263157894736
2026-09-30T02:17:00.830 0.12631578947368421,0.0,0.0,0.0,0.0,0.03684210526315797
2026-09-30T02:17:00.879 0.12631578947368421,0.0,0.0,0.0,0.0,0.03684210526315797
2026-09-30T02:17:00.930 0.0013157894736842146,0.0,0.0,0.0,0.0,0.19684210526315798
2026-09-30T02:17:00.979 0.0,0.0,0.0,0.0,0.0,0.25789473684210534
2026-09-30T02:17:01.029 0.0,0.0,0.0,0.0,0.0,0.25789473684210534
2026-09-30T02:17:01.080 0.0,0.0,0.0,0.0,0.0,0.25789473684210534
2026-09-30T02:17:01.130 0.0,0.0,0.0,0.0,0.0,0.25789473684210534
2026-09-30T02:17:01.180 0.0,0.0,0.0,0.0,0.0,0.25789473684210534
2026-09-30T02:17:01.229 0.0,0.0,0.0,0.0,0.0,0.25789473684210534
2026-09-30T02:17:01.280 0.0,0.0,0.0,0.0,0.0,0.25789473684210534
2026-09-30T02:17:01.330 0.0,0.0,0.0,0.0,0.0,0.25789473684210534
2026-09-30T02:17:01.379 0.0,0.0,0.0,0.0,0.0,0.25789473684210534
2026-09-30T02:17:01.430 0.0,0.0,0.0,0.0,0.0,0.25789473684210534
2026-09-30T02:17:01.480 0.0,0.0,0.0,0.0,0.0,0.25789473684210534
2026-09-30T02:17:01.531 0.0,0.0,0.0,0.0,0.0,0.25789473684210534
2026-09-30T02:17:01.580 0.0,0.0,0.0,0.0,0.0,0.25789473684210534
2026-09-30T02:17:01.629 0.0,0.0,0.0,0.0,0.0,0.25789473684210534
2026-09-30T02:17:01.680 0.0,0.0,0.0,0.0,0.0,0.25789473684210534
2026-09-30T02:17:01.730 0.0,0.0,0.0,0.0,0.0,0.25789473684210534
2026-09-30T02:17:01.780 0.0,0.0,0.0,0.0,0.0,0.25789473684210534
2026-09-30T02:17:01.840 0.0,0.0,0.0,0.0,0.0,0.25789473684210534
2026-09-30T02:17:01.879 0.0,0.0,0.0,0.0,0.0,0.25789473684210534
2026-09-30T02:17:01.929 0.0,0.0,0.0,0.0,0.0,0.25789473684210534
2026-09-30T02:17:01.980 0.0,0.0,0.0,0.0,0.0,0.25789473684210534
2026-09-30T02:17:02.030 0.0,0.0,0.0,0.0,0.0,0.25789473684210534
2026-09-30T02:17:02.079 0.0,0.0,0.0,0.0,0.0,0.25789473684210534
2026-09-30T02:17:02.130 0.0,0.0,0.0,0.0,0.0,0.25789473684210534
2026-09-30T02:17:02.180 0.0,0.0,0.0,0.0,0.0,0.25789473684210534
2026-09-30T02:17:02.230 0.0,0.0,0.0,0.0,0.0,0.25789473684210534
2026-09-30T02:17:02.280 0.0,0.0,0.0,0.0,0.0,0.25789473684210534
2026-09-30T02:17:02.330 0.0,0.0,0.0,0.0,0.0,0.25789473684210534
2026-09-30T02:17:02.379 0.0,0.0,0.0,0.0,0.0,0.25789473684210534
2026-09-30T02:17:02.430 0.0,0.0,0.0,0.0,0.0,0.25789473684210534
2026-09-30T02:17:02.480 0.0,0.0,0.0,0.0,0.0,0.25789473684210534
2026-09-30T02:17:02.530 0.0,0.0,0.0,0.0,0.0,0.25789473684210534
2026-09-30T02:17:02.580 0.0,0.0,0.0,0.0,0.0,0.25789473684210534
2026-09-30T02:17:02.640 0.0,0.0,0.0,0.0,0.0,0.25789473684210534
2026-09-30T02:17:02.680 0.0,0.0,0.0,0.0,0.0,0.25789473684210534
2026-09-30T02:17:02.730 0.0,0.0,0.0,0.0,0.0,0.25789473684210534
2026-09-30T02:17:02.779 0.0,0.0,0.0,0.0,0.0,0.25789473684210534
2026-09-30T02:17:02.830 0.0,0.0,0.0,0.0,0.0,0.25789473684210534
2026-09-30T02:17:02.880 0.0,0.0,0.0,0.0,0.0,0.25789473684210534
2026-09-30T02:17:02.930 0.0,0.0,0.0,0.0,0.0,0.25789473684210534
2026-09-30T02:17:02.980 0.0,0.0,0.0,0.0,0.0,0.25789473684210534
2026-09-30T02:17:03.030 0.0,0.0,0.0,0.0,0.0,0.25789473684210534
2026-09-30T02:17:03.080 0.0,0.0,0.0,0.0,0.0,0.25789473684210534
2026-09-30T02:17:03.130 0.0,0.0,0.0,0.0,0.0,0.25789473684210534
2026-09-30T02:17:03.180 0.0,0.0,0.0,0.0,0.0,0.25789473684210534
2026-09-30T02:17:03.230 0.0,0.0,0.0,0.0,0.0,0.25789473684210534
2026-09-30T02:17:03.280 0.0,0.0,0.0,0.0,0.0,0.25789473684210534
2026-09-30T02:17:03.330 0.0,0.0,0.0,0.0,0.0,0.25789473684210534
2026-09-30T02:17:03.390 0.0,0.0,0.0,0.0,0.0,0.25789473684210534
2026-09-30T02:17:03.430 0.0,0.0,0.0,0.0,0.0,0.25789473684210534
2026-09-30T02:17:03.480 0.0,0.0,0.0,0.0,0.0,0.25789473684210534
2026-09-30T02:17:03.530 0.0,0.0,0.0,0.0,0.0,0.25789473684210534
2026-09-30T02:17:03.580 0.0,0.0,0.0,0.0,0.0,0.25789473684210534
2026-09-30T02:17:03.630 0.0,0.0,0.0,0.0,0.0,0.25789473684210534
2026-09-30T02:17:03.680 0.0,0.0,0.0,0.0,0.0,0.25789473684210534
2026-09-30T02:17:03.730 0.0,0.0,0.0,0.0,0.0,0.25789473684210534
2026-09-30T02:17:03.779 0.0,0.0,0.0,0.0,0.0,0.25789473684210534
2026-09-30T02:17:03.830 0.0,0.0,0.0,0.0,0.0,0.25789473684210534
2026-09-30T02:17:03.890 0.0,0.0,0.0,0.0,0.0,0.25789473684210534
2026-09-30T02:17:03.930 0.0,0.0,0.0,0.0,0.0,0.25789473684210534
2026-09-30T02:17:03.980 0.0,0.0,0.0,0.0,0.0,0.25789473684210534
2026-09-30T02:17:04.030 0.0,0.0,0.0,0.0,0.0,0.25789473684210534
2026-09-30T02:17:04.080 0.0,0.0,0.0,0.0,0.0,0.25789473684210534
2026-09-30T02:17:04.130 0.0,0.0,0.0,0.0,0.0,0.25789473684210534
2026-09-30T02:17:04.180 0.0,0.0,0.0,0.0,0.0,0.25789473684210534
2026-09-30T02:17:04.230 0.0,0.0,0.0,0.0,0.0,0.25789473684210534
2026-09-30T02:17:04.280 0.0,0.0,0.0,0.0,0.0,0.18421052631578955
2026-09-30T02:17:04.330 0.0,0.0,0.0,0.0,0.0,0.18421052631578955
2026-09-30T02:17:04.390 0.0,0.0,0.0,0.0,0.0,0.18421052631578955
2026-09-30T02:17:04.430 0.0,0.0,0.0,0.0,0.0,0.18421052631578955
2026-09-30T02:17:04.490 0.0,0.0,0.0,0.0,0.0,0.18421052631578955
2026-09-30T02:17:04.540 0.0,0.0,0.0,0.0,0.0,0.18421052631578955
2026-09-30T02:17:04.580 0.0,0.0,0.0,0.0,0.0,0.18421052631578955
2026-09-30T02:17:04.630 0.0,0.0,0.0,0.0,0.0,0.18421052631578955
2026-09-30T02:17:04.680 0.0,0.0,0.0,0.0,0.0,0.18421052631578955
2026-09-30T02:17:04.730 0.0,0.0,0.0,0.0,0.0,0.18421052631578955
2026-09-30T02:17:04.780 0.0,0.0,0.0,0.0,0.0,0.18421052631578955
2026-09-30T02:17:04.830 0.0,0.0,0.0,0.0,0.0,0.18421052631578955
2026-09-30T02:17:04.890 0.0,0.0,0.0,0.0,0.0,0.18421052631578955
2026-09-30T02:17:04.931 0.0,0.0,0.0,0.0,0.0,0.18421052631578955
2026-09-30T02:17:04.980 0.0,0.0,0.0,0.0,0.0,0.18421052631578955
2026-09-30T02:17:05.030 0.0,0.0,0.0,0.0,0.0,0.18421052631578955
2026-09-30T02:17:05.080 0.0,0.0,0.0,0.0,0.0,0.18421052631578955
2026-09-30T02:17:05.130 0.0,0.0,0.0,0.0,0.0,0.18421052631578955
2026-09-30T02:17:05.180 0.0,0.0,0.0,0.0,0.0,0.18421052631578955
2026-09-30T02:17:05.230 0.0,0.0,0.0,0.0,0.0,0.18421052631578955
2026-09-30T02:17:05.280 0.0,0.0,0.0,0.0,0.0,0.18421052631578955
2026-09-30T02:17:05.330 0.0,0.0,0.0,0.0,0.0,0.18421052631578955
2026-09-30T02:17:05.379 0.0,0.0,0.0,0.0,0.0,0.18421052631578955
2026-09-30T02:17:05.430 0.0,0.0,0.0,0.0,0.0,0.18421052631578955
2026-09-30T02:17:05.480 0.0,0.0,0.0,0.0,0.0,0.18421052631578955
2026-09-30T02:17:05.530 0.0,0.0,0.0,0.0,0.0,0.18421052631578955
2026-09-30T02:17:05.590 0.0,0.0,0.0,0.0,0.0,0.18421052631578955
2026-09-30T02:17:05.629 0.0,0.0,0.0,0.0,0.0,0.18421052631578955
2026-09-30T02:17:05.680 0.0,0.0,0.0,0.0,0.0,0.18421052631578955
2026-09-30T02:17:05.730 0.0,0.0,0.0,0.0,0.0,0.18421052631578955
2026-09-30T02:17:05.780 0.0,0.0,0.0,0.0,0.0,0.18421052631578955
2026-09-30T02:17:05.830 0.0,0.0,0.0,0.0,0.0,0.18421052631578955
2026-09-30T02:17:05.880 0.0,0.0,0.0,0.0,0.0,0.18421052631578955
2026-09-30T02:17:05.930 0.0,0.0,0.0,0.0,0.0,0.18421052631578955
2026-09-30T02:17:05.980 0.0,0.0,0.0,0.0,0.0,0.18421052631578955
2026-09-30T02:17:06.030 0.0,0.0,0.0,0.0,0.0,0.18421052631578955
2026-09-30T02:17:06.080 0.0,0.0,0.0,0.0,0.0,0.18421052631578955
2026-09-30T02:17:06.130 0.0,0.0,0.0,0.0,0.0,0.18421052631578955
2026-09-30T02:17:06.180 0.0,0.0,0.0,0.0,0.0,0.18421052631578955
2026-09-30T02:17:06.230 0.0,0.0,0.0,0.0,0.0,0.18421052631578955
2026-09-30T02:17:06.280 0.0,0.0,0.0,0.0,0.0,0.18421052631578955
2026-09-30T02:17:06.330 0.0,0.0,0.0,0.0,0.0,0.18421052631578955
2026-09-30T02:17:06.380 0.0,0.0,0.0,0.0,0.0,0.18421052631578955
2026-09-30T02:17:06.430 0.0,0.0,0.0,0.0,0.0,0.18421052631578955
2026-09-30T02:17:06.490 0.0,0.0,0.0,0.0,0.0,0.18421052631578955
2026-09-30T02:17:06.529 0.0,0.0,0.0,0.0,0.0,0.18421052631578955
2026-09-30T02:17:06.580 0.0,0.0,0.0,0.0,0.0,0.18421052631578955
2026-09-30T02:17:06.630 0.0,0.0,0.0,0.0,0.0,0.18421052631578955
2026-09-30T02:17:06.680 0.0,0.0,0.0,0.0,0.0,0.18421052631578955
2026-09-30T02:17:06.740 0.0,0.0,0.0,0.0,0.0,0.18421052631578955
2026-09-30T02:17:06.779 0.0,0.0,0.0,0.0,0.0,0.18421052631578955
2026-09-30T02:17:06.830 0.0,0.0,0.0,0.0,0.0,0.18421052631578955
2026-09-30T02:17:06.880 0.0,0.0,0.0,0.0,0.0,0.18421052631578955
2026-09-30T02:17:06.930 0.0,0.0,0.0,0.0,0.0,0.18421052631578955
2026-09-30T02:17:06.980 0.0,0.0,0.0,0.0,0.0,0.18421052631578955
2026-09-30T02:17:07.030 0.0,0.0,0.0,0.0,0.0,0.18421052631578955
2026-09-30T02:17:07.090 0.0,0.0,0.0,0.0,0.0,0.18421052631578955
2026-09-30T02:17:07.130 0.0,0.0,0.0,0.0,0.0,0.18421052631578955
2026-09-30T02:17:07.180 0.0,0.0,0.0,0.0,0.0,0.18421052631578955
2026-09-30T02:17:07.230 0.0,0.0,0.0,0.0,0.0,0.18421052631578955
2026-09-30T02:17:07.280 0.0,0.0,0.0,0.0,0.0,0.18421052631578955
2026-09-30T02:17:07.330 0.0,0.0,0.0,0.0,0.0,0.18421052631578955
2026-09-30T02:17:07.381 0.0,0.0,0.0,0.0,0.0,0.18421052631578955
2026-09-30T02:17:07.430 0.0,0.0,0.0,0.0,0.0,0.18421052631578955
2026-09-30T02:17:07.480 0.0,0.0,0.0,0.0,0.0,0.18421052631578955
2026-09-30T02:17:07.530 0.0,0.0,0.0,0.0,0.0,0.11052631578947375
2026-09-30T02:17:07.580 0.0,0.0,0.0,0.0,0.0,0.11052631578947375
2026-09-30T02:17:07.630 0.0,0.0,0.0,0.0,0.0,0.11052631578947375
2026-09-30T02:17:07.679 0.0,0.0,0.0,0.0,0.0,0.11052631578947375
2026-09-30T02:17:07.730 0.0,0.0,0.0,0.0,0.0,0.11052631578947375
2026-09-30T02:17:07.780 0.0,0.0,0.0,0.0,0.0,0.11052631578947375
2026-09-30T02:17:07.830 0.0,0.0,0.0,0.0,0.0,0.11052631578947375
2026-09-30T02:17:07.880 0.0,0.0,0.0,0.0,0.0,0.11052631578947375
2026-09-30T02:17:07.930 0.0,0.0,0.0,0.0,0.0,0.11052631578947375
2026-09-30T02:17:07.980 0.0,0.0,0.0,0.0,0.0,0.11052631578947375
2026-09-30T02:17:08.029 0.0,0.0,0.0,0.0,0.0,0.11052631578947375
2026-09-30T02:17:08.080 0.0,0.0,0.0,0.0,0.0,0.11052631578947375
2026-09-30T02:17:08.130 0.0,0.0,0.0,0.0,0.0,0.0
2026-09-30T02:17:08.180 0.0,0.0,0.0,0.0,0.0,0.0
2026-09-30T02:17:08.230 0.0,0.0,0.0,0.0,0.0,0.0
2026-09-30T02:17:08.280 0.0,0.0,0.0,0.0,0.0,0.0
2026-09-30T02:17:08.330 0.0,0.0,0.0,0.0,0.0,0.0
2026-09-30T02:17:08.380 0.0,0.0,0.0,0.0,0.0,0.0
2026-09-30T02:17:08.429 0.0,0.0,0.0,0.0,0.0,0.0
2026-09-30T02:17:08.480 0.0,0.0,0.0,0.0,0.0,0.0
2026-09-30T02:17:08.530 0.0,0.0,0.0,0.0,0.0,0.0
2026-09-30T02:17:08.580 0.0,0.0,0.0,0.0,0.0,0.0
2026-09-30T02:17:08.640 0.0,0.0,0.0,0.0,0.0,0.0
2026-09-30T02:17:08.680 0.0,0.0,0.0,0.0,0.0,0.0
2026-09-30T02:17:08.730 0.0,0.0,0.0,0.0,0.0,0.0
2026-09-30T02:17:08.780 0.0,0.0,0.0,0.0,0.0,0.0
2026-09-30T02:17:08.830 0.0,0.0,0.0,0.0,0.0,0.0
2026-09-30T02:17:08.880 0.0,0.0,0.0,0.0,0.0,0.0
2026-09-30T02:17:08.930 0.0,0.0,0.0,0.0,0.0,0.0
2026-09-30T02:17:08.980 0.0,0.0,0.0,0.0,0.0,0.0
2026-09-30T02:17:09.030 0.0,0.0,0.0,0.0,0.0,0.0
2026-09-30T02:17:09.080 0.0,0.0,0.0,0.0,0.0,0.0
2026-09-30T02:17:09.130 0.0,0.0,0.0,0.0,0.0,0.0
2026-09-30T02:17:09.180 0.0,0.0,0.0,0.0,0.0,0.0
2026-09-30T02:17:09.230 0.0,0.0,0.0,0.0,0.0,0.0
2026-09-30T02:17:09.280 0.0,0.0,0.0,0.0,0.0,0.0
2026-09-30T02:17:09.330 0.0,0.0,0.0,0.0,0.0,0.0
2026-09-30T02:17:09.380 0.0,0.0,0.0,0.0,0.0,0.0
2026-09-30T02:17:09.431 0.0,0.0,0.0,0.0,0.0,0.0
2026-09-30T02:17:09.480 0.0,0.0,0.0,0.0,0.0,0.0
2026-09-30T02:17:09.530 0.0,0.0,0.0,0.0,0.0,0.0
2026-09-30T02:17:09.580 0.0,0.0,0.0,0.0,0.0,0.0
2026-09-30T02:17:09.630 0.0,0.0,0.0,0.0,0.0,0.0
2026-09-30T02:17:09.680 0.0,0.0,0.0,0.0,0.0,0.0
2026-09-30T02:17:09.730 0.0,0.0,0.0,0.0,0.0,0.0
2026-09-30T02:17:09.780 0.0,0.0,0.0,0.0,0.0,0.0
2026-09-30T02:17:09.830 0.0,0.0,0.0,0.0,0.0,0.0
2026-09-30T02:17:09.881 0.0,0.0,0.0,0.0,0.0,0.0
2026-09-30T02:17:09.929 0.0,0.0,0.0,0.0,0.0,0.0
2026-09-30T02:17:09.980 0.0,0.0,0.0,0.0,0.0,0.0
2026-09-30T02:17:10.030 0.0,0.0,0.0,0.0,0.0,0.0
2026-09-30T02:17:10.080 0.0,0.0,0.0,0.0,0.0,0.0
2026-09-30T02:17:10.130 0.0,0.0,0.0,0.0,0.0,0.0
2026-09-30T02:17:10.180 0.0,0.0,0.0,0.0,0.0,0.0
2026-09-30T02:17:10.240 0.0,0.0,0.0,0.0,0.0,0.0
2026-09-30T02:17:10.280 0.0,0.0,0.0,0.0,0.0,0.0
2026-09-30T02:17:10.329 0.0,0.0,0.0,0.0,0.0,0.0
2026-09-30T02:17:10.379 0.0,0.0,0.0,0.0,0.0,0.0
2026-09-30T02:17:10.430 0.0,0.0,0.0,0.0,0.0,0.0
2026-09-30T02:17:10.480 0.0,0.0,0.0,0.0,0.0,0.0
2026-09-30T02:17:10.530 0.0,0.0,0.0,0.0,0.0,0.0
2026-09-30T02:17:10.580 0.0,0.0,0.0,0.0,0.0,0.0
2026-09-30T02:17:10.629 0.0,0.0,0.0,0.0,0.0,0.0
2026-09-30T02:17:10.680 0.0,0.0,0.0,0.0,0.0,0.0
2026-09-30T02:17:10.729 0.0,0.0,0.0,0.0,0.0,0.0
2026-09-30T02:17:10.780 0.0,0.0,0.0,0.0,0.0,0.0
2026-09-30T02:17:10.830 0.0,0.0,0.0,0.0,0.0,0.0
2026-09-30T02:17:10.879 0.0,0.0,0.0,0.0,0.0,0.0
2026-09-30T02:17:10.930 0.0,0.0,0.0,0.0,0.0,0.0
2026-09-30T02:17:10.979 0.0,0.0,0.0,0.0,0.0,0.0
2026-09-30T02:17:11.030 0.0,0.0,0.0,0.0,0.0,0.0
2026-09-30T02:17:11.080 0.0,0.0,0.0,0.0,0.0,0.0
2026-09-30T02:17:11.130 0.0,0.0,0.0,0.0,0.0,0.0
2026-09-30T02:17:11.180 0.0,0.0,0.0,0.0,0.0,0.0
2026-09-30T02:17:11.230 0.0,0.0,0.0,0.0,0.0,0.0
2026-09-30T02:17:11.280 0.0,0.0,0.0,0.0,0.0,0.0
2026-09-30T02:17:11.329 0.0,0.0,0.0,0.0,0.0,0.0
2026-09-30T02:17:11.380 0.0,0.0,0.0,0.0,0.0,0.0
2026-09-30T02:17:11.430 0.0,0.0,0.0,0.0,0.0,0.0
2026-09-30T02:17:11.480 0.0,0.0,0.0,0.0,0.0,0.0
2026-09-30T02:17:11.530 0.0,0.0,0.0,0.0,0.0,0.0
2026-09-30T02:17:11.580 0.0,0.0,0.0,0.0,0.0,0.0
2026-09-30T02:17:11.630 0.0,0.0,0.0,0.0,0.0,0.0
2026-09-30T02:17:11.680 0.0,0.0,0.0,0.0,0.0,0.0
