2026-09-30T00:44:26.507 8,900000000,map,-6.000000000000445,-1.0,0.0,0.0,0.0,0.9999999999991198,1.3267948966775328e-06,-2.3803181647963356e-12,0.0,0.0,0.0,0.0,0.0,0.0,0.0,0.0,0.0,0.0,0.0,0.0,0.0,0.0,0.0,0.0,0.0,0.0,0.0,0.0,0.0,0.0,0.0,0.0,0.0,0.0,0.0,0.0,0.0,0.0,0.0,0.0,0.0,0.0,-6.972200594645862e-14
2026-09-30T00:44:29.061 13,800000000,map,-6.036534892316817,-0.9987854339861633,0.0,0.0,0.0,0.9827677941005764,0.18484442885488117,0.015216893759415484,-0.0011810718891531735,0.0,0.0,0.0,0.0,-0.0011810718891531735,0.00031007666059923444,0.0,0.0,0.0,0.0,0.0,0.0,0.0,0.0,0.0,0.0,0.0,0.0,0.0,0.0,0.0,0.0,0.0,0.0,0.0,0.0,0.0,0.0,0.0,0.0,0.0,0.0,0.0,0.012694640464914374
2026-09-30T00:44:32.017 14,900000000,map,-6.0969239822006225,-0.9713802103689015,0.0,0.0,0.0,0.8758961235654698,0.4824997209563788,0.030263715063497898,-0.011735179544872132,0.0,0.0,0.0,0.0,-0.011735179544872132,0.008315990886958669,0.0,0.0,0.0,0.0,0.0,0.0,0.0,0.0,0.0,0.0,0.0,0.0,0.0,0.0,0.0,0.0,0.0,0.0,0.0,0.0,0.0,0.0,0.0,0.0,0.0,0.0,0.0,0.024635322444399897
2026-09-30T00:44:34.382 15,800000000,map,-6.116641346781357,-0.9577120542093119,0.0,0.0,0.0,0.6774595132956289,0.7355600640636015,0.02814096862507398,-0.01320418165195747,0.0,0.0,0.0,0.0,-0.01320418165195747,0.02286625957175792,0.0,0.0,0.0,0.0,0.0,0.0,0.0,0.0,0.0,0.0,0.0,0.0,0.0,0.0,0.0,0.0,0.0,0.0,0.0,0.0,0.0,0.0,0.0,0.0,0.0,0.0,0.0,0.021060732853482006
2026-09-30T00:44:37.061 16,800000000,map,-6.035738509626444,-0.886242763991884,0.0,0.0,0.0,0.3596938715094258,0.9330703718362087,0.022935145542405166,-0.0023001976092258403,0.0,0.0,0.0,0.0,-0.0023001976092258403,0.038473851997315456,0.0,0.0,0.0,0.0,0.0,0.0,0.0,0.0,0.0,0.0,0.0,0.0,0.0,0.0,0.0,0.0,0.0,0.0,0.0,0.0,0.0,0.0,0.0,0.0,0.0,0.0,0.0,0.012871738886837845
2026-09-30T00:44:41.492 17,700000000,map,-5.377911168110477,-0.7037091379005398,0.0,0.0,0.0,0.006848611229911423,0.9999765479871123,0.050027717975961394,0.011024679759759515,0.0,0.0,0.0,0.0,0.011024679759759515,0.03812354271052226,0.0,0.0,0.0,0.0,0.0,0.0,0.0,0.0,0.0,0.0,0.0,0.0,0.0,0.0,0.0,0.0,0.0,0.0,0.0,0.0,0.0,0.0,0.0,0.0,0.0,0.0,0.0,0.023280029789804153
2026-09-30T00:44:44.761 18,900000000,map,-4.423111529440452,-0.7547674665477456,0.0,0.0,0.0,-0.02782638615954948,0.9996127711435562,0.0895267246579543,0.010726118766250181,0.0,0.0,0.0,0.0,0.010726118766249737,0.02711246968767167,0.0,0.0,0.0,0.0,0.0,0.0,0.0,0.0,0.0,0.0,0.0,0.0,0.0,0.0,0.0,0.0,0.0,0.0,0.0,0.0,0.0,0.0,0.0,0.0,0.0,0.0,0.0,0.025063135296816964
2026-09-30T00:44:48.037 20,100000000,map,-3.418935444283233,-0.6929501861726519,0.0,0.0,0.0,0.019863329062452667,0.9998027046165442,0.09381675431350445,0.014988986532732174,0.0,0.0,0.0,0.0,0.014988986532732618,0.029819644884872876,0.0,0.0,0.0,0.0,0.0,0.0,0.0,0.0,0.0,0.0,0.0,0.0,0.0,0.0,0.0,0.0,0.0,0.0,0.0,0.0,0.0,0.0,0.0,0.0,0.0,0.0,0.0,0.03349970594544074
2026-09-30T00:44:51.569 21,400000000,map,-2.312689666511464,-0.6536094962725423,0.0,0.0,0.0,-0.017255454751060627,0.9998511135570806,0.1108846003295616,0.0175593139572634,0.0,0.0,0.0,0.0,0.0175593139572634,0.037210532888517556,0.0,0.0,0.0,0.0,0.0,0.0,0.0,0.0,0.0,0.0,0.0,0.0,0.0,0.0,0.0,0.0,0.0,0.0,0.0,0.0,0.0,0.0,0.0,0.0,0.0,0.0,0.0,0.026588845961806037
2026-09-30T00:44:54.910 22,600000000,map,-1.3229322699759813,-0.7461047491756395,0.0,0.0,0.0,-0.07293822008202874,0.9973364608051114,0.12139056407827753,0.011329460117869505,0.0,0.0,0.0,0.0,0.011329460117869394,0.030120674514538148,0.0,0.0,0.0,0.0,0.0,0.0,0.0,0.0,0.0,0.0,0.0,0.0,0.0,0.0,0.0,0.0,0.0,0.0,0.0,0.0,0.0,0.0,0.0,0.0,0.0,0.0,0.0,0.02717293180249305
2026-09-30T00:44:59.178 24,200000000,map,-0.5003999717382582,-0.9351886025207481,0.0,0.0,0.0,-0.1133858535490971,0.9935510294971983,0.12888264441751363,0.0030285008746337994,0.0,0.0,0.0,0.0,0.0030285008746337994,0.030860002554037314,0.0,0.0,0.0,0.0,0.0,0.0,0.0,0.0,0.0,0.0,0.0,0.0,0.0,0.0,0.0,0.0,0.0,0.0,0.0,0.0,0.0,0.0,0.0,0.0,0.0,0.0,0.0,0.02947474037099327
