2026-09-30T00:44:26.759 0.0,0.0,0.0,0.0,0.0,-0.7
2026-09-30T00:44:26.817 0.0,0.0,0.0,0.0,0.0,-0.7
2026-09-30T00:44:26.857 0.0,0.0,0.0,0.0,0.0,-0.7
2026-09-30T00:44:26.917 0.0,0.0,0.0,0.0,0.0,-0.7
2026-09-30T00:44:26.957 0.0,0.0,0.0,0.0,0.0,-0.7
2026-09-30T00:44:27.017 0.0,0.0,0.0,0.0,0.0,-0.7
2026-09-30T00:44:27.057 0.0,0.0,0.0,0.0,0.0,-0.7
2026-09-30T00:44:27.106 0.0,0.0,0.0,0.0,0.0,-0.7
2026-09-30T00:44:27.157 0.0,0.0,0.0,0.0,0.0,-0.7
2026-09-30T00:44:27.207 0.0,0.0,0.0,0.0,0.0,-0.7
2026-09-30T00:44:27.257 0.0,0.0,0.0,0.0,0.0,-0.7
2026-09-30T00:44:27.307 0.0,0.0,0.0,0.0,0.0,-0.7
2026-09-30T00:44:27.357 0.0,0.0,0.0,0.0,0.0,-0.7
2026-09-30T00:44:27.407 0.0,0.0,0.0,0.0,0.0,-0.7
2026-09-30T00:44:27.457 0.0,0.0,0.0,0.0,0.0,-0.7
2026-09-30T00:44:27.507 0.0,0.0,0.0,0.0,0.0,-0.7
2026-09-30T00:44:27.557 0.0,0.0,0.0,0.0,0.0,-0.7
2026-09-30T00:44:27.607 0.0,0.0,0.0,0.0,0.0,-0.7
2026-09-30T00:44:27.657 0.0,0.0,0.0,0.0,0.0,-0.7
2026-09-30T00:44:27.707 0.0,0.0,0.0,0.0,0.0,-0.7
2026-09-30T00:44:27.757 0.0,0.0,0.0,0.0,0.0,-0.7
2026-09-30T00:44:27.807 0.0,0.0,0.0,0.0,0.0,-0.7
2026-09-30T00:44:27.857 0.0,0.0,0.0,0.0,0.0,-0.7
2026-09-30T00:44:27.917 0.0,0.0,0.0,0.0,0.0,-0.7
2026-09-30T00:44:27.958 0.0,0.0,0.0,0.0,0.0,-0.7
2026-09-30T00:44:28.007 0.0,0.0,0.0,0.0,0.0,-0.7
2026-09-30T00:44:28.057 0.0,0.0,0.0,0.0,0.0,-0.7
2026-09-30T00:44:28.107 0.0,0.0,0.0,0.0,0.0,-0.7
2026-09-30T00:44:28.157 0.0,0.0,0.0,0.0,0.0,-0.7
2026-09-30T00:44:28.207 0.0,0.0,0.0,0.0,0.0,-0.7
2026-09-30T00:44:28.257 0.0,0.0,0.0,0.0,0.0,-0.7
2026-09-30T00:44:28.309 0.0,0.0,0.0,0.0,0.0,-0.7
2026-09-30T00:44:28.367 0.0,0.0,0.0,0.0,0.0,-0.7
2026-09-30T00:44:28.407 0.0,0.0,0.0,0.0,0.0,-0.7
2026-09-30T00:44:28.457 0.0,0.0,0.0,0.0,0.0,-0.7
2026-09-30T00:44:28.507 0.0,0.0,0.0,0.0,0.0,-0.7
2026-09-30T00:44:28.557 0.0,0.0,0.0,0.0,0.0,-0.6263157894736842
2026-09-30T00:44:28.607 0.0,0.0,0.0,0.0,0.0,-0.6263157894736842
2026-09-30T00:44:28.657 0.0,0.0,0.0,0.0,0.0,-0.6263157894736842
2026-09-30T00:44:28.707 0.0,0.0,0.0,0.0,0.0,-0.6263157894736842
2026-09-30T00:44:28.757 0.0,0.0,0.0,0.0,0.0,-0.6263157894736842
2026-09-30T00:44:28.809 0.0,0.0,0.0,0.0,0.0,-0.6263157894736842
2026-09-30T00:44:28.859 0.0,0.0,0.0,0.0,0.0,-0.6263157894736842
2026-09-30T00:44:28.907 0.0,0.0,0.0,0.0,0.0,-0.6263157894736842
2026-09-30T00:44:28.957 0.0,0.0,0.0,0.0,0.0,-0.6263157894736842
2026-09-30T00:44:29.007 0.0,0.0,0.0,0.0,0.0,-0.6263157894736842
2026-09-30T00:44:29.057 0.0,0.0,0.0,0.0,0.0,-0.6263157894736842
2026-09-30T00:44:29.107 0.0,0.0,0.0,0.0,0.0,-0.6263157894736842
2026-09-30T00:44:29.157 0.0,0.0,0.0,0.0,0.0,-0.6263157894736842
2026-09-30T00:44:29.207 0.0,0.0,0.0,0.0,0.0,-0.6263157894736842
2026-09-30T00:44:29.257 0.0,0.0,0.0,0.0,0.0,-0.7
2026-09-30T00:44:29.307 0.0,0.0,0.0,0.0,0.0,-0.7
2026-09-30T00:44:29.357 0.0,0.0,0.0,0.0,0.0,-0.7
2026-09-30T00:44:29.407 0.0,0.0,0.0,0.0,0.0,-0.7
2026-09-30T00:44:29.457 0.0,0.0,0.0,0.0,0.0,-0.7
2026-09-30T00:44:29.506 0.0,0.0,0.0,0.0,0.0,-0.7
2026-09-30T00:44:29.557 0.0,0.0,0.0,0.0,0.0,-0.7
2026-09-30T00:44:29.607 0.0,0.0,0.0,0.0,0.0,-0.5399999999999999
2026-09-30T00:44:29.657 0.0,0.0,0.0,0.0,0.0,-0.7
2026-09-30T00:44:29.707 0.0,0.0,0.0,0.0,0.0,-0.7
2026-09-30T00:44:29.757 0.0,0.0,0.0,0.0,0.0,-0.7
2026-09-30T00:44:29.809 0.0,0.0,0.0,0.0,0.0,-0.7
2026-09-30T00:44:29.858 0.0,0.0,0.0,0.0,0.0,-0.7
2026-09-30T00:44:29.907 0.0,0.0,0.0,0.0,0.0,-0.7
2026-09-30T00:44:29.957 0.0,0.0,0.0,0.0,0.0,-0.7
2026-09-30T00:44:30.007 0.0,0.0,0.0,0.0,0.0,-0.7
2026-09-30T00:44:30.057 0.0,0.0,0.0,0.0,0.0,-0.7
2026-09-30T00:44:30.107 0.0,0.0,0.0,0.0,0.0,-0.7
2026-09-30T00:44:30.157 0.0,0.0,0.0,0.0,0.0,-0.7
2026-09-30T00:44:30.207 0.0,0.0,0.0,0.0,0.0,-0.7
2026-09-30T00:44:30.257 0.0,0.0,0.0,0.0,0.0,-0.7
2026-09-30T00:44:30.307 0.0,0.0,0.0,0.0,0.0,-0.7
2026-09-30T00:44:30.357 0.0,0.0,0.0,0.0,0.0,-0.7
2026-09-30T00:44:30.407 0.0,0.0,0.0,0.0,0.0,-0.7
2026-09-30T00:44:30.457 0.0,0.0,0.0,0.0,0.0,-0.7
2026-09-30T00:44:30.507 0.0,0.0,0.0,0.0,0.0,-0.7
2026-09-30T00:44:30.557 0.0,0.0,0.0,0.0,0.0,-0.7
2026-09-30T00:44:30.617 0.0,0.0,0.0,0.0,0.0,-0.7
2026-09-30T00:44:30.657 0.0,0.0,0.0,0.0,0.0,-0.7
2026-09-30T00:44:30.717 0.0,0.0,0.0,0.0,0.0,-0.7
2026-09-30T00:44:30.767 0.0,0.0,0.0,0.0,0.0,-0.7
2026-09-30T00:44:30.807 0.0,0.0,0.0,0.0,0.0,-0.7
2026-09-30T00:44:30.857 0.0,0.0,0.0,0.0,0.0,-0.7
2026-09-30T00:44:30.907 0.0,0.0,0.0,0.0,0.0,-0.7
2026-09-30T00:44:30.967 0.0,0.0,0.0,0.0,0.0,-0.7
2026-09-30T00:44:31.007 0.0,0.0,0.0,0.0,0.0,-0.7
2026-09-30T00:44:31.057 0.0,0.0,0.0,0.0,0.0,-0.7
2026-09-30T00:44:31.107 0.0,0.0,0.0,0.0,0.0,-0.7
2026-09-30T00:44:31.157 0.0,0.0,0.0,0.0,0.0,-0.7
2026-09-30T00:44:31.207 0.0,0.0,0.0,0.0,0.0,-0.7
2026-09-30T00:44:31.257 0.0,0.0,0.0,0.0,0.0,-0.7
2026-09-30T00:44:31.307 0.0,0.0,0.0,0.0,0.0,-0.7
2026-09-30T00:44:31.357 0.0,0.0,0.0,0.0,0.0,-0.7
2026-09-30T00:44:31.408 0.0,0.0,0.0,0.0,0.0,-0.7
2026-09-30T00:44:31.457 0.0,0.0,0.0,0.0,0.0,-0.7
2026-09-30T00:44:31.507 0.0,0.0,0.0,0.0,0.0,-0.7
2026-09-30T00:44:31.557 0.0,0.0,0.0,0.0,0.0,-0.7
2026-09-30T00:44:31.607 0.0,0.0,0.0,0.0,0.0,-0.7
2026-09-30T00:44:31.657 0.0,0.0,0.0,0.0,0.0,-0.7
2026-09-30T00:44:31.707 0.0,0.0,0.0,0.0,0.0,-0.7
2026-09-30T00:44:31.757 0.0,0.0,0.0,0.0,0.0,-0.7
2026-09-30T00:44:31.807 0.0,0.0,0.0,0.0,0.0,-0.7
2026-09-30T00:44:31.860 0.0,0.0,0.0,0.0,0.0,-0.7
2026-09-30T00:44:31.907 0.0,0.0,0.0,0.0,0.0,-0.7
2026-09-30T00:44:31.957 0.0,0.0,0.0,0.0,0.0,-0.7
2026-09-30T00:44:32.007 0.0,0.0,0.0,0.0,0.0,-0.7
2026-09-30T00:44:32.057 0.0,0.0,0.0,0.0,0.0,-0.7
2026-09-30T00:44:32.107 0.0,0.0,0.0,0.0,0.0,-0.7
2026-09-30T00:44:32.157 0.0,0.0,0.0,0.0,0.0,-0.7
2026-09-30T00:44:32.207 0.0,0.0,0.0,0.0,0.0,-0.7
2026-09-30T00:44:32.257 0.0,0.0,0.0,0.0,0.0,-0.7
2026-09-30T00:44:32.307 0.0,0.0,0.0,0.0,0.0,-0.7
2026-09-30T00:44:32.357 0.0,0.0,0.0,0.0,0.0,-0.7
2026-09-30T00:44:32.417 0.0,0.0,0.0,0.0,0.0,-0.7
2026-09-30T00:44:32.457 0.0,0.0,0.0,0.0,0.0,-0.7
2026-09-30T00:44:32.507 0.0,0.0,0.0,0.0,0.0,-0.7
2026-09-30T00:44:32.557 0.0,0.0,0.0,0.0,0.0,-0.7
2026-09-30T00:44:32.607 0.0,0.0,0.0,0.0,0.0,-0.7
2026-09-30T00:44:32.657 0.0,0.0,0.0,0.0,0.0,-0.7
2026-09-30T00:44:32.707 0.0,0.0,0.0,0.0,0.0,-0.7
2026-09-30T00:44:32.757 0.0,0.0,0.0,0.0,0.0,-0.7
2026-09-30T00:44:32.807 0.0,0.0,0.0,0.0,0.0,-0.7
2026-09-30T00:44:32.857 0.0,0.0,0.0,0.0,0.0,-0.7
2026-09-30T00:44:32.908 0.0,0.0,0.0,0.0,0.0,-0.7
2026-09-30T00:44:32.957 0.0,0.0,0.0,0.0,0.0,-0.7
2026-09-30T00:44:33.007 0.0,0.0,0.0,0.0,0.0,-0.7
2026-09-30T00:44:33.057 0.0,0.0,0.0,0.0,0.0,-0.7
2026-09-30T00:44:33.107 0.0,0.0,0.0,0.0,0.0,-0.7
2026-09-30T00:44:33.157 0.0,0.0,0.0,0.0,0.0,-0.7
2026-09-30T00:44:33.217 0.0,0.0,0.0,0.0,0.0,-0.7
2026-09-30T00:44:33.257 0.0,0.0,0.0,0.0,0.0,-0.7
2026-09-30T00:44:33.307 0.0,0.0,0.0,0.0,0.0,-0.7
2026-09-30T00:44:33.357 0.0,0.0,0.0,0.0,0.0,-0.7
2026-09-30T00:44:33.407 0.0,0.0,0.0,0.0,0.0,-0.7
2026-09-30T00:44:33.467 0.0,0.0,0.0,0.0,0.0,-0.7
2026-09-30T00:44:33.507 0.0,0.0,0.0,0.0,0.0,-0.7
2026-09-30T00:44:33.557 0.0,0.0,0.0,0.0,0.0,-0.7
2026-09-30T00:44:33.607 0.0,0.0,0.0,0.0,0.0,-0.7
2026-09-30T00:44:33.657 0.0,0.0,0.0,0.0,0.0,-0.7
2026-09-30T00:44:33.707 0.0,0.0,0.0,0.0,0.0,-0.7
2026-09-30T00:44:33.757 0.0,0.0,0.0,0.0,0.0,-0.7
2026-09-30T00:44:33.807 0.0,0.0,0.0,0.0,0.0,-0.7
2026-09-30T00:44:33.857 0.0,0.0,0.0,0.0,0.0,-0.7
2026-09-30T00:44:33.907 0.0,0.0,0.0,0.0,0.0,-0.7
2026-09-30T00:44:33.967 0.0,0.0,0.0,0.0,0.0,-0.7
2026-09-30T00:44:34.007 0.0,0.0,0.0,0.0,0.0,-0.7
2026-09-30T00:44:34.057 0.0,0.0,0.0,0.0,0.0,-0.7
2026-09-30T00:44:34.107 0.0,0.0,0.0,0.0,0.0,-0.7
2026-09-30T00:44:34.157 0.0,0.0,0.0,0.0,0.0,-0.7
2026-09-30T00:44:34.217 0.0,0.0,0.0,0.0,0.0,-0.7
2026-09-30T00:44:34.257 0.0,0.0,0.0,0.0,0.0,-0.7
2026-09-30T00:44:34.307 0.0,0.0,0.0,0.0,0.0,-0.7
2026-09-30T00:44:34.357 0.0,0.0,0.0,0.0,0.0,-0.7
2026-09-30T00:44:34.407 0.0,0.0,0.0,0.0,0.0,-0.7
2026-09-30T00:44:34.457 0.0,0.0,0.0,0.0,0.0,-0.7
2026-09-30T00:44:34.507 0.0,0.0,0.0,0.0,0.0,-0.7
2026-09-30T00:44:34.557 0.0,0.0,0.0,0.0,0.0,-0.7
2026-09-30T00:44:34.606 0.0,0.0,0.0,0.0,0.0,-0.7
2026-09-30T00:44:34.657 0.0,0.0,0.0,0.0,0.0,-0.7
2026-09-30T00:44:34.707 0.0,0.0,0.0,0.0,0.0,-0.7
2026-09-30T00:44:34.767 0.0,0.0,0.0,0.0,0.0,-0.7
2026-09-30T00:44:34.807 0.0,0.0,0.0,0.0,0.0,-0.7
2026-09-30T00:44:34.857 0.0,0.0,0.0,0.0,0.0,-0.7
2026-09-30T00:44:34.907 0.0,0.0,0.0,0.0,0.0,-0.7
2026-09-30T00:44:34.957 0.0,0.0,0.0,0.0,0.0,-0.7
2026-09-30T00:44:35.007 0.0,0.0,0.0,0.0,0.0,-0.7
2026-09-30T00:44:35.057 0.0,0.0,0.0,0.0,0.0,-0.7
2026-09-30T00:44:35.107 0.0,0.0,0.0,0.0,0.0,-0.7
2026-09-30T00:44:35.167 0.0,0.0,0.0,0.0,0.0,-0.7
2026-09-30T00:44:35.206 0.0,0.0,0.0,0.0,0.0,-0.7
2026-09-30T00:44:35.257 0.0,0.0,0.0,0.0,0.0,-0.7
2026-09-30T00:44:35.307 0.0,0.0,0.0,0.0,0.0,-0.7
2026-09-30T00:44:35.357 0.0,0.0,0.0,0.0,0.0,-0.7
2026-09-30T00:44:35.407 0.08421052631578947,0.0,0.0,0.0,0.0,-0.7
2026-09-30T00:44:35.457 0.08421052631578947,0.0,0.0,0.0,0.0,-0.7
2026-09-30T00:44:35.507 0.08421052631578947,0.0,0.0,0.0,0.0,-0.7
2026-09-30T00:44:35.557 0.08421052631578947,0.0,0.0,0.0,0.0,-0.7
2026-09-30T00:44:35.607 0.08421052631578947,0.0,0.0,0.0,0.0,-0.7
2026-09-30T00:44:35.657 0.08421052631578947,0.0,0.0,0.0,0.0,-0.7
2026-09-30T00:44:35.706 0.042105263157894736,0.0,0.0,0.0,0.0,-0.7
2026-09-30T00:44:35.758 0.042105263157894736,0.0,0.0,0.0,0.0,-0.7
2026-09-30T00:44:35.807 0.042105263157894736,0.0,0.0,0.0,0.0,-0.7
2026-09-30T00:44:35.857 0.042105263157894736,0.0,0.0,0.0,0.0,-0.7
2026-09-30T00:44:35.907 0.042105263157894736,0.0,0.0,0.0,0.0,-0.7
2026-09-30T00:44:35.957 0.16710526315789473,0.0,0.0,0.0,0.0,-0.7
2026-09-30T00:44:36.007 0.25263157894736843,0.0,0.0,0.0,0.0,-0.7
2026-09-30T00:44:36.057 0.25263157894736843,0.0,0.0,0.0,0.0,-0.7
2026-09-30T00:44:36.107 0.37763157894736843,0.0,0.0,0.0,0.0,-0.7
2026-09-30T00:44:36.157 0.5026315789473684,0.0,0.0,0.0,0.0,-0.7
2026-09-30T00:44:36.207 0.6276315789473684,0.0,0.0,0.0,0.0,-0.7
2026-09-30T00:44:36.268 0.673684210526316,0.0,0.0,0.0,0.0,-0.7
2026-09-30T00:44:36.306 0.7578947368421055,0.0,0.0,0.0,0.0,-0.7
2026-09-30T00:44:36.357 0.7578947368421055,0.0,0.0,0.0,0.0,-0.7
2026-09-30T00:44:36.407 0.8,0.0,0.0,0.0,0.0,-0.7
2026-09-30T00:44:36.457 0.7578947368421055,0.0,0.0,0.0,0.0,-0.7
2026-09-30T00:44:36.507 0.7157894736842108,0.0,0.0,0.0,0.0,-0.7
2026-09-30T00:44:36.568 0.7578947368421055,0.0,0.0,0.0,0.0,-0.7
2026-09-30T00:44:36.607 0.8,0.0,0.0,0.0,0.0,-0.7
2026-09-30T00:44:36.657 0.7578947368421055,0.0,0.0,0.0,0.0,-0.7
2026-09-30T00:44:36.707 0.7578947368421055,0.0,0.0,0.0,0.0,-0.7
2026-09-30T00:44:36.757 0.8,0.0,0.0,0.0,0.0,-0.7
2026-09-30T00:44:36.807 0.8,0.0,0.0,0.0,0.0,-0.7
2026-09-30T00:44:36.857 0.8,0.0,0.0,0.0,0.0,-0.7
2026-09-30T00:44:36.907 0.8,0.0,0.0,0.0,0.0,-0.7
2026-09-30T00:44:36.957 0.8,0.0,0.0,0.0,0.0,-0.7
2026-09-30T00:44:37.007 0.8,0.0,0.0,0.0,0.0,-0.7
2026-09-30T00:44:37.057 0.8,0.0,0.0,0.0,0.0,-0.7
2026-09-30T00:44:37.107 0.8,0.0,0.0,0.0,0.0,-0.7
2026-09-30T00:44:37.157 0.8,0.0,0.0,0.0,0.0,-0.7
2026-09-30T00:44:37.207 0.8,0.0,0.0,0.0,0.0,-0.7
2026-09-30T00:44:37.257 0.8,0.0,0.0,0.0,0.0,-0.7
2026-09-30T00:44:37.307 0.8,0.0,0.0,0.0,0.0,-0.7
2026-09-30T00:44:37.367 0.8,0.0,0.0,0.0,0.0,-0.7
2026-09-30T00:44:37.407 0.8,0.0,0.0,0.0,0.0,-0.7
2026-09-30T00:44:37.457 0.8,0.0,0.0,0.0,0.0,-0.7
2026-09-30T00:44:37.507 0.8,0.0,0.0,0.0,0.0,-0.7
2026-09-30T00:44:37.557 0.8,0.0,0.0,0.0,0.0,-0.7
2026-09-30T00:44:37.607 0.8,0.0,0.0,0.0,0.0,-0.7
2026-09-30T00:44:37.657 0.8,0.0,0.0,0.0,0.0,-0.7
2026-09-30T00:44:37.707 0.8,0.0,0.0,0.0,0.0,-0.7
2026-09-30T00:44:37.757 0.8,0.0,0.0,0.0,0.0,-0.7
2026-09-30T00:44:37.807 0.8,0.0,0.0,0.0,0.0,-0.5399999999999999
2026-09-30T00:44:37.857 0.8,0.0,0.0,0.0,0.0,-0.47894736842105257
2026-09-30T00:44:37.907 0.8,0.0,0.0,0.0,0.0,-0.47894736842105257
2026-09-30T00:44:37.957 0.8,0.0,0.0,0.0,0.0,-0.40526315789473677
2026-09-30T00:44:38.007 0.8,0.0,0.0,0.0,0.0,-0.40526315789473677
2026-09-30T00:44:38.909 0.8,0.0,0.0,0.0,0.0,-0.40526315789473677
2026-09-30T00:44:38.949 0.8,0.0,0.0,0.0,0.0,-0.40526315789473677
2026-09-30T00:44:40.127 0.8,0.0,0.0,0.0,0.0,-0.331578947368421
2026-09-30T00:44:40.177 0.8,0.0,0.0,0.0,0.0,-0.331578947368421
2026-09-30T00:44:40.227 0.8,0.0,0.0,0.0,0.0,-0.331578947368421
2026-09-30T00:44:40.277 0.8,0.0,0.0,0.0,0.0,-0.331578947368421
2026-09-30T00:44:40.327 0.8,0.0,0.0,0.0,0.0,-0.331578947368421
2026-09-30T00:44:40.377 0.8,0.0,0.0,0.0,0.0,-0.331578947368421
2026-09-30T00:44:40.427 0.8,0.0,0.0,0.0,0.0,-0.331578947368421
2026-09-30T00:44:40.477 0.8,0.0,0.0,0.0,0.0,-0.2578947368421052
2026-09-30T00:44:40.527 0.8,0.0,0.0,0.0,0.0,-0.2578947368421052
2026-09-30T00:44:40.577 0.8,0.0,0.0,0.0,0.0,-0.2578947368421052
2026-09-30T00:44:40.627 0.8,0.0,0.0,0.0,0.0,-0.2578947368421052
2026-09-30T00:44:40.678 0.8,0.0,0.0,0.0,0.0,-0.2578947368421052
2026-09-30T00:44:40.727 0.8,0.0,0.0,0.0,0.0,-0.2578947368421052
2026-09-30T00:44:40.777 0.8,0.0,0.0,0.0,0.0,-0.2578947368421052
2026-09-30T00:44:40.827 0.8,0.0,0.0,0.0,0.0,-0.2578947368421052
2026-09-30T00:44:40.877 0.8,0.0,0.0,0.0,0.0,-0.2578947368421052
2026-09-30T00:44:40.927 0.8,0.0,0.0,0.0,0.0,-0.2578947368421052
2026-09-30T00:44:40.977 0.8,0.0,0.0,0.0,0.0,-0.2578947368421052
2026-09-30T00:44:41.027 0.8,0.0,0.0,0.0,0.0,-0.18421052631578938
2026-09-30T00:44:41.077 0.8,0.0,0.0,0.0,0.0,-0.18421052631578938
2026-09-30T00:44:41.127 0.8,0.0,0.0,0.0,0.0,-0.18421052631578938
2026-09-30T00:44:41.177 0.8,0.0,0.0,0.0,0.0,-0.18421052631578938
2026-09-30T00:44:41.227 0.8,0.0,0.0,0.0,0.0,-0.1105263157894736
2026-09-30T00:44:41.277 0.8,0.0,0.0,0.0,0.0,-0.1105263157894736
2026-09-30T00:44:41.327 0.8,0.0,0.0,0.0,0.0,-0.1105263157894736
2026-09-30T00:44:41.377 0.8,0.0,0.0,0.0,0.0,-0.1105263157894736
2026-09-30T00:44:41.427 0.8,0.0,0.0,0.0,0.0,-0.1105263157894736
2026-09-30T00:44:41.477 0.8,0.0,0.0,0.0,0.0,-0.1105263157894736
2026-09-30T00:44:41.528 0.8,0.0,0.0,0.0,0.0,-0.1105263157894736
2026-09-30T00:44:41.577 0.8,0.0,0.0,0.0,0.0,0.03684210526315797
2026-09-30T00:44:41.637 0.8,0.0,0.0,0.0,0.0,0.03684210526315797
2026-09-30T00:44:41.677 0.8,0.0,0.0,0.0,0.0,0.03684210526315797
2026-09-30T00:44:41.727 0.7578947368421055,0.0,0.0,0.0,0.0,0.11052631578947375
2026-09-30T00:44:41.777 0.8,0.0,0.0,0.0,0.0,0.11052631578947375
2026-09-30T00:44:41.827 0.8,0.0,0.0,0.0,0.0,0.11052631578947375
2026-09-30T00:44:41.877 0.8,0.0,0.0,0.0,0.0,0.11052631578947375
2026-09-30T00:44:41.927 0.8,0.0,0.0,0.0,0.0,0.11052631578947375
2026-09-30T00:44:41.987 0.8,0.0,0.0,0.0,0.0,0.11052631578947375
2026-09-30T00:44:42.027 0.8,0.0,0.0,0.0,0.0,0.11052631578947375
2026-09-30T00:44:42.077 0.8,0.0,0.0,0.0,0.0,0.11052631578947375
2026-09-30T00:44:42.127 0.8,0.0,0.0,0.0,0.0,0.11052631578947375
2026-09-30T00:44:42.177 0.8,0.0,0.0,0.0,0.0,0.11052631578947375
2026-09-30T00:44:42.227 0.8,0.0,0.0,0.0,0.0,0.11052631578947375
2026-09-30T00:44:42.277 0.8,0.0,0.0,0.0,0.0,0.03684210526315797
2026-09-30T00:44:42.327 0.8,0.0,0.0,0.0,0.0,0.03684210526315797
2026-09-30T00:44:42.377 0.8,0.0,0.0,0.0,0.0,0.03684210526315797
2026-09-30T00:44:42.427 0.8,0.0,0.0,0.0,0.0,0.03684210526315797
2026-09-30T00:44:42.477 0.8,0.0,0.0,0.0,0.0,0.03684210526315797
2026-09-30T00:44:42.527 0.8,0.0,0.0,0.0,0.0,0.03684210526315797
2026-09-30T00:44:42.577 0.8,0.0,0.0,0.0,0.0,0.03684210526315797
2026-09-30T00:44:42.627 0.8,0.0,0.0,0.0,0.0,0.03684210526315797
2026-09-30T00:44:42.687 0.8,0.0,0.0,0.0,0.0,0.03684210526315797
2026-09-30T00:44:42.727 0.8,0.0,0.0,0.0,0.0,0.03684210526315797
2026-09-30T00:44:42.780 0.8,0.0,0.0,0.0,0.0,0.03684210526315797
2026-09-30T00:44:42.827 0.8,0.0,0.0,0.0,0.0,0.03684210526315797
2026-09-30T00:44:42.877 0.8,0.0,0.0,0.0,0.0,0.03684210526315797
2026-09-30T00:44:42.927 0.8,0.0,0.0,0.0,0.0,0.03684210526315797
2026-09-30T00:44:42.977 0.8,0.0,0.0,0.0,0.0,0.03684210526315797
2026-09-30T00:44:43.028 0.8,0.0,0.0,0.0,0.0,0.03684210526315797
2026-09-30T00:44:43.077 0.8,0.0,0.0,0.0,0.0,0.03684210526315797
2026-09-30T00:44:43.127 0.8,0.0,0.0,0.0,0.0,0.03684210526315797
2026-09-30T00:44:43.177 0.8,0.0,0.0,0.0,0.0,0.03684210526315797
2026-09-30T00:44:43.227 0.8,0.0,0.0,0.0,0.0,0.03684210526315797
2026-09-30T00:44:43.277 0.8,0.0,0.0,0.0,0.0,0.11052631578947375
2026-09-30T00:44:43.327 0.8,0.0,0.0,0.0,0.0,0.11052631578947375
2026-09-30T00:44:43.377 0.8,0.0,0.0,0.0,0.0,0.11052631578947375
2026-09-30T00:44:43.427 0.8,0.0,0.0,0.0,0.0,0.11052631578947375
2026-09-30T00:44:43.477 0.8,0.0,0.0,0.0,0.0,0.11052631578947375
2026-09-30T00:44:43.537 0.8,0.0,0.0,0.0,0.0,0.11052631578947375
2026-09-30T00:44:43.579 0.8,0.0,0.0,0.0,0.0,0.11052631578947375
2026-09-30T00:44:43.627 0.8,0.0,0.0,0.0,0.0,0.11052631578947375
2026-09-30T00:44:43.687 0.8,0.0,0.0,0.0,0.0,0.11052631578947375
2026-09-30T00:44:43.727 0.8,0.0,0.0,0.0,0.0,0.11052631578947375
2026-09-30T00:44:43.777 0.8,0.0,0.0,0.0,0.0,0.11052631578947375
2026-09-30T00:44:43.827 0.8,0.0,0.0,0.0,0.0,0.11052631578947375
2026-09-30T00:44:43.877 0.8,0.0,0.0,0.0,0.0,0.11052631578947375
2026-09-30T00:44:43.927 0.8,0.0,0.0,0.0,0.0,0.11052631578947375
2026-09-30T00:44:43.977 0.8,0.0,0.0,0.0,0.0,0.11052631578947375
2026-09-30T00:44:44.027 0.8,0.0,0.0,0.0,0.0,0.11052631578947375
2026-09-30T00:44:44.077 0.8,0.0,0.0,0.0,0.0,0.11052631578947375
2026-09-30T00:44:44.127 0.8,0.0,0.0,0.0,0.0,0.11052631578947375
2026-09-30T00:44:44.177 0.8,0.0,0.0,0.0,0.0,0.11052631578947375
2026-09-30T00:44:44.227 0.8,0.0,0.0,0.0,0.0,0.11052631578947375
2026-09-30T00:44:44.277 0.8,0.0,0.0,0.0,0.0,0.03684210526315797
2026-09-30T00:44:44.327 0.8,0.0,0.0,0.0,0.0,0.03684210526315797
2026-09-30T00:44:44.377 0.8,0.0,0.0,0.0,0.0,0.03684210526315797
2026-09-30T00:44:44.427 0.8,0.0,0.0,0.0,0.0,0.0
2026-09-30T00:44:44.477 0.8,0.0,0.0,0.0,0.0,0.0
2026-09-30T00:44:44.527 0.8,0.0,0.0,0.0,0.0,0.0
2026-09-30T00:44:44.577 0.8,0.0,0.0,0.0,0.0,0.0
2026-09-30T00:44:44.627 0.8,0.0,0.0,0.0,0.0,0.0
2026-09-30T00:44:44.677 0.8,0.0,0.0,0.0,0.0,0.0
2026-09-30T00:44:44.728 0.8,0.0,0.0,0.0,0.0,0.0
2026-09-30T00:44:44.777 0.8,0.0,0.0,0.0,0.0,0.0
2026-09-30T00:44:44.827 0.8,0.0,0.0,0.0,0.0,0.11052631578947375
2026-09-30T00:44:44.877 0.8,0.0,0.0,0.0,0.0,0.11052631578947375
2026-09-30T00:44:44.927 0.8,0.0,0.0,0.0,0.0,0.11052631578947375
2026-09-30T00:44:44.977 0.8,0.0,0.0,0.0,0.0,0.11052631578947375
2026-09-30T00:44:45.027 0.8,0.0,0.0,0.0,0.0,0.11052631578947375
2026-09-30T00:44:45.077 0.8,0.0,0.0,0.0,0.0,0.11052631578947375
2026-09-30T00:44:45.137 0.8,0.0,0.0,0.0,0.0,0.11052631578947375
2026-09-30T00:44:45.177 0.8,0.0,0.0,0.0,0.0,0.11052631578947375
2026-09-30T00:44:45.227 0.8,0.0,0.0,0.0,0.0,0.11052631578947375
2026-09-30T00:44:45.277 0.8,0.0,0.0,0.0,0.0,0.11052631578947375
2026-09-30T00:44:45.327 0.8,0.0,0.0,0.0,0.0,0.11052631578947375
2026-09-30T00:44:45.377 0.8,0.0,0.0,0.0,0.0,0.11052631578947375
2026-09-30T00:44:45.437 0.8,0.0,0.0,0.0,0.0,0.11052631578947375
2026-09-30T00:44:45.477 0.8,0.0,0.0,0.0,0.0,0.11052631578947375
2026-09-30T00:44:45.527 0.8,0.0,0.0,0.0,0.0,0.11052631578947375
2026-09-30T00:44:45.577 0.8,0.0,0.0,0.0,0.0,0.11052631578947375
2026-09-30T00:44:45.627 0.8,0.0,0.0,0.0,0.0,0.11052631578947375
2026-09-30T00:44:45.677 0.8,0.0,0.0,0.0,0.0,0.03684210526315797
2026-09-30T00:44:45.727 0.8,0.0,0.0,0.0,0.0,0.03684210526315797
2026-09-30T00:44:45.777 0.8,0.0,0.0,0.0,0.0,0.03684210526315797
2026-09-30T00:44:45.828 0.8,0.0,0.0,0.0,0.0,0.03684210526315797
2026-09-30T00:44:45.888 0.8,0.0,0.0,0.0,0.0,0.03684210526315797
2026-09-30T00:44:45.927 0.8,0.0,0.0,0.0,0.0,0.03684210526315797
2026-09-30T00:44:45.977 0.8,0.0,0.0,0.0,0.0,0.03684210526315797
2026-09-30T00:44:46.027 0.8,0.0,0.0,0.0,0.0,0.03684210526315797
2026-09-30T00:44:46.077 0.8,0.0,0.0,0.0,0.0,0.03684210526315797
2026-09-30T00:44:46.127 0.8,0.0,0.0,0.0,0.0,0.03684210526315797
2026-09-30T00:44:46.177 0.8,0.0,0.0,0.0,0.0,0.03684210526315797
2026-09-30T00:44:46.227 0.8,0.0,0.0,0.0,0.0,0.03684210526315797
2026-09-30T00:44:46.277 0.8,0.0,0.0,0.0,0.0,0.03684210526315797
2026-09-30T00:44:46.327 0.8,0.0,0.0,0.0,0.0,0.03684210526315797
2026-09-30T00:44:46.377 0.8,0.0,0.0,0.0,0.0,0.0
2026-09-30T00:44:46.427 0.8,0.0,0.0,0.0,0.0,0.0
2026-09-30T00:44:46.477 0.8,0.0,0.0,0.0,0.0,0.0
2026-09-30T00:44:46.527 0.8,0.0,0.0,0.0,0.0,0.0
2026-09-30T00:44:46.577 0.8,0.0,0.0,0.0,0.0,0.0
2026-09-30T00:44:46.627 0.8,0.0,0.0,0.0,0.0,0.0
2026-09-30T00:44:46.677 0.8,0.0,0.0,0.0,0.0,0.0
2026-09-30T00:44:46.727 0.8,0.0,0.0,0.0,0.0,0.0
2026-09-30T00:44:46.777 0.8,0.0,0.0,0.0,0.0,0.0
2026-09-30T00:44:46.830 0.8,0.0,0.0,0.0,0.0,0.0
2026-09-30T00:44:46.877 0.8,0.0,0.0,0.0,0.0,0.0
2026-09-30T00:44:46.927 0.8,0.0,0.0,0.0,0.0,0.0
2026-09-30T00:44:46.977 0.8,0.0,0.0,0.0,0.0,0.03684210526315797
2026-09-30T00:44:47.037 0.8,0.0,0.0,0.0,0.0,0.03684210526315797
2026-09-30T00:44:47.077 0.8,0.0,0.0,0.0,0.0,0.03684210526315797
2026-09-30T00:44:47.127 0.8,0.0,0.0,0.0,0.0,0.03684210526315797
2026-09-30T00:44:47.177 0.8,0.0,0.0,0.0,0.0,0.0
2026-09-30T00:44:47.227 0.8,0.0,0.0,0.0,0.0,0.0
2026-09-30T00:44:47.278 0.8,0.0,0.0,0.0,0.0,0.0
2026-09-30T00:44:47.327 0.8,0.0,0.0,0.0,0.0,0.0
2026-09-30T00:44:47.377 0.8,0.0,0.0,0.0,0.0,0.0
2026-09-30T00:44:47.437 0.8,0.0,0.0,0.0,0.0,0.0
2026-09-30T00:44:47.477 0.8,0.0,0.0,0.0,0.0,0.0
2026-09-30T00:44:47.527 0.8,0.0,0.0,0.0,0.0,0.0
2026-09-30T00:44:47.577 0.8,0.0,0.0,0.0,0.0,0.0
2026-09-30T00:44:47.627 0.8,0.0,0.0,0.0,0.0,0.0
2026-09-30T00:44:47.677 0.8,0.0,0.0,0.0,0.0,0.0
2026-09-30T00:44:47.727 0.8,0.0,0.0,0.0,0.0,0.0
2026-09-30T00:44:47.777 0.8,0.0,0.0,0.0,0.0,0.0
2026-09-30T00:44:47.827 0.8,0.0,0.0,0.0,0.0,0.0
2026-09-30T00:44:47.877 0.8,0.0,0.0,0.0,0.0,0.0
2026-09-30T00:44:47.927 0.8,0.0,0.0,0.0,0.0,0.0
2026-09-30T00:44:47.977 0.8,0.0,0.0,0.0,0.0,0.0
2026-09-30T00:44:48.027 0.8,0.0,0.0,0.0,0.0,0.0
2026-09-30T00:44:48.077 0.8,0.0,0.0,0.0,0.0,0.0
2026-09-30T00:44:48.127 0.8,0.0,0.0,0.0,0.0,-0.1105263157894736
2026-09-30T00:44:48.177 0.8,0.0,0.0,0.0,0.0,-0.1105263157894736
2026-09-30T00:44:48.227 0.8,0.0,0.0,0.0,0.0,-0.1105263157894736
2026-09-30T00:44:48.277 0.8,0.0,0.0,0.0,0.0,-0.1105263157894736
2026-09-30T00:44:48.327 0.8,0.0,0.0,0.0,0.0,-0.1105263157894736
2026-09-30T00:44:48.377 0.8,0.0,0.0,0.0,0.0,-0.1105263157894736
2026-09-30T00:44:48.428 0.8,0.0,0.0,0.0,0.0,-0.1105263157894736
2026-09-30T00:44:48.477 0.8,0.0,0.0,0.0,0.0,-0.1105263157894736
2026-09-30T00:44:48.527 0.8,0.0,0.0,0.0,0.0,-0.1105263157894736
2026-09-30T00:44:48.587 0.8,0.0,0.0,0.0,0.0,-0.1105263157894736
2026-09-30T00:44:48.627 0.8,0.0,0.0,0.0,0.0,-0.1105263157894736
2026-09-30T00:44:48.677 0.8,0.0,0.0,0.0,0.0,-0.1105263157894736
2026-09-30T00:44:48.727 0.8,0.0,0.0,0.0,0.0,-0.1105263157894736
2026-09-30T00:44:48.777 0.8,0.0,0.0,0.0,0.0,-0.1105263157894736
2026-09-30T00:44:48.827 0.8,0.0,0.0,0.0,0.0,-0.1105263157894736
2026-09-30T00:44:48.877 0.8,0.0,0.0,0.0,0.0,-0.1105263157894736
2026-09-30T00:44:48.928 0.8,0.0,0.0,0.0,0.0,-0.1105263157894736
2026-09-30T00:44:48.977 0.8,0.0,0.0,0.0,0.0,-0.1105263157894736
2026-09-30T00:44:49.027 0.8,0.0,0.0,0.0,0.0,-0.1105263157894736
2026-09-30T00:44:49.077 0.8,0.0,0.0,0.0,0.0,-0.1105263157894736
2026-09-30T00:44:49.127 0.8,0.0,0.0,0.0,0.0,-0.1105263157894736
2026-09-30T00:44:49.187 0.8,0.0,0.0,0.0,0.0,-0.1105263157894736
2026-09-30T00:44:49.227 0.8,0.0,0.0,0.0,0.0,-0.1105263157894736
2026-09-30T00:44:49.277 0.8,0.0,0.0,0.0,0.0,-0.1105263157894736
2026-09-30T00:44:49.327 0.8,0.0,0.0,0.0,0.0,-0.1105263157894736
2026-09-30T00:44:49.377 0.8,0.0,0.0,0.0,0.0,-0.1105263157894736
2026-09-30T00:44:49.427 0.7157894736842108,0.0,0.0,0.0,0.0,-0.036842105263157815
2026-09-30T00:44:49.477 0.7157894736842108,0.0,0.0,0.0,0.0,-0.036842105263157815
2026-09-30T00:44:49.528 0.7578947368421055,0.0,0.0,0.0,0.0,-0.036842105263157815
2026-09-30T00:44:49.577 0.8,0.0,0.0,0.0,0.0,-0.036842105263157815
2026-09-30T00:44:49.637 0.8,0.0,0.0,0.0,0.0,-0.036842105263157815
2026-09-30T00:44:49.677 0.8,0.0,0.0,0.0,0.0,-0.036842105263157815
2026-09-30T00:44:49.727 0.8,0.0,0.0,0.0,0.0,-0.036842105263157815
2026-09-30T00:44:49.777 0.8,0.0,0.0,0.0,0.0,-0.036842105263157815
2026-09-30T00:44:49.827 0.8,0.0,0.0,0.0,0.0,-0.036842105263157815
2026-09-30T00:44:49.877 0.8,0.0,0.0,0.0,0.0,-0.036842105263157815
2026-09-30T00:44:49.927 0.8,0.0,0.0,0.0,0.0,-0.036842105263157815
2026-09-30T00:44:49.977 0.8,0.0,0.0,0.0,0.0,-0.036842105263157815
2026-09-30T00:44:50.027 0.8,0.0,0.0,0.0,0.0,-0.036842105263157815
2026-09-30T00:44:50.077 0.8,0.0,0.0,0.0,0.0,-0.036842105263157815
2026-09-30T00:44:50.127 0.8,0.0,0.0,0.0,0.0,-0.036842105263157815
2026-09-30T00:44:50.177 0.8,0.0,0.0,0.0,0.0,-0.036842105263157815
2026-09-30T00:44:50.227 0.8,0.0,0.0,0.0,0.0,-0.036842105263157815
2026-09-30T00:44:50.277 0.8,0.0,0.0,0.0,0.0,-0.036842105263157815
2026-09-30T00:44:50.328 0.8,0.0,0.0,0.0,0.0,-0.036842105263157815
2026-09-30T00:44:50.377 0.8,0.0,0.0,0.0,0.0,-0.036842105263157815
2026-09-30T00:44:50.427 0.8,0.0,0.0,0.0,0.0,-0.036842105263157815
2026-09-30T00:44:50.477 0.8,0.0,0.0,0.0,0.0,-0.036842105263157815
2026-09-30T00:44:50.527 0.8,0.0,0.0,0.0,0.0,-0.036842105263157815
2026-09-30T00:44:50.577 0.8,0.0,0.0,0.0,0.0,-0.036842105263157815
2026-09-30T00:44:50.627 0.8,0.0,0.0,0.0,0.0,-0.036842105263157815
2026-09-30T00:44:50.678 0.8,0.0,0.0,0.0,0.0,-0.036842105263157815
2026-09-30T00:44:50.737 0.8,0.0,0.0,0.0,0.0,-0.036842105263157815
2026-09-30T00:44:50.787 0.8,0.0,0.0,0.0,0.0,-0.036842105263157815
2026-09-30T00:44:50.827 0.8,0.0,0.0,0.0,0.0,-0.036842105263157815
2026-09-30T00:44:50.877 0.8,0.0,0.0,0.0,0.0,-0.036842105263157815
2026-09-30T00:44:50.927 0.8,0.0,0.0,0.0,0.0,-0.036842105263157815
2026-09-30T00:44:50.977 0.8,0.0,0.0,0.0,0.0,-0.036842105263157815
2026-09-30T00:44:51.027 0.8,0.0,0.0,0.0,0.0,-0.036842105263157815
2026-09-30T00:44:51.087 0.8,0.0,0.0,0.0,0.0,-0.036842105263157815
2026-09-30T00:44:51.137 0.8,0.0,0.0,0.0,0.0,-0.036842105263157815
2026-09-30T00:44:51.177 0.8,0.0,0.0,0.0,0.0,-0.036842105263157815
2026-09-30T00:44:51.227 0.8,0.0,0.0,0.0,0.0,-0.036842105263157815
2026-09-30T00:44:51.277 0.8,0.0,0.0,0.0,0.0,-0.036842105263157815
2026-09-30T00:44:51.327 0.8,0.0,0.0,0.0,0.0,-0.036842105263157815
2026-09-30T00:44:51.377 0.8,0.0,0.0,0.0,0.0,-0.036842105263157815
2026-09-30T00:44:51.427 0.8,0.0,0.0,0.0,0.0,-0.036842105263157815
2026-09-30T00:44:51.477 0.8,0.0,0.0,0.0,0.0,-0.1105263157894736
2026-09-30T00:44:51.527 0.8,0.0,0.0,0.0,0.0,-0.1105263157894736
2026-09-30T00:44:51.578 0.8,0.0,0.0,0.0,0.0,-0.1105263157894736
2026-09-30T00:44:51.627 0.8,0.0,0.0,0.0,0.0,-0.18421052631578938
2026-09-30T00:44:51.677 0.8,0.0,0.0,0.0,0.0,-0.18421052631578938
2026-09-30T00:44:51.727 0.8,0.0,0.0,0.0,0.0,-0.1105263157894736
2026-09-30T00:44:51.777 0.8,0.0,0.0,0.0,0.0,-0.18421052631578938
2026-09-30T00:44:51.827 0.8,0.0,0.0,0.0,0.0,-0.18421052631578938
2026-09-30T00:44:51.877 0.8,0.0,0.0,0.0,0.0,-0.18421052631578938
2026-09-30T00:44:51.938 0.8,0.0,0.0,0.0,0.0,-0.18421052631578938
2026-09-30T00:44:51.977 0.8,0.0,0.0,0.0,0.0,-0.18421052631578938
2026-09-30T00:44:52.027 0.8,0.0,0.0,0.0,0.0,-0.18421052631578938
2026-09-30T00:44:52.077 0.8,0.0,0.0,0.0,0.0,-0.1105263157894736
2026-09-30T00:44:52.127 0.8,0.0,0.0,0.0,0.0,-0.1105263157894736
2026-09-30T00:44:52.177 0.8,0.0,0.0,0.0,0.0,-0.1105263157894736
2026-09-30T00:44:52.227 0.8,0.0,0.0,0.0,0.0,-0.1105263157894736
2026-09-30T00:44:52.277 0.8,0.0,0.0,0.0,0.0,-0.1105263157894736
2026-09-30T00:44:52.337 0.8,0.0,0.0,0.0,0.0,-0.1105263157894736
2026-09-30T00:44:52.377 0.8,0.0,0.0,0.0,0.0,-0.1105263157894736
2026-09-30T00:44:52.427 0.8,0.0,0.0,0.0,0.0,-0.1105263157894736
2026-09-30T00:44:52.479 0.8,0.0,0.0,0.0,0.0,-0.1105263157894736
2026-09-30T00:44:52.527 0.8,0.0,0.0,0.0,0.0,-0.036842105263157815
2026-09-30T00:44:52.577 0.8,0.0,0.0,0.0,0.0,-0.036842105263157815
2026-09-30T00:44:52.627 0.8,0.0,0.0,0.0,0.0,-0.036842105263157815
2026-09-30T00:44:52.677 0.8,0.0,0.0,0.0,0.0,-0.036842105263157815
2026-09-30T00:44:52.727 0.8,0.0,0.0,0.0,0.0,-0.036842105263157815
2026-09-30T00:44:52.777 0.8,0.0,0.0,0.0,0.0,-0.036842105263157815
2026-09-30T00:44:52.827 0.8,0.0,0.0,0.0,0.0,-0.1105263157894736
2026-09-30T00:44:52.877 0.8,0.0,0.0,0.0,0.0,-0.1105263157894736
2026-09-30T00:44:52.927 0.8,0.0,0.0,0.0,0.0,-0.036842105263157815
2026-09-30T00:44:52.977 0.8,0.0,0.0,0.0,0.0,-0.1105263157894736
2026-09-30T00:44:53.037 0.8,0.0,0.0,0.0,0.0,-0.1105263157894736
2026-09-30T00:44:53.077 0.8,0.0,0.0,0.0,0.0,-0.1105263157894736
2026-09-30T00:44:53.128 0.8,0.0,0.0,0.0,0.0,-0.1105263157894736
2026-09-30T00:44:53.177 0.8,0.0,0.0,0.0,0.0,-0.1105263157894736
2026-09-30T00:44:53.227 0.8,0.0,0.0,0.0,0.0,-0.036842105263157815
2026-09-30T00:44:53.277 0.8,0.0,0.0,0.0,0.0,-0.036842105263157815
2026-09-30T00:44:53.327 0.8,0.0,0.0,0.0,0.0,-0.036842105263157815
2026-09-30T00:44:53.377 0.8,0.0,0.0,0.0,0.0,-0.036842105263157815
2026-09-30T00:44:53.427 0.8,0.0,0.0,0.0,0.0,-0.036842105263157815
2026-09-30T00:44:53.477 0.8,0.0,0.0,0.0,0.0,-0.036842105263157815
2026-09-30T00:44:53.527 0.8,0.0,0.0,0.0,0.0,-0.036842105263157815
2026-09-30T00:44:53.577 0.8,0.0,0.0,0.0,0.0,-0.036842105263157815
2026-09-30T00:44:53.627 0.8,0.0,0.0,0.0,0.0,-0.036842105263157815
2026-09-30T00:44:53.677 0.8,0.0,0.0,0.0,0.0,-0.036842105263157815
2026-09-30T00:44:53.727 0.8,0.0,0.0,0.0,0.0,-0.036842105263157815
2026-09-30T00:44:53.777 0.8,0.0,0.0,0.0,0.0,-0.036842105263157815
2026-09-30T00:44:53.827 0.8,0.0,0.0,0.0,0.0,-0.036842105263157815
2026-09-30T00:44:53.877 0.8,0.0,0.0,0.0,0.0,-0.036842105263157815
2026-09-30T00:44:53.927 0.8,0.0,0.0,0.0,0.0,-0.036842105263157815
2026-09-30T00:44:53.977 0.8,0.0,0.0,0.0,0.0,-0.036842105263157815
2026-09-30T00:44:54.027 0.8,0.0,0.0,0.0,0.0,-0.036842105263157815
2026-09-30T00:44:54.077 0.8,0.0,0.0,0.0,0.0,-0.036842105263157815
2026-09-30T00:44:54.127 0.8,0.0,0.0,0.0,0.0,-0.036842105263157815
2026-09-30T00:44:54.177 0.8,0.0,0.0,0.0,0.0,-0.036842105263157815
2026-09-30T00:44:54.227 0.8,0.0,0.0,0.0,0.0,-0.036842105263157815
2026-09-30T00:44:54.277 0.8,0.0,0.0,0.0,0.0,-0.036842105263157815
2026-09-30T00:44:54.327 0.8,0.0,0.0,0.0,0.0,-0.036842105263157815
2026-09-30T00:44:54.378 0.8,0.0,0.0,0.0,0.0,-0.036842105263157815
2026-09-30T00:44:54.427 0.8,0.0,0.0,0.0,0.0,-0.036842105263157815
2026-09-30T00:44:54.487 0.8,0.0,0.0,0.0,0.0,-0.036842105263157815
2026-09-30T00:44:54.527 0.8,0.0,0.0,0.0,0.0,0.0
2026-09-30T00:44:54.577 0.8,0.0,0.0,0.0,0.0,0.0
2026-09-30T00:44:54.627 0.8,0.0,0.0,0.0,0.0,0.0
2026-09-30T00:44:54.677 0.8,0.0,0.0,0.0,0.0,0.0
2026-09-30T00:44:54.727 0.8,0.0,0.0,0.0,0.0,0.0
2026-09-30T00:44:54.777 0.8,0.0,0.0,0.0,0.0,0.0
2026-09-30T00:44:54.827 0.8,0.0,0.0,0.0,0.0,0.0
2026-09-30T00:44:54.877 0.8,0.0,0.0,0.0,0.0,0.0
2026-09-30T00:44:54.928 0.8,0.0,0.0,0.0,0.0,-0.036842105263157815
2026-09-30T00:44:54.977 0.8,0.0,0.0,0.0,0.0,-0.036842105263157815
2026-09-30T00:44:55.027 0.8,0.0,0.0,0.0,0.0,-0.036842105263157815
2026-09-30T00:44:55.077 0.8,0.0,0.0,0.0,0.0,-0.036842105263157815
2026-09-30T00:44:55.127 0.8,0.0,0.0,0.0,0.0,-0.036842105263157815
2026-09-30T00:44:55.177 0.8,0.0,0.0,0.0,0.0,-0.036842105263157815
2026-09-30T00:44:55.227 0.7578947368421055,0.0,0.0,0.0,0.0,-0.036842105263157815
2026-09-30T00:44:55.277 0.7578947368421055,0.0,0.0,0.0,0.0,-0.036842105263157815
2026-09-30T00:44:55.327 0.7578947368421055,0.0,0.0,0.0,0.0,-0.036842105263157815
2026-09-30T00:44:55.377 0.7578947368421055,0.0,0.0,0.0,0.0,-0.036842105263157815
2026-09-30T00:44:55.427 0.7578947368421055,0.0,0.0,0.0,0.0,-0.036842105263157815
2026-09-30T00:44:55.477 0.7157894736842108,0.0,0.0,0.0,0.0,-0.036842105263157815
2026-09-30T00:44:55.527 0.7157894736842108,0.0,0.0,0.0,0.0,-0.036842105263157815
2026-09-30T00:44:55.577 0.7157894736842108,0.0,0.0,0.0,0.0,-0.036842105263157815
2026-09-30T00:44:55.627 0.673684210526316,0.0,0.0,0.0,0.0,-0.036842105263157815
2026-09-30T00:44:55.677 0.673684210526316,0.0,0.0,0.0,0.0,-0.036842105263157815
2026-09-30T00:44:55.727 0.673684210526316,0.0,0.0,0.0,0.0,-0.036842105263157815
2026-09-30T00:44:55.777 0.673684210526316,0.0,0.0,0.0,0.0,-0.036842105263157815
2026-09-30T00:44:55.827 0.673684210526316,0.0,0.0,0.0,0.0,-0.036842105263157815
2026-09-30T00:44:55.877 0.6315789473684212,0.0,0.0,0.0,0.0,-0.036842105263157815
2026-09-30T00:44:55.927 0.6315789473684212,0.0,0.0,0.0,0.0,-0.036842105263157815
2026-09-30T00:44:55.987 0.6315789473684212,0.0,0.0,0.0,0.0,-0.036842105263157815
2026-09-30T00:44:56.027 0.6315789473684212,0.0,0.0,0.0,0.0,-0.036842105263157815
2026-09-30T00:44:56.077 0.6315789473684212,0.0,0.0,0.0,0.0,-0.036842105263157815
2026-09-30T00:44:56.127 0.5894736842105265,0.0,0.0,0.0,0.0,-0.036842105263157815
2026-09-30T00:44:56.177 0.5894736842105265,0.0,0.0,0.0,0.0,-0.036842105263157815
2026-09-30T00:44:56.228 0.5894736842105265,0.0,0.0,0.0,0.0,-0.036842105263157815
2026-09-30T00:44:56.277 0.5894736842105265,0.0,0.0,0.0,0.0,-0.036842105263157815
2026-09-30T00:44:56.327 0.5473684210526317,0.0,0.0,0.0,0.0,-0.036842105263157815
2026-09-30T00:44:56.377 0.5473684210526317,0.0,0.0,0.0,0.0,-0.036842105263157815
2026-09-30T00:44:56.427 0.5473684210526317,0.0,0.0,0.0,0.0,-0.036842105263157815
2026-09-30T00:44:56.477 0.5473684210526317,0.0,0.0,0.0,0.0,-0.036842105263157815
2026-09-30T00:44:56.527 0.5473684210526317,0.0,0.0,0.0,0.0,-0.036842105263157815
2026-09-30T00:44:56.577 0.505263157894737,0.0,0.0,0.0,0.0,-0.036842105263157815
2026-09-30T00:44:56.627 0.505263157894737,0.0,0.0,0.0,0.0,-0.036842105263157815
2026-09-30T00:44:56.677 0.505263157894737,0.0,0.0,0.0,0.0,-0.036842105263157815
2026-09-30T00:44:56.727 0.505263157894737,0.0,0.0,0.0,0.0,-0.036842105263157815
2026-09-30T00:44:56.777 0.4631578947368422,0.0,0.0,0.0,0.0,-0.036842105263157815
2026-09-30T00:44:56.827 0.4631578947368422,0.0,0.0,0.0,0.0,-0.036842105263157815
2026-09-30T00:44:56.877 0.4631578947368422,0.0,0.0,0.0,0.0,-0.036842105263157815
2026-09-30T00:44:56.927 0.4631578947368422,0.0,0.0,0.0,0.0,-0.036842105263157815
2026-09-30T00:44:56.988 0.4631578947368422,0.0,0.0,0.0,0.0,-0.036842105263157815
2026-09-30T00:44:57.027 0.4631578947368422,0.0,0.0,0.0,0.0,-0.036842105263157815
2026-09-30T00:44:57.087 0.4631578947368422,0.0,0.0,0.0,0.0,-0.036842105263157815
2026-09-30T00:44:57.127 0.4631578947368422,0.0,0.0,0.0,0.0,-0.036842105263157815
2026-09-30T00:44:57.177 0.42105263157894746,0.0,0.0,0.0,0.0,-0.036842105263157815
2026-09-30T00:44:57.227 0.4631578947368422,0.0,0.0,0.0,0.0,0.0
2026-09-30T00:44:57.279 0.4631578947368422,0.0,0.0,0.0,0.0,0.0
2026-09-30T00:44:57.329 0.42105263157894746,0.0,0.0,0.0,0.0,-0.036842105263157815
2026-09-30T00:44:57.377 0.42105263157894746,0.0,0.0,0.0,0.0,-0.036842105263157815
2026-09-30T00:44:57.427 0.42105263157894746,0.0,0.0,0.0,0.0,0.0
2026-09-30T00:44:57.477 0.42105263157894746,0.0,0.0,0.0,0.0,-0.036842105263157815
2026-09-30T00:44:57.527 0.42105263157894746,0.0,0.0,0.0,0.0,0.0
2026-09-30T00:44:57.578 0.42105263157894746,0.0,0.0,0.0,0.0,0.0
2026-09-30T00:44:57.637 0.42105263157894746,0.0,0.0,0.0,0.0,0.0
2026-09-30T00:44:57.677 0.42105263157894746,0.0,0.0,0.0,0.0,0.0
2026-09-30T00:44:57.727 0.42105263157894746,0.0,0.0,0.0,0.0,0.0
2026-09-30T00:44:57.777 0.3789473684210527,0.0,0.0,0.0,0.0,0.0
2026-09-30T00:44:57.827 0.3789473684210527,0.0,0.0,0.0,0.0,0.0
2026-09-30T00:44:57.877 0.3789473684210527,0.0,0.0,0.0,0.0,0.0
2026-09-30T00:44:57.927 0.3789473684210527,0.0,0.0,0.0,0.0,0.0
2026-09-30T00:44:57.977 0.3789473684210527,0.0,0.0,0.0,0.0,0.0
2026-09-30T00:44:58.027 0.3789473684210527,0.0,0.0,0.0,0.0,0.0
2026-09-30T00:44:58.077 0.3789473684210527,0.0,0.0,0.0,0.0,0.0
2026-09-30T00:44:58.127 0.3789473684210527,0.0,0.0,0.0,0.0,0.0
2026-09-30T00:44:58.177 0.33684210526315794,0.0,0.0,0.0,0.0,0.0
2026-09-30T00:44:58.227 0.33684210526315794,0.0,0.0,0.0,0.0,0.0
2026-09-30T00:44:58.277 0.33684210526315794,0.0,0.0,0.0,0.0,0.0
2026-09-30T00:44:58.327 0.33684210526315794,0.0,0.0,0.0,0.0,0.0
2026-09-30T00:44:58.377 0.33684210526315794,0.0,0.0,0.0,0.0,0.0
2026-09-30T00:44:58.427 0.33684210526315794,0.0,0.0,0.0,0.0,0.0
2026-09-30T00:44:58.477 0.33684210526315794,0.0,0.0,0.0,0.0,0.0
2026-09-30T00:44:58.527 0.33684210526315794,0.0,0.0,0.0,0.0,0.0
2026-09-30T00:44:58.587 0.33684210526315794,0.0,0.0,0.0,0.0,0.0
2026-09-30T00:44:58.627 0.33684210526315794,0.0,0.0,0.0,0.0,0.0
2026-09-30T00:44:58.677 0.2947368421052632,0.0,0.0,0.0,0.0,-0.036842105263157815
2026-09-30T00:44:58.727 0.2947368421052632,0.0,0.0,0.0,0.0,0.0
2026-09-30T00:44:58.777 0.2947368421052632,0.0,0.0,0.0,0.0,0.0
2026-09-30T00:44:58.827 0.2947368421052632,0.0,0.0,0.0,0.0,0.0
2026-09-30T00:44:58.877 0.2947368421052632,0.0,0.0,0.0,0.0,0.0
2026-09-30T00:44:58.927 0.2947368421052632,0.0,0.0,0.0,0.0,0.0
2026-09-30T00:44:58.977 0.2947368421052632,0.0,0.0,0.0,0.0,0.0
2026-09-30T00:44:59.027 0.2947368421052632,0.0,0.0,0.0,0.0,0.0
2026-09-30T00:44:59.077 0.2947368421052632,0.0,0.0,0.0,0.0,0.0
2026-09-30T00:44:59.127 0.2947368421052632,0.0,0.0,0.0,0.0,0.0
2026-09-30T00:44:59.187 0.2947368421052632,0.0,0.0,0.0,0.0,0.0
2026-09-30T00:44:59.227 0.2947368421052632,0.0,0.0,0.0,0.0,0.0
2026-09-30T00:44:59.277 0.25263157894736843,0.0,0.0,0.0,0.0,0.16
2026-09-30T00:44:59.327 0.25263157894736843,0.0,0.0,0.0,0.0,0.18421052631578955
2026-09-30T00:44:59.377 0.25263157894736843,0.0,0.0,0.0,0.0,0.18421052631578955
2026-09-30T00:44:59.427 0.25263157894736843,0.0,0.0,0.0,0.0,0.11052631578947375
2026-09-30T00:44:59.477 0.25263157894736843,0.0,0.0,0.0,0.0,0.03684210526315797
2026-09-30T00:44:59.527 0.25263157894736843,0.0,0.0,0.0,0.0,0.03684210526315797
2026-09-30T00:44:59.577 0.25263157894736843,0.0,0.0,0.0,0.0,0.03684210526315797
2026-09-30T00:44:59.627 0.25263157894736843,0.0,0.0,0.0,0.0,0.03684210526315797
2026-09-30T00:44:59.687 0.25263157894736843,0.0,0.0,0.0,0.0,0.03684210526315797
2026-09-30T00:44:59.737 0.25263157894736843,0.0,0.0,0.0,0.0,0.03684210526315797
2026-09-30T00:44:59.777 0.25263157894736843,0.0,0.0,0.0,0.0,0.03684210526315797
2026-09-30T00:44:59.827 0.25263157894736843,0.0,0.0,0.0,0.0,0.03684210526315797
2026-09-30T00:44:59.877 0.25263157894736843,0.0,0.0,0.0,0.0,0.03684210526315797
2026-09-30T00:44:59.927 0.25263157894736843,0.0,0.0,0.0,0.0,0.03684210526315797
2026-09-30T00:44:59.977 0.21052631578947367,0.0,0.0,0.0,0.0,0.18421052631578955
2026-09-30T00:45:00.027 0.21052631578947367,0.0,0.0,0.0,0.0,0.18421052631578955
2026-09-30T00:45:00.077 0.21052631578947367,0.0,0.0,0.0,0.0,0.18421052631578955
2026-09-30T00:45:00.127 0.21052631578947367,0.0,0.0,0.0,0.0,0.18421052631578955
2026-09-30T00:45:00.177 0.21052631578947367,0.0,0.0,0.0,0.0,0.18421052631578955
2026-09-30T00:45:00.227 0.21052631578947367,0.0,0.0,0.0,0.0,0.036842105263157954
2026-09-30T00:45:00.277 0.21052631578947367,0.0,0.0,0.0,0.0,0.03684210526315797
2026-09-30T00:45:00.329 0.21052631578947367,0.0,0.0,0.0,0.0,0.03684210526315797
2026-09-30T00:45:00.377 0.21052631578947367,0.0,0.0,0.0,0.0,0.03684210526315797
2026-09-30T00:45:00.427 0.21052631578947367,0.0,0.0,0.0,0.0,0.03684210526315797
2026-09-30T00:45:00.478 0.21052631578947367,0.0,0.0,0.0,0.0,0.03684210526315797
2026-09-30T00:45:00.527 0.21052631578947367,0.0,0.0,0.0,0.0,0.03684210526315797
2026-09-30T00:45:00.577 0.21052631578947367,0.0,0.0,0.0,0.0,0.03684210526315797
2026-09-30T00:45:00.627 0.21052631578947367,0.0,0.0,0.0,0.0,0.03684210526315797
2026-09-30T00:45:00.677 0.21052631578947367,0.0,0.0,0.0,0.0,0.03684210526315797
2026-09-30T00:45:00.727 0.21052631578947367,0.0,0.0,0.0,0.0,0.03684210526315797
2026-09-30T00:45:00.788 0.21052631578947367,0.0,0.0,0.0,0.0,0.03684210526315797
2026-09-30T00:45:00.829 0.21052631578947367,0.0,0.0,0.0,0.0,0.03684210526315797
2026-09-30T00:45:00.877 0.16842105263157894,0.0,0.0,0.0,0.0,0.18421052631578955
2026-09-30T00:45:00.927 0.16842105263157894,0.0,0.0,0.0,0.0,0.18421052631578955
2026-09-30T00:45:00.977 0.16842105263157894,0.0,0.0,0.0,0.0,0.18421052631578955
2026-09-30T00:45:01.027 0.16842105263157894,0.0,0.0,0.0,0.0,0.18421052631578955
2026-09-30T00:45:01.077 0.16842105263157894,0.0,0.0,0.0,0.0,0.18421052631578955
2026-09-30T00:45:01.127 0.16842105263157894,0.0,0.0,0.0,0.0,0.18421052631578955
2026-09-30T00:45:01.177 0.16842105263157894,0.0,0.0,0.0,0.0,0.25789473684210534
2026-09-30T00:45:01.227 0.16842105263157894,0.0,0.0,0.0,0.0,0.09789473684210534
2026-09-30T00:45:01.277 0.16842105263157894,0.0,0.0,0.0,0.0,0.03684210526315797
2026-09-30T00:45:01.327 0.16842105263157894,0.0,0.0,0.0,0.0,0.03684210526315797
2026-09-30T00:45:01.377 0.16842105263157894,0.0,0.0,0.0,0.0,0.03684210526315797
2026-09-30T00:45:01.427 0.16842105263157894,0.0,0.0,0.0,0.0,0.03684210526315797
2026-09-30T00:45:01.477 0.16842105263157894,0.0,0.0,0.0,0.0,0.03684210526315797
2026-09-30T00:45:01.528 0.16842105263157894,0.0,0.0,0.0,0.0,0.03684210526315797
2026-09-30T00:45:01.577 0.16842105263157894,0.0,0.0,0.0,0.0,0.03684210526315797
2026-09-30T00:45:01.627 0.16842105263157894,0.0,0.0,0.0,0.0,0.03684210526315797
2026-09-30T00:45:01.678 0.16842105263157894,0.0,0.0,0.0,0.0,0.03684210526315797
2026-09-30T00:45:01.727 0.16842105263157894,0.0,0.0,0.0,0.0,0.03684210526315797
2026-09-30T00:45:01.777 0.16842105263157894,0.0,0.0,0.0,0.0,0.03684210526315797
2026-09-30T00:45:01.827 0.16842105263157894,0.0,0.0,0.0,0.0,0.03684210526315797
2026-09-30T00:45:01.877 0.16842105263157894,0.0,0.0,0.0,0.0,0.03684210526315797
2026-09-30T00:45:01.927 0.16842105263157894,0.0,0.0,0.0,0.0,0.03684210526315797
2026-09-30T00:45:01.977 0.16842105263157894,0.0,0.0,0.0,0.0,0.03684210526315797
2026-09-30T00:45:02.027 0.12631578947368421,0.0,0.0,0.0,0.0,0.18421052631578955
2026-09-30T00:45:02.077 0.12631578947368421,0.0,0.0,0.0,0.0,0.18421052631578955
2026-09-30T00:45:02.128 0.12631578947368421,0.0,0.0,0.0,0.0,0.18421052631578955
2026-09-30T00:45:02.177 0.12631578947368421,0.0,0.0,0.0,0.0,0.18421052631578955
2026-09-30T00:45:02.238 0.12631578947368421,0.0,0.0,0.0,0.0,0.18421052631578955
2026-09-30T00:45:02.287 0.12631578947368421,0.0,0.0,0.0,0.0,0.18421052631578955
2026-09-30T00:45:02.337 0.12631578947368421,0.0,0.0,0.0,0.0,0.18421052631578955
2026-09-30T00:45:02.377 0.12631578947368421,0.0,0.0,0.0,0.0,0.18421052631578955
2026-09-30T00:45:02.427 0.12631578947368421,0.0,0.0,0.0,0.0,0.25789473684210534
2026-09-30T00:45:02.477 0.0013157894736842146,0.0,0.0,0.0,0.0,0.09789473684210534
2026-09-30T00:45:02.527 0.0,0.0,0.0,0.0,0.0,0.0
2026-09-30T00:45:02.577 0.0,0.0,0.0,0.0,0.0,0.0
2026-09-30T00:45:02.627 0.0,0.0,0.0,0.0,0.0,0.0
2026-09-30T00:45:02.678 0.0,0.0,0.0,0.0,0.0,0.0
2026-09-30T00:45:02.727 0.0,0.0,0.0,0.0,0.0,0.0
2026-09-30T00:45:02.777 0.0,0.0,0.0,0.0,0.0,0.0
2026-09-30T00:45:02.827 0.0,0.0,0.0,0.0,0.0,0.0
2026-09-30T00:45:02.877 0.0,0.0,0.0,0.0,0.0,0.0
2026-09-30T00:45:02.927 0.0,0.0,0.0,0.0,0.0,0.0
2026-09-30T00:45:02.977 0.0,0.0,0.0,0.0,0.0,0.0
2026-09-30T00:45:03.028 0.0,0.0,0.0,0.0,0.0,0.0
2026-09-30T00:45:03.087 0.0,0.0,0.0,0.0,0.0,0.0
2026-09-30T00:45:03.127 0.0,0.0,0.0,0.0,0.0,0.0
2026-09-30T00:45:03.177 0.0,0.0,0.0,0.0,0.0,0.0
2026-09-30T00:45:03.227 0.0,0.0,0.0,0.0,0.0,0.0
2026-09-30T00:45:03.277 0.0,0.0,0.0,0.0,0.0,0.0
2026-09-30T00:45:03.327 0.0,0.0,0.0,0.0,0.0,0.0
2026-09-30T00:45:03.377 0.0,0.0,0.0,0.0,0.0,0.0
2026-09-30T00:45:03.427 0.0,0.0,0.0,0.0,0.0,0.0
2026-09-30T00:45:03.477 0.0,0.0,0.0,0.0,0.0,0.0
2026-09-30T00:45:03.527 0.0,0.0,0.0,0.0,0.0,0.0
2026-09-30T00:45:03.577 0.0,0.0,0.0,0.0,0.0,0.0
2026-09-30T00:45:03.627 0.0,0.0,0.0,0.0,0.0,0.0
2026-09-30T00:45:03.677 0.0,0.0,0.0,0.0,0.0,0.0
2026-09-30T00:45:03.727 0.0,0.0,0.0,0.0,0.0,0.0
2026-09-30T00:45:03.777 0.0,0.0,0.0,0.0,0.0,0.0
2026-09-30T00:45:03.840 0.0,0.0,0.0,0.0,0.0,0.0
2026-09-30T00:45:03.877 0.0,0.0,0.0,0.0,0.0,0.0
2026-09-30T00:45:03.927 0.0,0.0,0.0,0.0,0.0,0.0
2026-09-30T00:45:03.977 0.0,0.0,0.0,0.0,0.0,0.0
2026-09-30T00:45:04.027 0.0,0.0,0.0,0.0,0.0,0.0
2026-09-30T00:45:04.077 0.0,0.0,0.0,0.0,0.0,0.0
2026-09-30T00:45:04.127 0.0,0.0,0.0,0.0,0.0,0.0
2026-09-30T00:45:04.178 0.0,0.0,0.0,0.0,0.0,0.0
2026-09-30T00:45:04.227 0.0,0.0,0.0,0.0,0.0,0.0
2026-09-30T00:45:04.279 0.0,0.0,0.0,0.0,0.0,0.0
2026-09-30T00:45:04.337 0.0,0.0,0.0,0.0,0.0,0.0
2026-09-30T00:45:04.387 0.0,0.0,0.0,0.0,0.0,0.0
2026-09-30T00:45:04.427 0.0,0.0,0.0,0.0,0.0,0.0
2026-09-30T00:45:04.477 0.0,0.0,0.0,0.0,0.0,0.0
2026-09-30T00:45:04.527 0.0,0.0,0.0,0.0,0.0,0.0
2026-09-30T00:45:04.577 0.0,0.0,0.0,0.0,0.0,0.0
2026-09-30T00:45:04.628 0.0,0.0,0.0,0.0,0.0,0.0
2026-09-30T00:45:04.687 0.0,0.0,0.0,0.0,0.0,0.0
2026-09-30T00:45:04.727 0.0,0.0,0.0,0.0,0.0,0.0
2026-09-30T00:45:04.777 0.0,0.0,0.0,0.0,0.0,0.0
2026-09-30T00:45:04.827 0.0,0.0,0.0,0.0,0.0,0.0
2026-09-30T00:45:04.877 0.0,0.0,0.0,0.0,0.0,0.0
2026-09-30T00:45:04.927 0.0,0.0,0.0,0.0,0.0,0.0
2026-09-30T00:45:04.977 0.0,0.0,0.0,0.0,0.0,0.0
2026-09-30T00:45:05.027 0.0,0.0,0.0,0.0,0.0,0.0
2026-09-30T00:45:05.077 0.0,0.0,0.0,0.0,0.0,0.0
2026-09-30T00:45:05.127 0.0,0.0,0.0,0.0,0.0,0.0
2026-09-30T00:45:05.178 0.0,0.0,0.0,0.0,0.0,0.0
