2026-09-30T01:12:37.741 0.0,0.0,0.0,0.0,0.0,0.03684210526315797
2026-09-30T01:12:37.790 0.0,0.0,0.0,0.0,0.0,0.03684210526315797
2026-09-30T01:12:37.840 0.0,0.0,0.0,0.0,0.0,0.03684210526315797
2026-09-30T01:12:37.890 0.0,0.0,0.0,0.0,0.0,0.03684210526315797
2026-09-30T01:12:37.940 0.0,0.0,0.0,0.0,0.0,0.03684210526315797
2026-09-30T01:12:37.990 0.0,0.0,0.0,0.0,0.0,0.03684210526315797
2026-09-30T01:12:38.040 0.0,0.0,0.0,0.0,0.0,0.03684210526315797
2026-09-30T01:12:38.090 0.0,0.0,0.0,0.0,0.0,0.03684210526315797
2026-09-30T01:12:38.140 0.0,0.0,0.0,0.0,0.0,0.03684210526315797
2026-09-30T01:12:38.191 0.0,0.0,0.0,0.0,0.0,0.03684210526315797
2026-09-30T01:12:38.252 0.0,0.0,0.0,0.0,0.0,0.03684210526315797
2026-09-30T01:12:38.290 0.0,0.0,0.0,0.0,0.0,0.03684210526315797
2026-09-30T01:12:38.340 0.0,0.0,0.0,0.0,0.0,0.03684210526315797
2026-09-30T01:12:38.390 0.0,0.0,0.0,0.0,0.0,0.03684210526315797
2026-09-30T01:12:38.440 0.0,0.0,0.0,0.0,0.0,0.03684210526315797
2026-09-30T01:12:38.490 0.0,0.0,0.0,0.0,0.0,0.03684210526315797
2026-09-30T01:12:38.540 0.0,0.0,0.0,0.0,0.0,0.03684210526315797
2026-09-30T01:12:38.590 0.0,0.0,0.0,0.0,0.0,0.03684210526315797
2026-09-30T01:12:38.640 0.0,0.0,0.0,0.0,0.0,0.03684210526315797
2026-09-30T01:12:38.690 0.0,0.0,0.0,0.0,0.0,0.03684210526315797
2026-09-30T01:12:38.740 0.0,0.0,0.0,0.0,0.0,0.03684210526315797
2026-09-30T01:12:38.790 0.0,0.0,0.0,0.0,0.0,0.03684210526315797
2026-09-30T01:12:38.840 0.0,0.0,0.0,0.0,0.0,0.03684210526315797
2026-09-30T01:12:38.890 0.0,0.0,0.0,0.0,0.0,0.03684210526315797
2026-09-30T01:12:38.940 0.0,0.0,0.0,0.0,0.0,0.03684210526315797
2026-09-30T01:12:38.990 0.0,0.0,0.0,0.0,0.0,0.03684210526315797
2026-09-30T01:12:39.040 0.0,0.0,0.0,0.0,0.0,0.03684210526315797
2026-09-30T01:12:39.090 0.0,0.0,0.0,0.0,0.0,0.03684210526315797
2026-09-30T01:12:39.140 0.0,0.0,0.0,0.0,0.0,0.03684210526315797
2026-09-30T01:12:39.190 0.0,0.0,0.0,0.0,0.0,0.03684210526315797
2026-09-30T01:12:39.240 0.0,0.0,0.0,0.0,0.0,0.03684210526315797
2026-09-30T01:12:39.290 0.0,0.0,0.0,0.0,0.0,0.03684210526315797
2026-09-30T01:12:39.340 0.0,0.0,0.0,0.0,0.0,0.03684210526315797
2026-09-30T01:12:39.400 0.0,0.0,0.0,0.0,0.0,0.03684210526315797
2026-09-30T01:12:39.440 0.0,0.0,0.0,0.0,0.0,0.03684210526315797
2026-09-30T01:12:39.490 0.0,0.0,0.0,0.0,0.0,0.03684210526315797
2026-09-30T01:12:39.540 0.0,0.0,0.0,0.0,0.0,0.03684210526315797
2026-09-30T01:12:39.590 0.0,0.0,0.0,0.0,0.0,0.03684210526315797
2026-09-30T01:12:39.640 0.0,0.0,0.0,0.0,0.0,0.03684210526315797
2026-09-30T01:12:39.690 0.0,0.0,0.0,0.0,0.0,0.03684210526315797
2026-09-30T01:12:39.740 0.0,0.0,0.0,0.0,0.0,0.03684210526315797
2026-09-30T01:12:39.790 0.0,0.0,0.0,0.0,0.0,0.03684210526315797
2026-09-30T01:12:39.840 0.0,0.0,0.0,0.0,0.0,0.03684210526315797
2026-09-30T01:12:39.890 0.0,0.0,0.0,0.0,0.0,0.03684210526315797
2026-09-30T01:12:39.940 0.0,0.0,0.0,0.0,0.0,0.03684210526315797
2026-09-30T01:12:39.990 0.0,0.0,0.0,0.0,0.0,0.03684210526315797
2026-09-30T01:12:40.040 0.0,0.0,0.0,0.0,0.0,0.03684210526315797
2026-09-30T01:12:40.090 0.0,0.0,0.0,0.0,0.0,0.03684210526315797
2026-09-30T01:12:40.140 0.0,0.0,0.0,0.0,0.0,0.03684210526315797
2026-09-30T01:12:40.190 0.0,0.0,0.0,0.0,0.0,0.03684210526315797
2026-09-30T01:12:40.240 0.0,0.0,0.0,0.0,0.0,0.03684210526315797
2026-09-30T01:12:40.290 0.0,0.0,0.0,0.0,0.0,0.03684210526315797
2026-09-30T01:12:40.340 0.0,0.0,0.0,0.0,0.0,0.03684210526315797
2026-09-30T01:12:40.390 0.0,0.0,0.0,0.0,0.0,0.03684210526315797
2026-09-30T01:12:40.440 0.0,0.0,0.0,0.0,0.0,0.03684210526315797
2026-09-30T01:12:40.490 0.0,0.0,0.0,0.0,0.0,0.03684210526315797
2026-09-30T01:12:40.540 0.0,0.0,0.0,0.0,0.0,0.03684210526315797
2026-09-30T01:12:40.590 0.0,0.0,0.0,0.0,0.0,0.03684210526315797
2026-09-30T01:12:40.640 0.0,0.0,0.0,0.0,0.0,0.03684210526315797
2026-09-30T01:12:40.690 0.0,0.0,0.0,0.0,0.0,0.03684210526315797
2026-09-30T01:12:40.740 0.0,0.0,0.0,0.0,0.0,0.03684210526315797
2026-09-30T01:12:40.790 0.0,0.0,0.0,0.0,0.0,0.03684210526315797
2026-09-30T01:12:40.840 0.0,0.0,0.0,0.0,0.0,0.03684210526315797
2026-09-30T01:12:40.890 0.0,0.0,0.0,0.0,0.0,0.03684210526315797
2026-09-30T01:12:40.940 0.0,0.0,0.0,0.0,0.0,0.03684210526315797
2026-09-30T01:12:40.990 0.0,0.0,0.0,0.0,0.0,0.03684210526315797
2026-09-30T01:12:41.040 0.0,0.0,0.0,0.0,0.0,0.03684210526315797
2026-09-30T01:12:41.090 0.0,0.0,0.0,0.0,0.0,0.03684210526315797
2026-09-30T01:12:41.140 0.0,0.0,0.0,0.0,0.0,0.03684210526315797
2026-09-30T01:12:41.190 0.0,0.0,0.0,0.0,0.0,0.03684210526315797
2026-09-30T01:12:41.240 0.0,0.0,0.0,0.0,0.0,0.03684210526315797
2026-09-30T01:12:41.290 0.0,0.0,0.0,0.0,0.0,0.03684210526315797
2026-09-30T01:12:41.340 0.0,0.0,0.0,0.0,0.0,0.03684210526315797
2026-09-30T01:12:41.390 0.0,0.0,0.0,0.0,0.0,0.03684210526315797
2026-09-30T01:12:41.440 0.0,0.0,0.0,0.0,0.0,0.03684210526315797
2026-09-30T01:12:41.490 0.0,0.0,0.0,0.0,0.0,0.03684210526315797
2026-09-30T01:12:41.540 0.0,0.0,0.0,0.0,0.0,0.03684210526315797
2026-09-30T01:12:41.590 0.0,0.0,0.0,0.0,0.0,0.03684210526315797
2026-09-30T01:12:41.640 0.0,0.0,0.0,0.0,0.0,0.03684210526315797
2026-09-30T01:12:41.700 0.0,0.0,0.0,0.0,0.0,0.03684210526315797
2026-09-30T01:12:41.740 0.0,0.0,0.0,0.0,0.0,0.03684210526315797
2026-09-30T01:12:41.790 0.0,0.0,0.0,0.0,0.0,0.03684210526315797
2026-09-30T01:12:41.840 0.0,0.0,0.0,0.0,0.0,0.03684210526315797
2026-09-30T01:12:41.890 0.0,0.0,0.0,0.0,0.0,0.03684210526315797
2026-09-30T01:12:41.940 0.0,0.0,0.0,0.0,0.0,0.03684210526315797
2026-09-30T01:12:41.990 0.0,0.0,0.0,0.0,0.0,0.03684210526315797
2026-09-30T01:12:42.040 0.0,0.0,0.0,0.0,0.0,0.03684210526315797
2026-09-30T01:12:42.100 0.0,0.0,0.0,0.0,0.0,0.03684210526315797
2026-09-30T01:12:42.150 0.0,0.0,0.0,0.0,0.0,0.03684210526315797
2026-09-30T01:12:42.190 0.0,0.0,0.0,0.0,0.0,0.03684210526315797
2026-09-30T01:12:42.240 0.0,0.0,0.0,0.0,0.0,0.03684210526315797
2026-09-30T01:12:42.290 0.0,0.0,0.0,0.0,0.0,0.03684210526315797
2026-09-30T01:12:42.340 0.0,0.0,0.0,0.0,0.0,0.03684210526315797
2026-09-30T01:12:42.390 0.0,0.0,0.0,0.0,0.0,0.03684210526315797
2026-09-30T01:12:42.440 0.0,0.0,0.0,0.0,0.0,0.03684210526315797
2026-09-30T01:12:42.492 0.0,0.0,0.0,0.0,0.0,0.03684210526315797
2026-09-30T01:12:42.540 0.0,0.0,0.0,0.0,0.0,0.03684210526315797
2026-09-30T01:12:42.590 0.0,0.0,0.0,0.0,0.0,0.03684210526315797
2026-09-30T01:12:42.640 0.0,0.0,0.0,0.0,0.0,0.03684210526315797
2026-09-30T01:12:42.690 0.0,0.0,0.0,0.0,0.0,0.03684210526315797
2026-09-30T01:12:42.740 0.0,0.0,0.0,0.0,0.0,0.03684210526315797
2026-09-30T01:12:42.790 0.0,0.0,0.0,0.0,0.0,0.03684210526315797
2026-09-30T01:12:42.839 0.0,0.0,0.0,0.0,0.0,0.03684210526315797
2026-09-30T01:12:42.889 0.0,0.0,0.0,0.0,0.0,0.03684210526315797
2026-09-30T01:12:42.940 0.0,0.0,0.0,0.0,0.0,0.03684210526315797
2026-09-30T01:12:42.990 0.0,0.0,0.0,0.0,0.0,0.03684210526315797
2026-09-30T01:12:43.040 0.0,0.0,0.0,0.0,0.0,0.03684210526315797
2026-09-30T01:12:43.090 0.0,0.0,0.0,0.0,0.0,0.03684210526315797
2026-09-30T01:12:43.140 0.0,0.0,0.0,0.0,0.0,0.03684210526315797
2026-09-30T01:12:43.190 0.0,0.0,0.0,0.0,0.0,0.03684210526315797
2026-09-30T01:12:43.240 0.0,0.0,0.0,0.0,0.0,0.03684210526315797
2026-09-30T01:12:43.290 0.0,0.0,0.0,0.0,0.0,0.03684210526315797
2026-09-30T01:12:43.340 0.0,0.0,0.0,0.0,0.0,0.03684210526315797
2026-09-30T01:12:43.390 0.0,0.0,0.0,0.0,0.0,0.03684210526315797
2026-09-30T01:12:43.440 0.0,0.0,0.0,0.0,0.0,0.03684210526315797
2026-09-30T01:12:43.490 0.0,0.0,0.0,0.0,0.0,0.03684210526315797
2026-09-30T01:12:43.540 0.0,0.0,0.0,0.0,0.0,0.03684210526315797
2026-09-30T01:12:43.590 0.0,0.0,0.0,0.0,0.0,0.03684210526315797
2026-09-30T01:12:43.640 0.0,0.0,0.0,0.0,0.0,0.03684210526315797
2026-09-30T01:12:43.690 0.0,0.0,0.0,0.0,0.0,0.03684210526315797
2026-09-30T01:12:43.740 0.0,0.0,0.0,0.0,0.0,0.03684210526315797
2026-09-30T01:12:43.790 0.0,0.0,0.0,0.0,0.0,0.03684210526315797
2026-09-30T01:12:43.840 0.0,0.0,0.0,0.0,0.0,0.03684210526315797
2026-09-30T01:12:43.890 0.0,0.0,0.0,0.0,0.0,0.03684210526315797
2026-09-30T01:12:43.942 0.0,0.0,0.0,0.0,0.0,0.03684210526315797
2026-09-30T01:12:43.990 0.0,0.0,0.0,0.0,0.0,0.03684210526315797
2026-09-30T01:12:44.040 0.0,0.0,0.0,0.0,0.0,0.03684210526315797
2026-09-30T01:12:44.090 0.0,0.0,0.0,0.0,0.0,0.03684210526315797
2026-09-30T01:12:44.140 0.0,0.0,0.0,0.0,0.0,0.03684210526315797
2026-09-30T01:12:44.190 0.0,0.0,0.0,0.0,0.0,0.03684210526315797
2026-09-30T01:12:44.240 0.0,0.0,0.0,0.0,0.0,0.03684210526315797
2026-09-30T01:12:44.290 0.0,0.0,0.0,0.0,0.0,0.03684210526315797
2026-09-30T01:12:44.340 0.0,0.0,0.0,0.0,0.0,0.03684210526315797
2026-09-30T01:12:44.390 0.0,0.0,0.0,0.0,0.0,0.03684210526315797
2026-09-30T01:12:44.440 0.0,0.0,0.0,0.0,0.0,0.03684210526315797
2026-09-30T01:12:44.490 0.0,0.0,0.0,0.0,0.0,0.03684210526315797
2026-09-30T01:12:44.540 0.0,0.0,0.0,0.0,0.0,0.03684210526315797
2026-09-30T01:12:44.590 0.0,0.0,0.0,0.0,0.0,0.03684210526315797
2026-09-30T01:12:44.640 0.0,0.0,0.0,0.0,0.0,0.03684210526315797
2026-09-30T01:12:44.700 0.0,0.0,0.0,0.0,0.0,0.03684210526315797
2026-09-30T01:12:44.740 0.0,0.0,0.0,0.0,0.0,0.03684210526315797
2026-09-30T01:12:44.790 0.0,0.0,0.0,0.0,0.0,0.03684210526315797
2026-09-30T01:12:44.840 0.0,0.0,0.0,0.0,0.0,0.03684210526315797
2026-09-30T01:12:44.890 0.0,0.0,0.0,0.0,0.0,0.03684210526315797
2026-09-30T01:12:44.940 0.0,0.0,0.0,0.0,0.0,0.03684210526315797
2026-09-30T01:12:44.990 0.0,0.0,0.0,0.0,0.0,0.03684210526315797
2026-09-30T01:12:45.040 0.0,0.0,0.0,0.0,0.0,0.03684210526315797
2026-09-30T01:12:45.090 0.0,0.0,0.0,0.0,0.0,0.03684210526315797
2026-09-30T01:12:45.140 0.0,0.0,0.0,0.0,0.0,0.03684210526315797
2026-09-30T01:12:45.200 0.0,0.0,0.0,0.0,0.0,0.03684210526315797
2026-09-30T01:12:45.240 0.0,0.0,0.0,0.0,0.0,0.03684210526315797
2026-09-30T01:12:45.290 0.0,0.0,0.0,0.0,0.0,0.03684210526315797
2026-09-30T01:12:45.340 0.0,0.0,0.0,0.0,0.0,0.03684210526315797
2026-09-30T01:12:45.390 0.0,0.0,0.0,0.0,0.0,0.03684210526315797
2026-09-30T01:12:45.440 0.0,0.0,0.0,0.0,0.0,0.03684210526315797
2026-09-30T01:12:45.490 0.0,0.0,0.0,0.0,0.0,0.03684210526315797
2026-09-30T01:12:45.540 0.0,0.0,0.0,0.0,0.0,0.03684210526315797
2026-09-30T01:12:45.590 0.0,0.0,0.0,0.0,0.0,0.03684210526315797
2026-09-30T01:12:45.640 0.0,0.0,0.0,0.0,0.0,0.03684210526315797
2026-09-30T01:12:45.692 0.0,0.0,0.0,0.0,0.0,0.03684210526315797
2026-09-30T01:12:45.740 0.0,0.0,0.0,0.0,0.0,0.03684210526315797
2026-09-30T01:12:45.790 0.0,0.0,0.0,0.0,0.0,0.03684210526315797
2026-09-30T01:12:45.840 0.0,0.0,0.0,0.0,0.0,0.03684210526315797
2026-09-30T01:12:45.890 0.0,0.0,0.0,0.0,0.0,0.03684210526315797
2026-09-30T01:12:45.940 0.0,0.0,0.0,0.0,0.0,0.03684210526315797
2026-09-30T01:12:45.990 0.0,0.0,0.0,0.0,0.0,0.03684210526315797
2026-09-30T01:12:46.040 0.0,0.0,0.0,0.0,0.0,0.03684210526315797
2026-09-30T01:12:46.090 0.0,0.0,0.0,0.0,0.0,0.03684210526315797
2026-09-30T01:12:46.140 0.0,0.0,0.0,0.0,0.0,0.03684210526315797
2026-09-30T01:12:46.190 0.0,0.0,0.0,0.0,0.0,0.03684210526315797
2026-09-30T01:12:46.240 0.0,0.0,0.0,0.0,0.0,0.03684210526315797
2026-09-30T01:12:46.290 0.0,0.0,0.0,0.0,0.0,0.03684210526315797
2026-09-30T01:12:46.340 0.0,0.0,0.0,0.0,0.0,0.03684210526315797
2026-09-30T01:12:46.390 0.0,0.0,0.0,0.0,0.0,0.03684210526315797
2026-09-30T01:12:46.440 0.0,0.0,0.0,0.0,0.0,0.03684210526315797
2026-09-30T01:12:46.490 0.0,0.0,0.0,0.0,0.0,0.03684210526315797
2026-09-30T01:12:46.540 0.0,0.0,0.0,0.0,0.0,0.03684210526315797
2026-09-30T01:12:46.590 0.0,0.0,0.0,0.0,0.0,0.03684210526315797
2026-09-30T01:12:46.640 0.0,0.0,0.0,0.0,0.0,0.03684210526315797
2026-09-30T01:12:46.690 0.0,0.0,0.0,0.0,0.0,0.03684210526315797
2026-09-30T01:12:46.740 0.0,0.0,0.0,0.0,0.0,0.03684210526315797
2026-09-30T01:12:46.790 0.0,0.0,0.0,0.0,0.0,0.03684210526315797
2026-09-30T01:12:46.840 0.0,0.0,0.0,0.0,0.0,0.03684210526315797
2026-09-30T01:12:46.890 0.0,0.0,0.0,0.0,0.0,0.03684210526315797
2026-09-30T01:12:46.940 0.0,0.0,0.0,0.0,0.0,0.03684210526315797
2026-09-30T01:12:46.990 0.0,0.0,0.0,0.0,0.0,0.03684210526315797
2026-09-30T01:12:47.040 0.0,0.0,0.0,0.0,0.0,0.03684210526315797
2026-09-30T01:12:47.090 0.0,0.0,0.0,0.0,0.0,0.03684210526315797
2026-09-30T01:12:47.140 0.0,0.0,0.0,0.0,0.0,0.03684210526315797
2026-09-30T01:12:47.190 0.0,0.0,0.0,0.0,0.0,0.03684210526315797
2026-09-30T01:12:47.240 0.0,0.0,0.0,0.0,0.0,0.03684210526315797
2026-09-30T01:12:47.289 0.0,0.0,0.0,0.0,0.0,0.03684210526315797
2026-09-30T01:12:47.340 0.0,0.0,0.0,0.0,0.0,0.03684210526315797
2026-09-30T01:12:47.390 0.0,0.0,0.0,0.0,0.0,0.03684210526315797
2026-09-30T01:12:47.450 0.0,0.0,0.0,0.0,0.0,0.03684210526315797
2026-09-30T01:12:47.492 0.0,0.0,0.0,0.0,0.0,0.03684210526315797
2026-09-30T01:12:47.540 0.0,0.0,0.0,0.0,0.0,0.03684210526315797
2026-09-30T01:12:47.590 0.0,0.0,0.0,0.0,0.0,0.03684210526315797
2026-09-30T01:12:47.639 0.0,0.0,0.0,0.0,0.0,0.03684210526315797
2026-09-30T01:12:47.690 0.0,0.0,0.0,0.0,0.0,0.03684210526315797
2026-09-30T01:12:47.739 0.0,0.0,0.0,0.0,0.0,0.03684210526315797
2026-09-30T01:12:47.790 0.0,0.0,0.0,0.0,0.0,0.03684210526315797
2026-09-30T01:12:47.840 0.0,0.0,0.0,0.0,0.0,0.03684210526315797
2026-09-30T01:12:47.890 0.0,0.0,0.0,0.0,0.0,0.03684210526315797
2026-09-30T01:12:47.940 0.0,0.0,0.0,0.0,0.0,0.03684210526315797
2026-09-30T01:12:47.990 0.0,0.0,0.0,0.0,0.0,0.03684210526315797
2026-09-30T01:12:48.040 0.0,0.0,0.0,0.0,0.0,0.03684210526315797
2026-09-30T01:12:48.090 0.0,0.0,0.0,0.0,0.0,0.03684210526315797
2026-09-30T01:12:48.140 0.0,0.0,0.0,0.0,0.0,0.03684210526315797
2026-09-30T01:12:48.190 0.0,0.0,0.0,0.0,0.0,0.03684210526315797
2026-09-30T01:12:48.240 0.0,0.0,0.0,0.0,0.0,0.03684210526315797
2026-09-30T01:12:48.289 0.0,0.0,0.0,0.0,0.0,0.03684210526315797
2026-09-30T01:12:48.340 0.0,0.0,0.0,0.0,0.0,0.03684210526315797
2026-09-30T01:12:48.391 0.0,0.0,0.0,0.0,0.0,0.03684210526315797
2026-09-30T01:12:48.440 0.0,0.0,0.0,0.0,0.0,0.03684210526315797
2026-09-30T01:12:48.490 0.0,0.0,0.0,0.0,0.0,0.03684210526315797
2026-09-30T01:12:48.540 0.0,0.0,0.0,0.0,0.0,0.03684210526315797
2026-09-30T01:12:48.590 0.0,0.0,0.0,0.0,0.0,0.03684210526315797
2026-09-30T01:12:48.640 0.0,0.0,0.0,0.0,0.0,0.03684210526315797
2026-09-30T01:12:48.690 0.0,0.0,0.0,0.0,0.0,0.03684210526315797
2026-09-30T01:12:48.740 0.0,0.0,0.0,0.0,0.0,0.03684210526315797
2026-09-30T01:12:48.790 0.0,0.0,0.0,0.0,0.0,0.03684210526315797
2026-09-30T01:12:48.840 0.0,0.0,0.0,0.0,0.0,0.03684210526315797
2026-09-30T01:12:48.890 0.0,0.0,0.0,0.0,0.0,0.03684210526315797
2026-09-30T01:12:48.940 0.0,0.0,0.0,0.0,0.0,0.03684210526315797
2026-09-30T01:12:49.000 0.0,0.0,0.0,0.0,0.0,0.03684210526315797
2026-09-30T01:12:49.040 0.0,0.0,0.0,0.0,0.0,0.03684210526315797
2026-09-30T01:12:49.091 0.0,0.0,0.0,0.0,0.0,0.03684210526315797
2026-09-30T01:12:49.142 0.0,0.0,0.0,0.0,0.0,0.03684210526315797
2026-09-30T01:12:49.189 0.0,0.0,0.0,0.0,0.0,0.03684210526315797
2026-09-30T01:12:49.240 0.0,0.0,0.0,0.0,0.0,0.03684210526315797
2026-09-30T01:12:49.291 0.0,0.0,0.0,0.0,0.0,0.03684210526315797
2026-09-30T01:12:49.341 0.0,0.0,0.0,0.0,0.0,0.03684210526315797
2026-09-30T01:12:49.390 0.0,0.0,0.0,0.0,0.0,0.03684210526315797
2026-09-30T01:12:49.440 0.0,0.0,0.0,0.0,0.0,0.03684210526315797
2026-09-30T01:12:49.491 0.0,0.0,0.0,0.0,0.0,0.03684210526315797
2026-09-30T01:12:49.541 0.0,0.0,0.0,0.0,0.0,0.03684210526315797
2026-09-30T01:12:49.591 0.0,0.0,0.0,0.0,0.0,0.03684210526315797
2026-09-30T01:12:49.641 0.0,0.0,0.0,0.0,0.0,0.03684210526315797
2026-09-30T01:12:49.690 0.0,0.0,0.0,0.0,0.0,0.03684210526315797
2026-09-30T01:12:49.740 0.0,0.0,0.0,0.0,0.0,0.03684210526315797
2026-09-30T01:12:49.791 0.0,0.0,0.0,0.0,0.0,0.03684210526315797
2026-09-30T01:12:49.840 0.0,0.0,0.0,0.0,0.0,0.0
2026-09-30T01:12:49.890 0.0,0.0,0.0,0.0,0.0,0.0
2026-09-30T01:12:49.940 0.0,0.0,0.0,0.0,0.0,0.0
2026-09-30T01:12:49.990 0.0,0.0,0.0,0.0,0.0,0.0
2026-09-30T01:12:50.040 0.0,0.0,0.0,0.0,0.0,0.0
2026-09-30T01:12:50.090 0.0,0.0,0.0,0.0,0.0,0.0
2026-09-30T01:12:50.140 0.0,0.0,0.0,0.0,0.0,0.0
2026-09-30T01:12:50.190 0.0,0.0,0.0,0.0,0.0,0.0
2026-09-30T01:12:50.240 0.0,0.0,0.0,0.0,0.0,0.0
2026-09-30T01:12:50.290 0.0,0.0,0.0,0.0,0.0,0.0
2026-09-30T01:12:50.340 0.0,0.0,0.0,0.0,0.0,0.0
2026-09-30T01:12:50.390 0.0,0.0,0.0,0.0,0.0,0.0
2026-09-30T01:12:50.440 0.0,0.0,0.0,0.0,0.0,0.0
2026-09-30T01:12:50.490 0.0,0.0,0.0,0.0,0.0,0.0
2026-09-30T01:12:50.540 0.0,0.0,0.0,0.0,0.0,0.0
2026-09-30T01:12:50.590 0.0,0.0,0.0,0.0,0.0,0.0
2026-09-30T01:12:50.640 0.0,0.0,0.0,0.0,0.0,0.0
2026-09-30T01:12:50.690 0.0,0.0,0.0,0.0,0.0,0.0
2026-09-30T01:12:50.740 0.0,0.0,0.0,0.0,0.0,0.0
2026-09-30T01:12:50.790 0.0,0.0,0.0,0.0,0.0,0.0
2026-09-30T01:12:50.840 0.0,0.0,0.0,0.0,0.0,0.0
2026-09-30T01:12:50.890 0.0,0.0,0.0,0.0,0.0,0.0
2026-09-30T01:12:50.950 0.0,0.0,0.0,0.0,0.0,0.0
2026-09-30T01:12:50.990 0.0,0.0,0.0,0.0,0.0,0.0
2026-09-30T01:12:51.040 0.0,0.0,0.0,0.0,0.0,0.0
2026-09-30T01:12:51.090 0.0,0.0,0.0,0.0,0.0,0.0
2026-09-30T01:12:51.142 0.0,0.0,0.0,0.0,0.0,0.0
2026-09-30T01:12:51.190 0.0,0.0,0.0,0.0,0.0,0.0
2026-09-30T01:12:51.240 0.0,0.0,0.0,0.0,0.0,0.0
2026-09-30T01:12:51.290 0.0,0.0,0.0,0.0,0.0,0.0
2026-09-30T01:12:51.340 0.0,0.0,0.0,0.0,0.0,0.0
2026-09-30T01:12:51.390 0.0,0.0,0.0,0.0,0.0,0.0
2026-09-30T01:12:51.440 0.0,0.0,0.0,0.0,0.0,0.0
2026-09-30T01:12:51.490 0.0,0.0,0.0,0.0,0.0,0.0
2026-09-30T01:12:51.540 0.0,0.0,0.0,0.0,0.0,0.0
2026-09-30T01:12:51.590 0.0,0.0,0.0,0.0,0.0,0.0
2026-09-30T01:12:51.640 0.0,0.0,0.0,0.0,0.0,0.0
2026-09-30T01:12:51.690 0.0,0.0,0.0,0.0,0.0,0.0
2026-09-30T01:12:51.740 0.0,0.0,0.0,0.0,0.0,0.0
2026-09-30T01:12:51.800 0.0,0.0,0.0,0.0,0.0,0.0
2026-09-30T01:12:51.840 0.0,0.0,0.0,0.0,0.0,0.0
2026-09-30T01:12:51.890 0.0,0.0,0.0,0.0,0.0,0.0
2026-09-30T01:12:51.940 0.0,0.0,0.0,0.0,0.0,0.0
2026-09-30T01:12:51.990 0.0,0.0,0.0,0.0,0.0,0.0
2026-09-30T01:12:52.040 0.0,0.0,0.0,0.0,0.0,0.0
2026-09-30T01:12:52.090 0.0,0.0,0.0,0.0,0.0,0.0
2026-09-30T01:12:52.140 0.0,0.0,0.0,0.0,0.0,0.0
2026-09-30T01:12:52.190 0.0,0.0,0.0,0.0,0.0,0.0
2026-09-30T01:12:52.240 0.0,0.0,0.0,0.0,0.0,0.0
2026-09-30T01:12:52.290 0.0,0.0,0.0,0.0,0.0,0.0
2026-09-30T01:12:52.340 0.0,0.0,0.0,0.0,0.0,0.0
2026-09-30T01:12:52.390 0.0,0.0,0.0,0.0,0.0,0.0
2026-09-30T01:12:52.440 0.0,0.0,0.0,0.0,0.0,0.0
2026-09-30T01:12:52.490 0.0,0.0,0.0,0.0,0.0,0.0
2026-09-30T01:12:52.540 0.0,0.0,0.0,0.0,0.0,0.0
