2026-09-30T01:12:35.680 0.008954990811729088,-6.621160961109971e-07,-1.4054498620672237e-05,-3.26648273324629e-07,6.332718929449208e-08,-3.499312026420368e-06,0.999999999993822
2026-09-30T01:12:35.748 0.008971680115714862,-7.215106183747199e-07,-1.4065985020862211e-05,-3.971686648595615e-07,8.917320461172219e-08,1.557351497286807e-06,0.9999999999987045
2026-09-30T01:12:35.821 0.00899266099137789,-4.2322323574779323e-07,-1.4054454565056118e-05,-3.3164461388101705e-07,1.0639935739322e-07,-2.449538474896616e-06,0.9999999999969392
2026-09-30T01:12:35.870 0.009011257529063774,-8.998262713875433e-07,-1.4143462330128701e-05,-3.081405553306303e-07,6.938096090991344e-08,-2.4700759830732905e-06,0.9999999999968995
2026-09-30T01:12:35.941 0.009027946760117273,-7.804068675410956e-07,-1.4199652187270896e-05,-3.5939840808671664e-07,1.9906413341080782e-07,1.6376925650697028e-06,0.9999999999985746
2026-09-30T01:12:35.995 0.009046543314609471,-7.205680975109128e-07,-1.4273758897518563e-05,-4.266602001799309e-07,1.4691132775426694e-07,-2.4631114019534228e-06,0.9999999999968647
2026-09-30T01:12:36.062 0.009064186290218644,-6.607413233891329e-07,-1.4286753177350313e-05,-4.057419978665166e-07,1.445829034021271e-07,-3.687651860507526e-06,0.9999999999931078
2026-09-30T01:12:36.119 0.009081829267328706,-7.201238388086843e-07,-1.4299747437683567e-05,-3.916533261271796e-07,1.571292448495385e-07,2.0861109333326404e-07,0.9999999999998892
2026-09-30T01:12:36.202 0.0091018564440558,-2.430345314478742e-07,-1.4301610293550103e-05,-3.01208569279392e-07,5.459916477728277e-08,-1.0508201428258169e-06,0.999999999999401
2026-09-30T01:12:36.246 0.009119976277536098,-4.387816858069511e-09,-1.4300457390133081e-05,-2.417809977025972e-07,1.0488826780931406e-07,-3.0429463405923556e-06,0.9999999999953355
2026-09-30T01:12:36.312 0.009136665629392946,-1.2338697842457372e-07,-1.4282141495437488e-05,-2.432627238669282e-07,-3.457782646418203e-08,-1.2021008869149658e-05,0.9999999999277175
2026-09-30T01:12:36.363 0.009153831726572454,-4.807987265874233e-07,-1.4324184062089174e-05,-9.739001568176168e-08,-1.583360472210792e-08,-6.270258397425327e-06,0.9999999999803371
2026-09-30T01:12:36.418 0.009171951350261252,-4.2096597091509483e-07,-1.4457141412537835e-05,-3.2140839005956336e-07,8.044047265954221e-08,-5.109460675186218e-06,0.9999999999868918
2026-09-30T01:12:36.479 0.009192455371805377,-5.995217526095208e-07,-1.4459758091234268e-05,-2.1151976010600605e-07,2.2349778677041723e-08,1.331071328133279e-06,0.9999999999990915
2026-09-30T01:12:36.543 0.009210575108042638,-1.224564698728223e-07,-1.4518209797086878e-05,-3.541330748299168e-07,7.508455294192859e-08,-1.263188593021456e-05,0.9999999999201522
2026-09-30T01:12:36.593 0.009228218231017252,-5.394668375127146e-07,-1.4441797143515685e-05,-2.0382363414667962e-07,-6.624215680459258e-08,-8.678121315355254e-06,0.9999999999623221
2026-09-30T01:12:36.654 0.009248245229017604,-8.372379340420949e-07,-1.456286901318725e-05,-3.264178573651914e-07,1.0477065106890483e-07,-2.9022746556599164e-06,0.9999999999957296
2026-09-30T01:12:36.709 0.009266365035935812,-3.601726431035698e-07,-1.4576617291335385e-05,-1.985777807494677e-07,1.2327884729477742e-07,1.828170549194613e-06,0.9999999999983016
2026-09-30T01:12:36.757 0.009285438493918878,-2.304637596146682e-09,-1.4606774552696458e-05,-3.872349024689816e-07,1.4574777501003093e-07,-3.247257204171355e-06,0.9999999999946421
2026-09-30T01:12:36.807 0.009305465732775485,-7.173082201807648e-07,-1.4578834928441694e-05,-2.5170043098653777e-07,1.0162599519757158e-07,-2.3467872069968698e-06,0.9999999999972095
2026-09-30T01:12:36.857 0.009323108544963344,-7.766907547379113e-07,-1.4696137186752057e-05,-2.840529410438996e-07,8.668234665688455e-08,-4.5534763271325066e-07,0.9999999999998522
2026-09-30T01:12:36.908 0.009342182068374245,-1.5902276340023372e-09,-1.46815910886534e-05,-2.1236135335502763e-07,6.099923796528005e-08,-2.659727548066958e-06,0.9999999999964385
2026-09-30T01:12:36.960 0.009359824979306026,-4.18600619879374e-07,-1.4739288718195635e-05,-3.650286155595687e-07,-5.3321493305368745e-08,-1.2903976354789286e-05,0.9999999999166757
2026-09-30T01:12:37.021 0.00937508379266302,-1.2038528105141804e-07,-1.4733612244098026e-05,-3.7142696874216185e-07,1.152227511497602e-08,-5.96229135042056e-06,0.9999999999821565
2026-09-30T01:12:37.062 0.009396541463020672,-2.393244138649492e-07,-1.4752637935255148e-05,-2.627473029295694e-07,1.1676224883825152e-07,-5.408950934737108e-06,0.9999999999853303
2026-09-30T01:12:37.114 0.009415614907949642,-7.15921437880787e-07,-1.4797696202694892e-05,-3.7176010976301476e-07,8.14796634853739e-08,1.239547188984321e-06,0.9999999999991593
2026-09-30T01:12:37.156 0.009433257807624761,-2.388621585661742e-07,-1.4855393978475863e-05,-4.012109868091871e-07,8.416183128165393e-08,-1.5248886513186917e-06,0.9999999999987533
2026-09-30T01:12:37.208 0.009452808136236505,-7.15453173692042e-07,-1.487140389085093e-05,-4.2627001793909455e-07,1.1850560211452419e-07,-3.15870953290945e-06,0.9999999999949134
2026-09-30T01:12:37.255 0.009470928063207616,-4.172018033958033e-07,-1.4810646426910524e-05,-2.788830153718033e-07,7.68330544734202e-08,-1.527954353090341e-07,0.9999999999999465
2026-09-30T01:12:37.307 0.009489524498397356,-2.381537574939999e-07,-1.4959258869497482e-05,-3.264459553398005e-07,7.904006833727689e-08,-1.1956201452167807e-06,0.9999999999992288
2026-09-30T01:12:37.345 0.009508121146380371,-1.1871033175738289e-07,-1.497376101922176e-05,-2.813179666395346e-07,5.3665507036664606e-08,-2.1185665715683785e-06,0.9999999999977148
2026-09-30T01:12:37.398 0.009525764029999616,-2.376975028833685e-07,-1.50463598400784e-05,-4.2802336046289975e-07,7.401690288232473e-07,4.132272717047117e-05,0.9999999991458506
2026-09-30T01:12:37.437 0.009544837393741425,1.2017049168828606e-07,-1.5136121671712111e-05,-2.7360526930072467e-07,-7.682926036722216e-08,8.000175082529367e-05,0.9999999967998195
2026-09-30T01:12:37.490 0.009564387761969356,2.3962592973695883e-07,-1.5122329396443351e-05,-3.850343846858093e-07,1.1234456277530944e-07,7.635300534631652e-05,0.9999999970850288
2026-09-30T01:12:37.540 0.00958346129813781,1.4474957395520071e-09,-1.5107783132607456e-05,-3.113331882495302e-07,2.1793312205269444e-07,6.947984285390394e-05,0.9999999975862035
2026-09-30T01:12:37.592 0.009602534738564114,-1.175216596522921e-07,-1.5152841458542696e-05,-4.484536181762622e-07,2.5809579054712716e-07,7.27506680284804e-05,0.9999999973535363
2026-09-30T01:12:37.638 0.009621131455727185,1.211310638274826e-07,-1.5122640200060999e-05,-3.823832398283599e-07,1.61820764500797e-07,7.265477597314792e-05,0.9999999973605556
2026-09-30T01:12:37.688 0.009641158544216575,1.213832020871991e-07,-1.5184107548206174e-05,-3.5618599290395847e-07,1.703190910142422e-07,7.074889142250911e-05,0.9999999974972192
2026-09-30T01:12:37.739 0.009657847851954568,-2.3603454402985195e-07,-1.51955938996499e-05,-3.5610875015369137e-07,1.3714086266501046e-07,7.230847720614485e-05,0.9999999973856692
2026-09-30T01:12:37.783 0.009677398119937689,3.602580412483773e-07,-1.5241406272647772e-05,-3.1843040394848987e-07,1.8044758469690666e-07,7.227032404280177e-05,0.9999999973884331
2026-09-30T01:12:37.819 0.009695517843120855,2.8582944618149026e-09,-1.5314758984579053e-05,-3.5821583668592005e-07,1.991901659937474e-07,7.201767337992693e-05,0.9999999974066434
2026-09-30T01:12:37.874 0.009715544977229986,1.2231972773074696e-07,-1.534642406708641e-05,-3.925237700030354e-07,2.0291528368162685e-07,7.250396928602893e-05,0.9999999973714896
2026-09-30T01:12:37.909 0.009735572208582151,3.362592852785049e-09,-1.5318484540324135e-05,-2.8817978841237863e-07,2.000054910784552e-07,7.166543464498188e-05,0.9999999974319712
2026-09-30T01:12:37.965 0.009751784582514965,-1.1564258853945775e-07,-1.5388821570965856e-05,-3.057631504517201e-07,1.9313689216904752e-07,7.180468193914555e-05,0.9999999974219784
2026-09-30T01:12:38.001 0.009771334831440435,1.2302212538083555e-07,-1.544953502803639e-05,-4.6152677479593825e-07,2.1187879350815156e-07,7.210466117561061e-05,0.99999999740033
2026-09-30T01:12:38.055 0.009791838921414171,1.2328028620023277e-07,-1.5407448308276095e-05,-2.333344031215693e-07,9.150688273993557e-08,7.268123218916807e-05,0.9999999973586878
2026-09-30T01:12:38.095 0.00980948177697044,3.6192098096429884e-07,-1.5494948330196388e-05,-3.874010107393207e-07,2.292251948159539e-07,7.28066457586732e-05,0.9999999973494949
2026-09-30T01:12:38.147 0.009829985752144376,1.2376054903132283e-07,-1.552736728427989e-05,-3.0514712852894197e-07,1.6368386886649212e-07,7.228052879456658e-05,0.9999999973877026
2026-09-30T01:12:38.182 0.009847628588642993,4.773372437452928e-09,-1.5629768390272846e-05,-3.8357175070612476e-07,1.918559187296252e-07,7.292713023155905e-05,0.9999999973407249
2026-09-30T01:12:38.237 0.009867179003991554,1.2422881595400996e-07,-1.558617382986777e-05,-4.1934557955213695e-07,1.8021413336181505e-07,7.243885713286864e-05,0.9999999973762018
2026-09-30T01:12:38.279 0.009887206139601572,1.2448095968161075e-07,-1.5617838892876626e-05,-3.702372489165897e-07,1.7986519162111053e-07,7.241480639903396e-05,0.9999999973779632
2026-09-30T01:12:38.330 0.009903418607775645,5.475789225136532e-09,-1.562857135324571e-05,-2.403898492770397e-07,2.188651199608417e-07,7.233498842190821e-05,0.9999999973837719
2026-09-30T01:12:38.371 0.009923445599022,2.44146495631747e-07,-1.574964331066052e-05,-4.3748659530715e-07,2.4121569459673416e-07,7.3364721147024e-05,0.999999997308684
2026-09-30T01:12:38.430 0.009943472808314738,5.980068478511635e-09,-1.5736604906967906e-05,-4.1306173685561505e-07,2.1211200254547315e-07,7.303355832211512e-05,0.9999999973329419
2026-09-30T01:12:38.465 0.009960162202789552,2.446087810038856e-07,-1.568848678563149e-05,-3.4974866266486023e-07,1.9220531519325316e-07,7.212340228379944e-05,0.9999999973990278
2026-09-30T01:12:38.518 0.00998066608522312,-1.1276095140619033e-07,-1.578051029048913e-05,-3.1849399021136655e-07,1.740448093007122e-07,7.307108702675342e-05,0.9999999973302423
2026-09-30T01:12:38.558 0.009998785965824047,1.2588576865149865e-07,-1.574955510193579e-05,-2.1578830760390704e-07,1.349299213970417e-07,7.309422883267403e-05,0.9999999973285845
2026-09-30T01:12:38.613 0.010018336195691866,6.9226112138559746e-09,-1.5825169643078988e-05,-4.324524508321298e-07,2.3818887076768173e-07,7.266375087947036e-05,0.9999999973598678
2026-09-30T01:12:38.651 0.010038363376921626,1.2638404995067232e-07,-1.5827032440450028e-05,-4.0778633367468007e-07,1.932527288895522e-07,7.263296904387827e-05,0.9999999973621241
2026-09-30T01:12:38.710 0.010055052585915698,1.2659416152184652e-07,-1.5898123420661887e-05,-4.801280822508261e-07,1.8871218079841857e-07,7.389575440737766e-05,0.9999999972695757
2026-09-30T01:12:38.746 0.010075079789204884,3.652648925339363e-07,-1.5885085094963263e-05,-3.707757052043904e-07,1.7858468682624552e-07,7.320544252746759e-05,0.9999999973203969
2026-09-30T01:12:38.802 0.010095106949876104,2.4630774945414796e-07,-1.5901848995905465e-05,-3.9728930683244837e-07,1.7555770224688373e-07,7.294699255946588e-05,0.9999999973392738
2026-09-30T01:12:38.842 0.010113226650999844,-2.303012896076879e-07,-1.599010283090641e-05,-3.3928931065315245e-07,1.4389308509979413e-07,7.267514355964287e-05,0.9999999973590938
2026-09-30T01:12:38.895 0.010133253804166626,2.467880150191801e-07,-1.60068668293411e-05,-3.88275596055245e-07,1.8615156582062526e-07,7.316011253987017e-05,0.9999999973237063
2026-09-30T01:12:38.928 0.010149466223719181,2.469921286361529e-07,-1.6047401594345002e-05,-4.291801799034828e-07,1.8719904824935906e-07,7.325347885885944e-05,0.9999999973168543
2026-09-30T01:12:38.984 0.010168539709765228,2.472322682535243e-07,-1.6062657654642424e-05,-4.880407679420916e-07,2.317857610552858e-07,7.361848876013409e-05,0.9999999972900131
2026-09-30T01:12:39.018 0.010189043754119222,1.28281134063706e-07,-1.6050373200519947e-05,-2.631424291458722e-07,2.145576692370017e-07,7.300439571756043e-05,0.9999999973351215
2026-09-30T01:12:39.076 0.010206209918977898,9.287973185345402e-09,-1.604771237846415e-05,-2.5279174445372707e-07,1.498308210313092e-07,7.282525109022994e-05,0.9999999973481982
2026-09-30T01:12:39.124 0.010225760195966348,-1.0967517878441296e-07,-1.6093524634471032e-05,-3.626594016754698e-07,1.3818860646038413e-07,7.285781873868828e-05,0.9999999973457938
2026-09-30T01:12:39.170 0.010245787254891869,3.6741411490668643e-07,-1.616989320317836e-05,-5.546490111819506e-07,1.5576784711615503e-07,9.417656144647766e-05,0.9999999955652217
2026-09-30T01:12:39.205 0.010262476536067771,2.484149451383559e-07,-1.6196280736187242e-05,-2.9995625273094026e-07,3.6613206954880085e-07,9.685688176234323e-05,0.9999999953092602
2026-09-30T01:12:39.260 0.010282980553859676,3.678823872972579e-07,-1.619889746362992e-05,-2.844299098828694e-07,6.250399856895542e-07,9.978334934739548e-05,0.9999999950214058
2026-09-30T01:12:39.295 0.010302053941161798,7.257503846028547e-07,-1.6273758152695475e-05,-2.2766704686537346e-07,1.5030143175076637e-07,0.0001313729323337096,0.9999999913705391
2026-09-30T01:12:39.350 0.010319696919022302,6.067632244126376e-07,-1.6286752403279478e-05,-2.857945274492084e-07,6.403759374542605e-08,0.00013439253135516996,0.9999999909692808
2026-09-30T01:12:39.390 0.010340677704196293,6.070273722504677e-07,-1.6334826468999774e-05,-3.4727780223250566e-07,2.7602995522268074e-07,0.0001409099180277772,0.999999990072099
2026-09-30T01:12:39.442 0.010357843820433452,6.072434954455542e-07,-1.6361967951578795e-05,-1.9408894848732858e-07,2.2550688006139766e-07,0.00014323245796139556,0.9999999897421872
2026-09-30T01:12:39.475 0.010377870930982268,7.26704925980544e-07,-1.6408534176654312e-05,-2.4037778481642133e-07,2.911643781403515e-07,0.00013800975293483433,0.9999999904765827
2026-09-30T01:12:39.531 0.010397421230030143,7.26951066286059e-07,-1.6439445309591532e-05,-3.7229599861114354e-07,2.7277018417946257e-07,0.00014107015498870604,0.9999999900494991
2026-09-30T01:12:39.566 0.010416017833894304,6.079759074721291e-07,-1.648374970545513e-05,-3.0195734052768165e-07,2.3330589859163148e-07,0.00014167735125094824,0.9999999899636912
2026-09-30T01:12:39.619 0.010435091411179834,8.466346371079317e-07,-1.643940123447691e-05,-1.9817648250348664e-07,2.5670589470787285e-07,0.00014013456114965667,0.9999999901810998
2026-09-30T01:12:39.652 0.010453211156422426,6.084441825966427e-07,-1.6497852823338534e-05,-3.235862142277673e-07,2.6334088298253063e-07,0.00014142265165311912,0.9999999899997297
2026-09-30T01:12:39.706 0.010474668867897155,9.66342213416321e-07,-1.6487076307353326e-05,-1.799886496941957e-07,2.653208158430175e-07,0.00014105428688263703,0.9999999900517926
2026-09-30T01:12:39.743 0.01049231170589666,7.281457472811199e-07,-1.6589477393847787e-05,-2.8589568622942693e-07,2.0280512466654015e-07,0.0001407807660440701,0.9999999900903265
2026-09-30T01:12:39.806 0.01051186202850485,7.283918903205771e-07,-1.660548738421685e-05,-2.6056316813149483e-07,2.5682203920117417e-07,0.0001416214385340419,0.9999999899716171
2026-09-30T01:12:39.842 0.010529981819367182,6.094107308185036e-07,-1.6634136707440653e-05,-2.692868526903764e-07,2.3633286066294537e-07,0.00014118337482869707,0.9999999900335631
2026-09-30T01:12:39.895 0.010549532090352079,9.672847370140703e-07,-1.667994904144152e-05,-2.1745392961761417e-07,2.9128116603165843e-07,0.00014079343011460613,0.9999999900885389
2026-09-30T01:12:39.933 0.010569559178841469,9.675368752737866e-07,-1.6741416389586698e-05,-2.467636721921178e-07,2.4902230995835457e-07,0.00014169811684848954,0.9999999899607603
2026-09-30T01:12:39.983 0.010587202228883803,7.29340433744065e-07,-1.670970719296773e-05,-2.821934460295114e-07,2.514667802049367e-07,0.00014135454525240988,0.9999999900093748
2026-09-30T01:12:40.018 0.010605322038803789,9.679871455999273e-07,-1.6723455432118866e-05,-1.3910244087648908e-07,2.7230602931315716e-07,0.0001415287348501615,0.9999999899847618
2026-09-30T01:12:40.073 0.010624872364413755,7.298147095567222e-07,-1.673946538349093e-05,-2.0308852272643868e-07,2.649715138460326e-07,0.00014216880657487685,0.9999999898939594
2026-09-30T01:12:40.110 0.010644899402780739,9.68485421431217e-07,-1.683073505576942e-05,-1.4836895533320166e-07,2.4669461288029524e-07,0.00014158028415774278,0.9999999899774701
2026-09-30T01:12:40.162 0.010663496100886159,8.495102735530556e-07,-1.6815434881360385e-05,-2.508977159639805e-07,2.348195783844207e-07,0.0001411772200094442,0.9999999900344372
2026-09-30T01:12:40.198 0.01068209261200995,6.11325814262026e-07,-1.6919343827998125e-05,-2.0380634443813152e-07,2.991976257032148e-07,0.000142448729152505,0.9999999898541142
2026-09-30T01:12:40.252 0.010701642933117251,7.307812468428143e-07,-1.6935353837865684e-05,-2.5515171404231446e-07,2.727709728935544e-07,0.00014169733743226663,0.9999999899608625
2026-09-30T01:12:40.291 0.010719285909476867,7.310033761939287e-07,-1.6948348107948186e-05,-1.339805732326928e-07,2.676494477354423e-07,0.00014152686676503228,0.9999999899850281
2026-09-30T01:12:40.343 0.010738359373463489,6.120342235360267e-07,-1.6978505291315265e-05,-1.5590287849146066e-07,2.267876174706623e-07,0.00014235212454805112,0.9999999898678984
2026-09-30T01:12:40.380 0.010756479112702529,8.506809271900628e-07,-1.703695695817088e-05,-1.7049787509120403e-07,2.842966333640582e-07,0.000141872999946258,0.999999989935971
2026-09-30T01:12:40.433 0.01077745989787652,8.509450750278928e-07,-1.7085031023891176e-05,-1.9048884622102494e-07,2.570553575987196e-07,0.00014220040368220454,0.9999999898894714
2026-09-30T01:12:40.479 0.010796056523800108,8.511792084892363e-07,-1.7114434296685114e-05,-1.5877989249307884e-07,3.0420379756119776e-07,0.0001428584747027882,0.9999999897956692
2026-09-30T01:12:40.522 0.010815130108590077,4.937914904183826e-07,-1.7070085728214408e-05,-1.7655263353023423e-07,1.9139724927008456e-07,0.00014243301968992625,0.9999999898563835
2026-09-30T01:12:40.559 0.010833726707951574,7.324442002284467e-07,-1.7114390182573502e-05,-2.4093337594662315e-07,2.427359947202307e-07,0.00014259136724190604,0.9999999898337925
2026-09-30T01:12:40.612 0.010852323285253644,8.518876177632372e-07,-1.7173595760002257e-05,-1.9823100020718733e-07,3.1188694843397915e-07,0.00014273088623987157,0.9999999898138787
2026-09-30T01:12:40.650 0.010871873657984239,6.137151871879161e-07,-1.7159803426238003e-05,-2.1697601400350647e-07,2.7742789449923757e-07,0.0001425709166089859,0.9999999898367048
2026-09-30T01:12:40.705 0.01089094714102851,8.523739058879502e-07,-1.717505952553242e-05,-2.0143617338515496e-07,2.663685823879664e-07,0.00014308074512675532,0.9999999897638944
2026-09-30T01:12:40.739 0.010908589999586554,8.525960215693536e-07,-1.7262559508455715e-05,-2.035721154780007e-07,3.0513487788837826e-07,0.0001433352606359276,0.9999999897274342
2026-09-30T01:12:40.791 0.010928140253014688,7.336328668656531e-07,-1.7323272907030758e-05,-2.0323624017380918e-07,2.8371438210339054e-07,0.00014228190456016163,0.9999999898778689
2026-09-30T01:12:40.827 0.010946260179235357,1.0914888819325577e-06,-1.7262515452839596e-05,-2.090750340464255e-07,2.724221109211079e-07,0.00014284448705680398,0.9999999897976672
2026-09-30T01:12:40.881 0.010964856756537428,1.2109322994673484e-06,-1.7321721030268354e-05,-1.2641994943538527e-07,2.671839676970749e-07,0.0001431375264254643,0.9999999897557805
2026-09-30T01:12:40.915 0.010984407082147393,9.727598634241429e-07,-1.7337730981640415e-05,-1.589675905218377e-07,2.7835963414465455e-07,0.00014320230798726274,0.9999999897464981
2026-09-30T01:12:40.970 0.011003957356134067,1.0922152905370471e-06,-1.7383543276644293e-05,-1.582794311196704e-07,2.7544930478786077e-07,0.00014377707980075364,0.9999999896640251
2026-09-30T01:12:41.004 0.011023030796560373,9.732461351452029e-07,-1.7428601602579534e-05,-3.3392884323624925e-07,3.2527390221944344e-07,0.0001433771562990122,0.9999999897213868
2026-09-30T01:12:41.055 0.01104115058442093,1.092683554725792e-06,-1.7457250964800332e-05,-2.3792432927257765e-07,2.5949985951821347e-07,0.00014316249830800216,0.9999999897521875
2026-09-30T01:12:41.092 0.01106117774659304,8.545171221046725e-07,-1.7474014846244035e-05,-3.224478336302892e-07,2.7789294110085715e-07,0.00014316035339784786,0.999999989752466
2026-09-30T01:12:41.156 0.011081204927822799,9.739785608414888e-07,-1.7475877643615075e-05,-1.8110093211492153e-07,2.668344778900413e-07,0.00014435809762371218,0.9999999895803178
2026-09-30T01:12:41.189 0.011099324649505075,7.357881035962577e-07,-1.7549230375044857e-05,-3.5821589413792536e-07,2.998952364778885e-07,0.00014357222999757422,0.9999999896933982
2026-09-30T01:12:41.242 0.01111792129748809,8.552315293328746e-07,-1.7563732524769132e-05,-1.6247799061229486e-07,2.640405548404934e-07,0.00014346977494152392,0.9999999897081637
2026-09-30T01:12:41.276 0.011136517780548902,9.746749359318965e-07,-1.7682542672470526e-05,-2.7812558173985673e-07,3.0362107591869606e-07,0.00014415764794926988,0.9999999896092014
2026-09-30T01:12:41.330 0.011154637733331663,1.0941123746500809e-06,-1.760688403671421e-05,-1.7890380088406053e-07,2.5076914418626115e-07,0.0001438931903087555,0.9999999896473274
2026-09-30T01:12:41.369 0.011175141727563252,1.2135798140750407e-06,-1.762440190672505e-05,-1.1575088347749627e-07,2.679990090675013e-07,0.00014396878149180474,0.9999999896364523
2026-09-30T01:12:41.418 0.011193261543486788,9.753893677655781e-07,-1.7638150067882196e-05,-2.1594672385030514e-07,2.787085990772988e-07,0.00014416685373022683,0.9999999896078969
2026-09-30T01:12:41.455 0.011213765517159838,8.564382253739333e-07,-1.7670569041464192e-05,-1.2709791837531568e-07,2.88720889279127e-07,0.00014434717033417975,0.9999999895818974
2026-09-30T01:12:41.508 0.011231408327096364,9.758696251287836e-07,-1.778787132902231e-05,-1.4540750159033063e-07,2.6380784074943096e-07,0.00014356309820431995,0.999999989694773
2026-09-30T01:12:41.542 0.01125000504726121,9.761037695258962e-07,-1.775767003154361e-05,-1.2080782670792617e-07,2.8615981492372265e-07,0.00014464536216121662,0.9999999895388113
2026-09-30T01:12:41.594 0.01126860159950208,1.2147564738680758e-06,-1.7831776771039027e-05,-1.8331280099707865e-07,3.0629930195641485e-07,0.00014510551432072604,0.9999999894721311
2026-09-30T01:12:41.631 0.011288628738113874,9.76590038513014e-07,-1.7863441795050886e-05,-2.961300320594778e-07,2.4413272368040815e-07,0.0001437491898183965,0.9999999896680115
2026-09-30T01:12:41.688 0.011309132663165406,9.76848180194816e-07,-1.7925663073267702e-05,-1.9654673090826522e-07,3.2655543459895043e-07,0.00014457007316007403,0.9999999895496743
2026-09-30T01:12:41.727 0.011327729476070626,1.096291625069028e-06,-1.783585722501487e-05,-1.6638009677530645e-07,2.8615953581981124e-07,0.00014472444488241733,0.9999999895273627
2026-09-30T01:12:41.777 0.011345372336129556,9.773044512091003e-07,-1.7923357188439668e-05,-1.7289035037358767e-07,2.7475077385711126e-07,0.0001444381552609172,0.9999999895687569
2026-09-30T01:12:41.822 0.011365876261181088,9.775625928909025e-07,-1.7985578466656484e-05,-2.65263070174889e-07,2.92561760721132e-07,0.00014481494860100984,0.9999999895142373
2026-09-30T01:12:41.866 0.011385426744208815,1.3354366236919488e-06,-1.7897280517543928e-05,-1.0818496483269432e-07,2.597336574601206e-07,0.00014499521050062754,0.9999999894881548
2026-09-30T01:12:41.900 0.011404500066833549,1.216467454630394e-06,-1.801684455631996e-05,-2.425355054870745e-07,3.046690127266102e-07,0.0001438218792129102,0.9999999896575577
2026-09-30T01:12:41.958 0.011424050390942625,1.09750430812852e-06,-1.8032854527190524e-05,-3.3146814850400186e-07,2.193362452947012e-07,0.00014616256655988473,0.999999989318173
2026-09-30T01:12:41.993 0.011442647156727215,1.2169477475348476e-06,-1.7972850964074007e-05,-8.373936689404249e-08,1.9011749703109327e-07,0.00014526710714614027,0.9999999894487122
2026-09-30T01:12:42.047 0.011460766971149864,1.0979665907667163e-06,-1.7986599144729652e-05,-4.996197932075827e-08,2.1887221394376084e-07,0.00014441393124076893,0.999999989572283
2026-09-30T01:12:42.088 0.011479840435136484,9.789974381088142e-07,-1.801675632809673e-05,-8.300222811674329e-08,1.8546099100673319e-07,0.00014649197089500798,0.9999999892700305
2026-09-30T01:12:42.138 0.011498913685579383,9.79237550386764e-07,-1.8181023814075743e-05,-2.2737067810446031e-07,2.714908751431931e-07,0.00014532283844072386,0.9999999894405736
2026-09-30T01:12:42.175 0.01151798709794271,1.2178962608849718e-06,-1.8240983341074635e-05,-2.1489807264992911e-07,2.846458214547894e-07,0.00014461126874318838,0.9999999895437268
2026-09-30T01:12:42.230 0.011536583722365408,1.3373396838876466e-06,-1.8270386633367076e-05,-1.856745239758774e-07,2.749837176099313e-07,0.00014682016855122954,0.999999989221864
2026-09-30T01:12:42.265 0.011556134089092451,1.5760044114776508e-06,-1.8256594377596816e-05,-1.647055961508943e-07,2.1351653745266648e-07,0.00014623138205705443,0.999999989308155
2026-09-30T01:12:42.315 0.011573777164195992,1.2185986831405398e-06,-1.8209984018911186e-05,-2.2267462766339633e-07,2.350529280398478e-07,0.00014536200927475076,0.9999999894348907
2026-09-30T01:12:42.355 0.011592373720939525,1.0996235188587254e-06,-1.8284090699911103e-05,-2.0444049864859428e-07,2.638076948357761e-07,0.00014634616943070438,0.9999999892913436
2026-09-30T01:12:42.407 0.01161192411272777,1.2190789596413404e-06,-1.8255397282074186e-05,-1.1589284109668452e-07,2.213166605888868e-07,0.0001461304117819554,0.9999999893229201
2026-09-30T01:12:42.443 0.011630520693031618,1.1001037980934685e-06,-1.8314602820505943e-05,-7.738333925357175e-08,2.3633443489759683e-07,0.00014566297337855957,0.9999999893911181
2026-09-30T01:12:42.506 0.011647686853387627,1.3387385058391018e-06,-1.8311942056945644e-05,-3.274811034791384e-09,1.8022279206389535e-07,0.00014632167988004748,0.9999999892949667
2026-09-30T01:12:42.539 0.011667237105314874,1.3389846406767325e-06,-1.8372655475019182e-05,-2.60647725042419e-07,2.2073370212119678e-07,0.0001465077690711266,0.9999999892676784
2026-09-30T01:12:42.592 0.011687741101047349,1.3392427905603612e-06,-1.839017332553152e-05,-7.3328874000609e-08,2.263227812888514e-07,0.00014607618699398004,0.9999999893308454
2026-09-30T01:12:42.628 0.011706337728471829,1.2202676344803735e-06,-1.8419576578826964e-05,-2.3044825659496836e-07,2.853444150456582e-07,0.00014702876349233622,0.999999989191204
2026-09-30T01:12:42.679 0.01172541123807819,1.220507776831687e-06,-1.8419931496556224e-05,-2.0761740959769993e-07,2.2387724357907555e-07,0.00014643907172473905,0.9999999892777525
2026-09-30T01:12:42.717 0.011744007791819945,1.3399511916325356e-06,-1.849403821655314e-05,-9.517710218333822e-08,2.852287540442271e-07,0.0001458469239054793,0.9999999893642921
2026-09-30T01:12:42.769 0.01176355804374719,1.3401973264701661e-06,-1.8554751634626676e-05,-2.6475041766771424e-08,2.3982730209875854e-07,0.00014673817482518448,0.9999999892339249
2026-09-30T01:12:42.803 0.011782154646110463,1.3404314571975679e-06,-1.8599056049988777e-05,-2.275894573342429e-07,2.83365378917623e-07,0.00014711010590229872,0.9999999891792423
2026-09-30T01:12:42.860 0.011801704993779858,1.2214683134296357e-06,-1.8600164878291177e-05,-1.5684206015302738e-07,2.30396844421157e-07,0.00014675838780976795,0.9999999892309489
2026-09-30T01:12:42.895 0.01182125517502616,1.22171444006544e-06,-1.8705581724069192e-05,-1.9394583029618553e-07,2.4436648288720556e-07,0.00014724535300441235,0.9999999891593543
2026-09-30T01:12:42.944 0.011839375011508235,1.2219425755725823e-06,-1.8704428781655173e-05,-2.047078877849092e-07,3.28418217099712e-07,0.00014691008571203351,0.9999999892086384
2026-09-30T01:12:42.983 0.011857494870049735,1.3413800033549978e-06,-1.8688374716171498e-05,-2.0297586280215614e-07,2.5344679875710644e-07,0.00014701733151692778,0.9999999891928993
2026-09-30T01:12:43.036 0.011876568475398244,1.2224108671007487e-06,-1.8629125044129623e-05,-1.1359922976605592e-07,2.0629921971212277e-07,0.00014755387796556562,0.9999999891138988
2026-09-30T01:12:43.071 0.011894688145457227,1.3418482730116271e-06,-1.873228011919122e-05,-1.1028861609645864e-07,2.4588039265898535e-07,0.00014704121149543853,0.9999999891894047
2026-09-30T01:12:43.122 0.011913761656564477,1.2228791258216092e-06,-1.873263501742198e-05,-1.3861622769448023e-07,2.397102371087407e-07,0.00014743201140359318,0.9999999891318626
2026-09-30T01:12:43.167 0.011932835001248634,1.223119249035328e-06,-1.8837297933128356e-05,-1.052058290251121e-07,2.592682005276316e-07,0.00014728954991486039,0.999999989152855
2026-09-30T01:12:43.209 0.011951431583053371,9.849347979461246e-07,-1.8896503452061615e-05,-2.4562707135279814e-07,3.1957042939078184e-07,0.000147276419376776,0.9999999891547469
2026-09-30T01:12:43.245 0.011970505158838012,1.3428028171232586e-06,-1.8852155000581897e-05,7.9437103978693e-09,2.4029329442851384e-07,0.00014815919979433985,0.9999999890243968
2026-09-30T01:12:43.305 0.011989101759700397,1.462246237391991e-06,-1.8896459435442493e-05,-1.2826392951680198e-07,2.341223554149248e-07,0.0001472722518825398,0.9999999891554062
2026-09-30T01:12:43.344 0.012009128943931932,1.3432890970461452e-06,-1.8898322193816536e-05,-2.710446373049475e-07,2.1514578459127198e-07,0.00014749090549149546,0.9999999891231565
2026-09-30T01:12:43.395 0.012028202332734944,1.5819478048104102e-06,-1.897318286338359e-05,-1.1433321378379015e-07,2.2946592505531754e-07,0.00014839879284263746,0.9999999889888662
2026-09-30T01:12:43.434 0.012047275823283656,1.2245600758037881e-06,-1.8988438865185514e-05,-3.9260998302075306e-07,2.6427228650264513e-07,0.0001477645478232817,0.9999999890827072
2026-09-30T01:12:43.488 0.012066349257706407,1.582428078577269e-06,-1.903349726911475e-05,-9.978773381417335e-08,3.057179624118642e-07,0.0001476770930391528,0.9999999890956863
2026-09-30T01:12:43.528 0.01208446912375235,1.1058190586530283e-06,-1.9017443106138578e-05,-2.183947497147155e-07,2.2748621100073681e-07,0.00014841563849117074,0.9999999889863493
2026-09-30T01:12:43.581 0.012104972953061736,1.2252864789403931e-06,-1.9139268974126528e-05,-2.839553905978457e-07,3.022243914702054e-07,0.00014826661975145638,0.9999999890084187
2026-09-30T01:12:43.619 0.012125000230033642,1.225538639071647e-06,-1.9081527181726434e-05,-2.0439577691650657e-07,2.3493675982321097e-07,0.00014698293284175096,0.9999999891979602
2026-09-30T01:12:43.673 0.012143119947213255,1.3449760504504095e-06,-1.915487997165171e-05,-1.2311813148246036e-07,2.7207386863867547e-07,0.0001484904771426059,0.9999999889752444
2026-09-30T01:12:43.710 0.012161716643817787,1.3452101921135797e-06,-1.9139579816741173e-05,-2.997908462866188e-07,2.490225333011445e-07,0.00014854160513032606,0.9999999889676198
2026-09-30T01:12:43.764 0.01218079006068378,1.2262410339877932e-06,-1.919953928524457e-05,-2.424875543893442e-07,2.731208131101669e-07,0.00014799400127098422,0.999999989048821
2026-09-30T01:12:43.801 0.012201294056416257,1.226499183871422e-06,-1.921705713575691e-05,-2.1611512966743022e-07,2.9861600279387444e-07,0.00014896360347333305,0.9999999889048544
2026-09-30T01:12:43.867 0.01221989073246225,9.88314743717987e-07,-1.9216658084417537e-05,-9.450348714125275e-08,2.0245768430290284e-07,0.00014814600962223691,0.9999999890263549
2026-09-30T01:12:43.904 0.012237056798577004,1.226949440527852e-06,-1.9273601891129873e-05,-1.921638278802649e-07,2.4716054953236765e-07,0.00014832161208291198,0.9999999890003006
2026-09-30T01:12:43.956 0.01225613037586253,1.4656081701636544e-06,-1.9229253420151653e-05,-1.3985726484475865e-07,1.832489305244416e-07,0.00014879002570888553,0.9999999889307375
2026-09-30T01:12:43.992 0.01227615737161155,1.3466510079462711e-06,-1.9350325319070967e-05,-2.117711019482454e-07,2.9186396152044086e-07,0.00014915513326658596,0.999999988876308
2026-09-30T01:12:44.050 0.012295230739856023,1.3468911338939318e-06,-1.9440087092209184e-05,-1.9409198339103862e-07,2.759151761982557e-07,0.0001491302345379477,0.9999999888800296
2026-09-30T01:12:44.085 0.012314304224401182,1.4663405630526345e-06,-1.94553431720051e-05,-1.5449873305860644e-07,2.603157808926636e-07,0.00014914085606563025,0.9999999888784566
2026-09-30T01:12:44.138 0.012332423990202311,1.4665686903579502e-06,-1.9498893657295563e-05,-1.6779564147804567e-07,2.592679094264255e-07,0.00014851955810369727,0.9999999889709227
2026-09-30T01:12:44.176 0.012351974289250186,1.4668148306634651e-06,-1.952980479023278e-05,-1.9777396018430613e-07,2.9558936297076294e-07,0.00014948507118587602,0.9999999888270434
2026-09-30T01:12:44.229 0.012371047751735918,1.4670549675468946e-06,-1.955996199309836e-05,-1.4093330769066663e-07,3.047865087683611e-07,0.00014923129996114118,0.9999999888649531
2026-09-30T01:12:44.269 0.01238869079877648,1.467277105099835e-06,-1.9528252835476385e-05,-1.1322335552871103e-07,2.9966440977139394e-07,0.00014923372202686757,0.9999999888645967
2026-09-30T01:12:44.322 0.0124082410286443,1.3483139476621927e-06,-1.9603867376619583e-05,-3.0011315872988043e-07,2.349363950416595e-07,0.00014989606977533772,0.9999999887655114
2026-09-30T01:12:44.357 0.012428745021374997,1.586990676628484e-06,-1.962138526612892e-05,-1.9178598461221126e-07,2.5624100601070916e-07,0.00014909626827613732,0.9999999888851001
2026-09-30T01:12:44.412 0.01244734162674005,1.3488062282732228e-06,-1.966568964249402e-05,-2.606167034757235e-07,3.234121977085535e-07,0.00014922615528171183,0.999999988865691
2026-09-30T01:12:44.452 0.01246546143816092,1.468243650587754e-06,-1.9679437862146662e-05,-2.3565293200074316e-07,2.7475084754706544e-07,0.00015015923451965085,0.9999999887260366
2026-09-30T01:12:44.506 0.012483104362897244,1.8260936430949777e-06,-1.9722234475860977e-05,-1.41002202904704e-07,2.622949714113061e-07,0.000149720476600554,0.999999988791845
2026-09-30T01:12:44.555 0.012503608386692698,1.4687239270885546e-06,-1.9724851125309662e-05,-1.0759596818912796e-07,2.6276085423690207e-07,0.0001498614873396877,0.9999999887707269
2026-09-30T01:12:44.593 0.012523158803542147,1.4689700810637803e-06,-1.9681256545406084e-05,-1.3130097839054695e-07,2.48907315899376e-07,0.00015020702708001178,0.9999999887188848
2026-09-30T01:12:44.629 0.012541755263042645,1.5884134849288603e-06,-1.9814967835675637e-05,-1.5205817352153752e-07,3.0816251155340064e-07,0.0001495911197247649,0.9999999888111893
2026-09-30T01:12:44.686 0.012560828701968063,1.5886536190783475e-06,-1.9860026181109374e-05,-2.887896795692628e-07,2.414557373294511e-07,0.00015008459560577616,0.9999999887372362
2026-09-30T01:12:44.724 0.01257847184475077,1.4696664780257255e-06,-1.9768712433716267e-05,-2.4321954860982283e-07,1.8976765819181856e-07,0.0001502820292111256,0.9999999887076082
2026-09-30T01:12:44.779 0.01259897577130319,1.3507153301661965e-06,-1.9830933692434585e-05,-1.2782150865241348e-07,2.5507732205358114e-07,0.00014989808702910087,0.999999988765241
2026-09-30T01:12:44.815 0.012619002808169286,1.7085953315820225e-06,-1.9922203384211572e-05,-2.3912322905688954e-07,2.647392807893728e-07,0.00015224470102581935,0.9999999884107118
2026-09-30T01:12:44.875 0.012637599481213504,1.7088294705112503e-06,-1.9921804371869196e-05,-1.1800266746454022e-07,2.4727761325925185e-07,0.00015053498815100305,0.9999999886695711
2026-09-30T01:12:44.908 0.012657149734641637,1.5898663158075499e-06,-1.9982517770444232e-05,-1.1018614392430453e-07,2.1910539543625257e-07,0.00015334411364604028,0.9999999882427613
2026-09-30T01:12:44.970 0.012674315849377909,1.7092917285439675e-06,-2.0009659272521755e-05,-7.43377855595444e-08,2.357530047120779e-07,0.00015333939933440943,0.9999999882434837
2026-09-30T01:12:45.002 0.012692912432683532,1.3518979879134328e-06,-2.0068864771956516e-05,-1.9027395402195442e-07,2.6334260193936286e-07,0.00015218721237298207,0.9999999884194734
2026-09-30T01:12:45.058 0.01271437017072035,1.4713774423843907e-06,-2.0043187074406155e-05,-5.958981101173017e-08,2.5111987370924144e-07,0.00015285588519874086,0.9999999883175058
2026-09-30T01:12:45.096 0.012733920515387966,1.5908328776991213e-06,-2.0044295941705556e-05,-1.2226974215260883e-07,2.1712626202178408e-07,0.00015337337251751154,0.9999999882382732
2026-09-30T01:12:45.151 0.012752516974888465,1.710276281564201e-06,-2.0178007231975105e-05,-1.9800010732848927e-07,2.876734606995208e-07,0.0001536119960473415,0.9999999882016163
2026-09-30T01:12:45.188 0.01276968297332405,1.7104923910895767e-06,-2.027965442739492e-05,-4.2510644246039887e-07,3.626432434346748e-07,0.00015086302691745781,0.9999999886200174
2026-09-30T01:12:45.254 0.012789233294431351,1.8299478236703652e-06,-2.029566443726248e-05,-3.889314081340845e-07,3.38429271250845e-07,0.0001530253847325123,0.9999999882914828
2026-09-30T01:12:45.294 0.012810214154788951,1.472584111086028e-06,-2.0299035016782805e-05,-3.7491571956075583e-07,3.4320246341271716e-07,0.00015396775625307118,0.9999999881468358
2026-09-30T01:12:45.345 0.012828810849892595,1.5920275422905293e-06,-2.028373488137077e-05,-3.836133366810877e-07,3.990816373312176e-07,0.00015270197891460003,0.9999999883408995
2026-09-30T01:12:45.379 0.01284836100907947,1.4730643766510599e-06,-2.040405285021844e-05,-4.6351977898759764e-07,3.59034322016255e-07,0.0001532214000982719,0.9999999882614293
2026-09-30T01:12:45.436 0.01286552717093637,1.592489794855362e-06,-2.0401392067159642e-05,-4.248159519928866e-07,3.270203458063154e-07,0.00015298586128962375,0.9999999882975193
2026-09-30T01:12:45.469 0.012885077306562931,1.473526626481951e-06,-2.0536611178575476e-05,-3.822307182762378e-07,3.3365628313848216e-07,0.0001529589651234978,0.9999999883016487
2026-09-30T01:12:45.524 0.01290462781765364,1.473772791392945e-06,-2.0433412028399266e-05,-3.2483146357575227e-07,3.232957213494845e-07,0.00015340566363432746,0.9999999882332461
2026-09-30T01:12:45.564 0.01292417818588157,1.593228229441618e-06,-2.0419619753130504e-05,-4.0538068124225023e-07,3.533303069606292e-07,0.00015283872540436443,0.9999999883200174
2026-09-30T01:12:45.616 0.012942774646882956,1.5934623437653664e-06,-2.055333102390156e-05,-3.554185124256208e-07,3.7393614026244003e-07,0.00015301717996901793,0.9999999882927382
2026-09-30T01:12:45.652 0.012961848132929001,1.5937024833827379e-06,-2.056858708419898e-05,-3.8919448943237446e-07,3.1444776645377377e-07,0.00015356884050775335,0.9999999882081804
2026-09-30T01:12:45.705 0.012980444802971444,1.8323552013946282e-06,-2.05681881108536e-05,-3.2457739105609505e-07,3.4611311803925225e-07,0.00015343921941669635,0.9999999882280903
2026-09-30T01:12:45.741 0.013000471891460832,1.8326073396543447e-06,-2.0629655458998776e-05,-2.4222445648126043e-07,3.1596204790310303e-07,0.00015304863880473505,0.9999999882879778
2026-09-30T01:12:45.795 0.013018114848762799,1.475201597647523e-06,-2.065755081315394e-05,-4.1181961035626715e-07,4.01293441674503e-07,0.00015383728335815287,0.9999999881668797
2026-09-30T01:12:45.833 0.013039095678055642,1.7138843300359001e-06,-2.0675822632734916e-05,-4.729447058492457e-07,3.5495978878264973e-07,0.0001539620421438003,0.9999999881476699
2026-09-30T01:12:45.883 0.01305673860729463,1.71410645391913e-06,-2.0718619187953735e-05,-3.7433315251771473e-07,3.716077830050117e-07,0.00015382954166936192,0.9999999881680969
2026-09-30T01:12:45.926 0.013073904725032675,1.595113287572885e-06,-2.0745760651034258e-05,-3.227105325969618e-07,3.3517011804024514e-07,0.00015373566959187097,0.9999999881825636
2026-09-30T01:12:45.970 0.013092978208076946,1.8337720062729191e-06,-2.0761016750328677e-05,-2.97711833887365e-07,3.152632254177135e-07,0.00015324967477422756,0.9999999882571745
2026-09-30T01:12:46.005 0.01311300534668874,1.5956055709178573e-06,-2.079268177434054e-05,-3.8982838385730264e-07,3.161940230471786e-07,0.00015394529950683863,0.9999999881502963
2026-09-30T01:12:46.064 0.013132555691356358,1.715061006232588e-06,-2.0793790641639936e-05,-3.9956291115141337e-07,3.6927945364375405e-07,0.0001554886548248768,0.999999987911491
2026-09-30T01:12:46.096 0.013151629128780887,1.8345104299234063e-06,-2.0838849006572175e-05,-3.6551564140997085e-07,3.3936085169487105e-07,0.00015437080800929077,0.9999999880847024
2026-09-30T01:12:46.152 0.013170225709084734,1.7155352683755346e-06,-2.0898054545003932e-05,-3.6598051272744323e-07,3.0455263257472877e-07,0.00015377289911950288,0.9999999881768343
2026-09-30T01:12:46.185 0.013188822429249581,1.7157694127726467e-06,-2.086785324752524e-05,-3.35369653293195e-07,3.000126870829632e-07,0.00015449939312180274,0.9999999880648675
2026-09-30T01:12:46.239 0.013208372657616513,1.7160155448763352e-06,-2.0943467808166935e-05,-2.4172262458222606e-07,3.68581882742149e-07,0.00015458145120921131,0.9999999880521903
2026-09-30T01:12:46.275 0.013228399793226531,1.716267688603936e-06,-2.097513287117579e-05,-2.6810887066152083e-07,3.3423920123343934e-07,0.00015447489362639024,0.9999999880686617
2026-09-30T01:12:46.361 0.013247473301332005,1.8357171204965806e-06,-2.0975487808403553e-05,-3.778587391620932e-07,3.218985054483328e-07,0.00015465612244365955,0.9999999880406186
2026-09-30T01:12:46.400 0.013264639373450309,1.5975146591411204e-06,-2.1032431537121895e-05,-4.1315187610939695e-07,3.500707678459641e-07,0.00015449282017515308,0.9999999880658376
2026-09-30T01:12:46.480 0.013284666553179182,1.8361853874192677e-06,-2.1034294353991433e-05,-3.334655345224518e-07,3.168929688427127e-07,0.00015514541058056144,0.9999999879648449
2026-09-30T01:12:46.516 0.01330278624829937,1.8364135065227572e-06,-2.112254826698637e-05,-5.144809815150176e-07,3.6031474057157e-07,0.00015531848840895365,0.9999999879378862
2026-09-30T01:12:46.574 0.013322336594467873,1.8366596522961565e-06,-2.112365711478727e-05,-3.9329392574299167e-07,3.5868567582830645e-07,0.000155169147433046,0.9999999879611261
2026-09-30T01:12:46.610 0.013340933056970147,1.717684477078574e-06,-2.1257368366059823e-05,-2.641741647506953e-07,3.4855837290761774e-07,0.0001553324924320163,0.9999999879358127
2026-09-30T01:12:46.677 0.0133600067329996,1.5987153490261512e-06,-2.1153415266313475e-05,-3.5880029048778854e-07,3.3936093791690014e-07,0.00015491300706248638,0.9999999880008581
2026-09-30T01:12:46.716 0.013379080005501925,1.7181647535793746e-06,-2.1302781629222826e-05,-3.730066209927609e-07,3.8371504421589506e-07,0.00015462701454041687,0.9999999880450999
2026-09-30T01:12:46.770 0.013398153609349544,1.7184049068664568e-06,-2.124353197667945e-05,-2.492381395982229e-07,3.558926340267363e-07,0.00015537869796135507,0.9999999879286356
2026-09-30T01:12:46.808 0.013417703837716476,1.7186510389701456e-06,-2.1319146537321147e-05,-3.7436760404252066e-07,3.497218498830915e-07,0.0001555456198705386,0.9999999879026488
2026-09-30T01:12:46.862 0.013436777348823724,1.5996818917801277e-06,-2.1319501435551908e-05,-3.726316481916924e-07,3.2899992907442513e-07,0.00015537937773794743,0.9999999879285009
2026-09-30T01:12:46.899 0.013455373923124021,1.9575438883975806e-06,-2.1378707051977663e-05,-4.4834100042410466e-07,3.384291084796337e-07,0.00015562667401976659,0.9999999878900113
2026-09-30T01:12:46.954 0.013473970619728553,1.9577780300607507e-06,-2.1363406897067125e-05,-3.253100915182541e-07,3.032725041526005e-07,0.00015603251759470577,0.9999999878268278
2026-09-30T01:12:46.995 0.013493044132336691,1.719599593329402e-06,-2.136376177579939e-05,-3.0272220549488933e-07,3.039711379834142e-07,0.0001560369233291748,0.9999999878261472
2026-09-30T01:12:47.046 0.013511640802379132,1.9582523113412923e-06,-2.136336280245401e-05,-3.035014892831887e-07,3.2748701148511794e-07,0.00015594163829505447,0.999999987841003
2026-09-30T01:12:47.084 0.013531190988128097,1.6008705693531027e-06,-2.1468779589736528e-05,-4.623396621466052e-07,3.158444542339398e-07,0.00015558364084358487,0.9999999878967085
2026-09-30T01:12:47.135 0.013550264565413627,1.8395292989889054e-06,-2.142443111875831e-05,-3.8974272733781054e-07,3.6206187045272996e-07,0.00015671613134166177,0.9999999877198855
2026-09-30T01:12:47.171 0.013569337885036583,1.958978709010013e-06,-2.154399519653134e-05,-4.46988886195388e-07,4.175915510326138e-07,0.0001561818002895496,0.9999999878034355
2026-09-30T01:12:47.227 0.013587934534520486,1.959212845205299e-06,-2.1558497326757124e-05,-4.306957860787435e-07,2.9756745304310065e-07,0.00015555163090786106,0.999999987901708
2026-09-30T01:12:47.261 0.01360605455798419,2.0786502921253094e-06,-2.143813526329633e-05,-4.274349102422527e-07,4.4095694373842604e-07,0.00017796525209966152,0.9999999841639958
2026-09-30T01:12:47.315 0.013626081718655411,1.959693149045521e-06,-2.1454899164238534e-05,-2.1023066669986754e-07,2.2039976135907643e-07,0.0001940556325184729,0.9999999811711592
2026-09-30T01:12:47.357 0.013644678321018686,1.9599272797729227e-06,-2.149920357960063e-05,-3.6548159256447855e-07,4.087006308231451e-07,0.00019564203074747701,0.9999999808619474
2026-09-30T01:12:47.404 0.013664228546383838,2.1985919909592737e-06,-2.1574818179239322e-05,-2.289979830467002e-07,4.0363704729765597e-07,0.00019098775436328957,0.999999981761731
2026-09-30T01:12:47.439 0.013683301942691291,1.8412042510168825e-06,-2.1649678751313884e-05,-4.0864960667695873e-07,4.819254426161436e-07,0.0001940724947658872,0.9999999811677336
2026-09-30T01:12:47.497 0.013701421799731902,2.07985096834063e-06,-2.1633624705328704e-05,-3.225246593957893e-07,3.6865396051627116e-07,0.00019459970160955517,0.9999999810653579
2026-09-30T01:12:47.534 0.013721925748343751,2.080109112756374e-06,-2.168094484097736e-05,-2.80230185812414e-07,3.4176411580049633e-07,0.00021685982716627812,0.9999999764858097
2026-09-30T01:12:47.583 0.013741952907514083,2.080361259217917e-06,-2.169770876141806e-05,-3.783330101102568e-07,2.959552781648215e-07,0.00023146103894453613,0.999999973212778
2026-09-30T01:12:47.615 0.013761026508359928,2.3190199915876617e-06,-2.1638459147871682e-05,-2.1129283539022815e-07,2.8955345175136875e-07,0.00023099757404384735,0.9999999733199958
2026-09-30T01:12:47.672 0.013779623065103462,2.2000448273058477e-06,-2.1712565828871602e-05,-2.1037273533096411e-07,3.6993806533151637e-07,0.00022924086550280218,0.9999999737242219
2026-09-30T01:12:47.708 0.013796789159281193,2.0810516582256606e-06,-2.1754608434520284e-05,-3.155121159334909e-07,3.668525041708811e-07,0.00023054386880276204,0.9999999734246449
2026-09-30T01:12:47.766 0.013817293035711208,2.2005190839809097e-06,-2.1846632017371917e-05,-2.5293840627017654e-07,3.894957616953122e-07,0.00023165488797049938,0.9999999731678982
2026-09-30T01:12:47.798 0.013838273822386086,2.0815739422774086e-06,-2.1894706063593714e-05,-2.2604929174836733e-07,3.1883174509366007e-07,0.00023030607820443875,0.9999999734794784
2026-09-30T01:12:47.851 0.013856870566111248,2.081808089408463e-06,-2.1849603623546858e-05,-1.5026684159153968e-07,2.8367486604365583e-07,0.00023102660007230782,0.9999999733133031
2026-09-30T01:12:47.892 0.013876420912279752,2.082054235181862e-06,-2.185071247134776e-05,-2.0153722104091986e-07,3.4560749357135035e-07,0.00023127891294962501,0.9999999732549518
2026-09-30T01:12:47.943 0.01389406384151874,2.0822763590650922e-06,-2.189350902656658e-05,-3.1743304931479117e-07,2.8617671967709616e-07,0.00023074093315749168,0.9999999733792192
2026-09-30T01:12:47.979 0.013914090930008128,2.0825284973248082e-06,-2.1954976374711757e-05,-3.224386160915937e-07,3.6237055114616736e-07,0.0002314994120527451,0.9999999732038931
2026-09-30T01:12:48.049 0.013934594853558774,2.201995928547942e-06,-2.201719767242707e-05,-3.5434299752871685e-07,3.138833840146063e-07,0.000231476940005146,0.9999999732091007
2026-09-30T01:12:48.087 0.01395271476072179,2.2022240722569105e-06,-2.1971341302308576e-05,-2.292729903949785e-07,3.0067104064531636e-07,0.00023152355267925666,0.9999999731983504
2026-09-30T01:12:48.139 0.01397131134102564,2.083248910709039e-06,-2.2030546840740337e-05,-2.8126954344057044e-07,3.0230056842659633e-07,0.00023201748656820562,0.9999999730838574
2026-09-30T01:12:48.175 0.013988954246704311,2.0834710318583265e-06,-2.2088244538527315e-05,-2.8479752276224523e-07,3.2366274703548135e-07,0.00023197883939214196,0.9999999730928157
2026-09-30T01:12:48.228 0.014008981335193701,2.083723170118043e-06,-2.2149711886672492e-05,-2.5281802585312443e-07,3.711021603952951e-07,0.0002318016587330928,0.9999999731338943
2026-09-30T01:12:48.268 0.01402996218804686,2.3224059052403622e-06,-2.215308256368531e-05,-3.1086983508602044e-07,3.3507128034913955e-07,0.00023198814353711525,0.9999999730906458
2026-09-30T01:12:48.322 0.014048081955348879,2.203424743004346e-06,-2.219663302947727e-05,-2.2439657359286926e-07,4.0509565156336155e-07,0.00023242064563816647,0.9999999729902141
2026-09-30T01:12:48.358 0.014066678697573151,2.322868179676732e-06,-2.215153060892891e-05,-1.5577646993978365e-07,2.7168416175816766e-07,0.00023229949018529393,0.999999973018424
2026-09-30T01:12:48.415 0.014085275182134852,2.323102296734423e-06,-2.2270340737131807e-05,-3.366950377289561e-07,3.3559501303071154e-07,0.00023230670579736234,0.9999999730166839
2026-09-30T01:12:48.452 0.01410482567266702,2.0849298798288122e-06,-2.2182042690526758e-05,-2.5777607631494625e-07,3.645829619716461e-07,0.00023289040790691772,0.9999999728809289
2026-09-30T01:12:48.506 0.014123898967228776,2.323588576657309e-06,-2.2316507930366445e-05,-2.1621715081121632e-07,3.314048565630522e-07,0.00023273178888188169,0.9999999729178786
2026-09-30T01:12:48.540 0.014142972429714507,2.3238287135407386e-06,-2.2346665133232026e-05,-1.3063032865144954e-07,3.263995030759538e-07,0.0002323160302146083,0.9999999730145689
2026-09-30T01:12:48.594 0.014162522753823584,2.2048655670388644e-06,-2.2362675104102586e-05,-3.5913427806342204e-07,3.585287459072901e-07,0.0002330858043159168,0.9999999728353748
2026-09-30T01:12:48.635 0.014181596189747226,2.443524280271014e-06,-2.2407733488533323e-05,-1.7255208133545032e-07,3.3163799776617996e-07,0.000233185162176813,0.9999999728122698
2026-09-30T01:12:48.685 0.01420114653591573,2.4437704260444136e-06,-2.2408842336334225e-05,-3.690157758498649e-07,3.2028625164429484e-07,0.00023294491987747797,0.9999999728682124
2026-09-30T01:12:48.727 0.014220219977842922,2.205591981111238e-06,-2.2453900642770964e-05,-1.9959963160784794e-07,3.6953099886845576e-07,0.00023314667961846133,0.9999999728212243
2026-09-30T01:12:48.774 0.014239770229770169,2.2058381159488688e-06,-2.2514614060844502e-05,-1.896538810589485e-07,3.9648119318044565e-07,0.00023307117661228925,0.9999999728388164
2026-09-30T01:12:48.805 0.014258366924873813,2.3252815471533702e-06,-2.2499313925432462e-05,-2.956465228701618e-07,2.9519929559897605e-07,0.00023385546331503235,0.9999999726557235
2026-09-30T01:12:48.860 0.014276486737795573,2.3255096799265703e-06,-2.2513062125586606e-05,-1.5746153579741438e-07,3.339664669101833e-07,0.00023401391175400483,0.999999972618676
2026-09-30T01:12:48.898 0.014294606550717334,2.3257378126997703e-06,-2.2526810325740747e-05,-2.2560897611915092e-07,3.309391990239959e-07,0.00023351529984625848,0.9999999727352218
2026-09-30T01:12:48.951 0.01431463356702489,2.4451992322989917e-06,-2.26329811210889e-05,-1.5713828934583022e-07,3.332097299711669e-07,0.00023353931457713428,0.999999972729626
2026-09-30T01:12:48.988 0.014333707101692454,2.3262300878429158e-06,-2.26184348767515e-05,-2.489492929412441e-07,3.237213468357454e-07,0.00023402952501936418,0.999999972615007
2026-09-30T01:12:49.042 0.014352780564178186,2.3264702247263452e-06,-2.2648592079617082e-05,-1.1351073341251839e-07,3.9566683763488276e-07,0.00023396343966034948,0.9999999726304694
2026-09-30T01:12:49.080 0.014371853981044177,2.207501066600559e-06,-2.2708551548120483e-05,-2.3472077747784097e-07,3.7855306146370157e-07,0.00023437258975833535,0.999999972534645
2026-09-30T01:12:49.134 0.014390927511209076,2.4461597907684774e-06,-2.269400536227858e-05,-3.1308485097718275e-07,3.624872704622414e-07,0.00023449416094706096,0.9999999725061292
2026-09-30T01:12:49.168 0.014409524115073237,2.3271846319545474e-06,-2.2738309758142183e-05,-3.1148240213735175e-07,3.635350142526671e-07,0.00023445987469689446,0.9999999725141686
2026-09-30T01:12:49.219 0.01442907443618054,2.4466400645353363e-06,-2.275431976800974e-05,-2.54243005726593e-07,3.356539354552571e-07,0.0002346992965346101,0.9999999724580311
2026-09-30T01:12:49.252 0.014448624642488044,2.3276769043637514e-06,-2.2844835451721096e-05,-2.5970806352371984e-07,3.629532724154458e-07,0.00023456830363293959,0.9999999724887555
2026-09-30T01:12:49.309 0.014466744499528658,2.566323621687498e-06,-2.2828781405735916e-05,-2.6470238069542394e-07,3.6807555200270914e-07,0.00023502590807898539,0.9999999723813081
2026-09-30T01:12:49.349 0.014485817939954963,2.447354466295654e-06,-2.2873839731671157e-05,-2.987968941600451e-07,3.840824269343727e-07,0.00023490262115597062,0.9999999724102605
2026-09-30T01:12:49.410 0.01450536819188221,2.4476006011332845e-06,-2.2934553149744695e-05,-2.9585690209908294e-07,3.3187018279769915e-07,0.00023477758933220685,0.9999999724396426
2026-09-30T01:12:49.447 0.014522534400859738,2.5670260248054713e-06,-2.290209008154958e-05,-3.7361257460077626e-07,3.676674170951861e-07,0.0002350947947323215,0.999999972365081
2026-09-30T01:12:49.500 0.014542561537970644,2.4480688789917408e-06,-2.2933755125059936e-05,-1.9277327814055663e-07,3.552121133288547e-07,0.00023500242194578427,0.9999999723868488
2026-09-30T01:12:49.532 0.014562111813458204,2.448315016563313e-06,-2.2979567400565315e-05,-2.849528277388241e-07,3.3512994694367123e-07,0.00023561233664184627,0.9999999722433163
2026-09-30T01:12:49.586 0.014580231624879078,2.567752438877845e-06,-2.2993315620217958e-05,-2.5885755978714525e-07,3.433373672519882e-07,0.00023534342613983956,0.9999999723066431
2026-09-30T01:12:49.626 0.014599781948988156,2.4487892923759707e-06,-2.3009325591088517e-05,-1.4847813066315822e-07,3.3385024238985344e-07,0.00023565731110953227,0.9999999722327487
2026-09-30T01:12:49.678 0.014617424828104736,2.6874299898739785e-06,-2.308192447044065e-05,-1.7161826785267798e-07,3.460737644293104e-07,0.00023643029832888702,0.999999972050282
2026-09-30T01:12:49.715 0.014637451872475274,2.4492635435831483e-06,-2.317319406472515e-05,-2.301281782803224e-07,3.587043750840159e-07,0.00023546319491665732,0.9999999722784507
2026-09-30T01:12:49.770 0.014657479147946292,2.5687249932557336e-06,-2.3115452291823553e-05,-1.2025521522001715e-07,3.120225598325734e-07,0.00023571465263812392,0.999999972219245
2026-09-30T01:12:49.806 0.014676075816487843,2.9265870008089545e-06,-2.3115053337976673e-05,-5.0476607665144235e-08,2.510796390598019e-07,0.0002361962370166315,0.9999999721056356
2026-09-30T01:12:49.862 0.014696102790177436,2.688420546316298e-06,-2.3251026359965644e-05,-2.819438212100558e-07,3.3582850402428913e-07,0.00023617872420783023,0.9999999721097086
2026-09-30T01:12:49.899 0.014714222535420029,2.4502300918050094e-06,-2.3309477948827268e-05,-1.8812072425863243e-07,3.426976202344622e-07,0.00023646538147843456,0.9999999720419849
2026-09-30T01:12:49.948 0.014735203461955906,2.4504942560464924e-06,-2.326814515913861e-05,-2.5513990603022565e-07,6.933946139424488e-07,0.00019216787693725288,0.9999999815354804
2026-09-30T01:12:49.984 0.014753800282365566,1.9738912532140475e-06,-2.3178339213393286e-05,-1.039168820049265e-07,3.351369398692968e-07,0.00017131127699154583,0.9999999853261615
2026-09-30T01:12:50.039 0.014770966373541522,2.093316663216523e-06,-2.322038185803896e-05,-1.088182553178507e-07,4.1342671977422843e-07,0.0001777946263513974,0.9999999841944439
2026-09-30T01:12:50.080 0.014790993414910282,2.093568796008355e-06,-2.3311651491320457e-05,-1.7131398100456856e-07,3.4968865668597683e-07,0.00017412113151000456,0.9999999848408399
2026-09-30T01:12:50.127 0.014807682648965556,1.9745696207721404e-06,-2.336784130946566e-05,-1.846052162096068e-07,4.034142019902497e-07,0.00017381738430079908,0.9999999848936599
2026-09-30T01:12:50.167 0.014825802483946743,2.094007045820614e-06,-2.3366688386550138e-05,-1.9599447479615957e-07,3.8414759340341714e-07,0.00017619107306778053,0.9999999844782598
2026-09-30T01:12:50.220 0.014846783222000101,2.0942711881905596e-06,-2.3444564737406752e-05,-9.225637314585249e-08,4.457318062285527e-07,0.0001746053854810334,0.999999984756376
2026-09-30T01:12:50.252 0.014864426173298516,2.2137026043490633e-06,-2.3472460169555914e-05,-2.9922426386923374e-07,4.034717548628513e-07,0.00017461657966743455,0.9999999847543988
2026-09-30T01:12:50.306 0.014882546102520962,2.333140040333305e-06,-2.341170267636776e-05,-1.6343474203406472e-07,4.435195950879064e-07,0.00017616220621311088,0.9999999844833267
2026-09-30T01:12:50.341 0.014901142679823032,2.4525834578680957e-06,-2.3470908253796514e-05,-4.8082670722734636e-08,3.7448596778063276e-07,0.00017509214160987217,0.9999999846712996
2026-09-30T01:12:50.394 0.014917831918380973,1.975956414007887e-06,-2.3527098013446223e-05,-1.7669002775493492e-07,4.07139662876165e-07,0.00017528883974090654,0.9999999846368127
2026-09-30T01:12:50.431 0.014937859096608955,2.333836431827366e-06,-2.3528960849814256e-05,-1.2560884032516533e-07,4.374080423954131e-07,0.00017629608344461485,0.9999999844597418
2026-09-30T01:12:50.484 0.014957409373597404,2.2148732798576072e-06,-2.3574773105821137e-05,-3.196288546441097e-07,4.1633554945055957e-07,0.00017502151773225,0.9999999846835963
2026-09-30T01:12:50.519 0.014974575488333674,2.3342986925940252e-06,-2.3601914607898657e-05,-2.770006285486103e-07,4.2401925189530233e-07,0.00017534366299158167,0.9999999846271715
2026-09-30T01:12:50.574 0.014993648972878831,2.453748121752728e-06,-2.3617170687694577e-05,-1.2381980540982483e-07,4.007954131498247e-07,0.00017589797081418973,0.9999999845298638
2026-09-30T01:12:50.608 0.01501033832473568,2.3347489601862236e-06,-2.3598854792998984e-05,-1.417982364845209e-07,3.45730835992329e-07,0.00017552373796224334,0.9999999845956388
2026-09-30T01:12:50.661 0.015029888623783556,2.3349951004917387e-06,-2.36297659259362e-05,-1.0315688456281766e-07,3.5265783684862904e-07,0.00017610363078325846,0.999999984493688
2026-09-30T01:12:50.697 0.01504943878297043,2.2160319348522694e-06,-2.3750083894783876e-05,-1.3177693788653495e-07,3.8938666021657423e-07,0.0001758429417472894,0.9999999845395453
2026-09-30T01:12:50.758 0.01506803559437476,2.454684669267813e-06,-2.366027806602954e-05,-3.5368970579884956e-07,2.9328443551914886e-07,0.00017578313325652912,0.9999999845500394
2026-09-30T01:12:50.796 0.015085678525114636,2.3356975036097116e-06,-2.3703074601749864e-05,-1.3203035297788043e-07,3.6843195007602386e-07,0.00017639949373633943,0.9999999844415326
2026-09-30T01:12:50.848 0.015104751962539166,2.45514692730053e-06,-2.37481329666821e-05,-1.7229540675909246e-07,3.317026741162297e-07,0.00017640726743073333,0.999999984440168
2026-09-30T01:12:50.880 0.015121918055216009,2.455363047761674e-06,-2.379017559182928e-05,-2.6093874159936665e-07,4.3164457884918637e-07,0.0001756359112712582,0.999999984575886
2026-09-30T01:12:50.933 0.015140991473582888,2.2171846000945566e-06,-2.385013504083418e-05,-1.6424207921454086e-07,3.96429616346186e-07,0.00017630516447893668,0.9999999844581523
2026-09-30T01:12:50.971 0.015160064887447103,2.3366340210514334e-06,-2.3910094548334578e-05,-3.1918345333214746e-07,4.0335538868811827e-07,0.00017675817226690718,0.9999999843781419
2026-09-30T01:12:51.027 0.015178184793109234,2.4560714543017327e-06,-2.386423819771458e-05,-6.192696266177319e-08,4.0079584550413496e-07,0.00017643593492047392,0.9999999844350981
2026-09-30T01:12:51.062 0.01519630439398816,2.4562995624694536e-06,-2.4012096680982152e-05,-1.7494145321996287e-07,3.967787961156044e-07,0.00017631896821508695,0.9999999844557166
2026-09-30T01:12:51.117 0.015214424257032327,2.2181091216278754e-06,-2.399604255700298e-05,-7.50245741826691e-08,3.455567256865216e-07,0.00017663941052382134,0.9999999843991967
2026-09-30T01:12:51.152 0.015233497721018946,2.0991399689699735e-06,-2.402619974037006e-05,-2.2032901995952377e-07,4.71400690168984e-07,0.00017606466583439074,0.9999999845004812
2026-09-30T01:12:51.207 0.015252571296803588,2.457007988147107e-06,-2.3981851288890342e-05,-1.6623992430815588e-07,3.556260797751694e-07,0.0001767109907421434,0.9999999843865357
2026-09-30T01:12:51.240 0.015270214271662315,2.576439407039553e-06,-2.3994845578471342e-05,-6.825864860696995e-08,3.4654629849071933e-07,0.00017665718700982276,0.9999999843960566
2026-09-30T01:12:51.300 0.015288810825404071,2.695882821840401e-06,-2.4068952298468256e-05,-1.1912493185668837e-07,3.807720860228207e-07,0.0001768234971180151,0.9999999843666457
2026-09-30T01:12:51.331 0.015306930638325833,2.696110954613601e-06,-2.40827004986224e-05,-1.194037587845374e-07,3.716335049939385e-07,0.00017705702739826012,0.9999999843253282
2026-09-30T01:12:51.385 0.015325050358507222,2.5771297869097012e-06,-2.4156053249550677e-05,-1.0661507266618338e-07,4.0597606938905226e-07,0.00017675125174173803,0.9999999843794093
2026-09-30T01:12:51.431 0.015344123820992954,2.5773699237931307e-06,-2.4186210452416258e-05,-1.9589990199404135e-07,3.834491616425207e-07,0.0001768990827926144,0.9999999843532644
2026-09-30T01:12:51.476 0.015363197214298628,2.4584007629334024e-06,-2.4261071063487814e-05,-2.3391015997199646e-07,3.816445500239878e-07,0.00017770723849992,0.9999999842099684
2026-09-30T01:12:51.515 0.015380363471897677,2.4586169025321414e-06,-2.419880569065788e-05,-1.3698926982089714e-07,3.8688375963397834e-07,0.00017661140280465174,0.9999999844041219
2026-09-30T01:12:51.568 0.015399913700264608,2.45886303463583e-06,-2.427442025129958e-05,-1.063669168518554e-07,3.8828097267609245e-07,0.00017705978152489956,0.9999999843248357
2026-09-30T01:12:51.601 0.015417079935804226,2.339869881959296e-06,-2.4227056001539306e-05,-1.016830293211697e-07,3.7518435640007354e-07,0.00017797346354855596,0.9999999841626475
2026-09-30T01:12:51.656 0.015436630091989326,2.4593252954024896e-06,-2.434737400938398e-05,-9.225688996146539e-08,4.0440459542467716e-07,0.00017724172825823696,0.9999999842925987
2026-09-30T01:12:51.692 0.015455703625156001,2.459565440487745e-06,-2.433282778454508e-05,-1.8676344666361894e-07,3.9206395609775664e-07,0.00017697250436069986,0.9999999843402719
2026-09-30T01:12:51.747 0.015474300249578703,2.57900886349042e-06,-2.436223107683752e-05,-2.493426319214343e-07,4.183152630143231e-07,0.00017763495684848952,0.9999999842227923
2026-09-30T01:12:51.786 0.01549241999181952,2.5792369880617937e-06,-2.4420682704696137e-05,-2.560930478788587e-07,5.051610065074557e-07,0.00017736816819599417,0.999999984270106
2026-09-30T01:12:51.844 0.015511016525002736,2.460261821046037e-06,-2.4509690528264216e-05,-1.290969548017311e-07,3.9351954933799537e-07,0.00017746611754401465,0.9999999842528027
2026-09-30T01:12:51.874 0.015527705875358696,2.4604719490208643e-06,-2.449137465306712e-05,-1.5580066405943946e-07,4.914246019755464e-07,0.00017699686891661047,0.9999999843359212
2026-09-30T01:12:51.936 0.01554868668559389,2.341526810051305e-06,-2.452454755672076e-05,-2.2899622035546757e-07,3.9852482633720634e-07,0.00017803747658459598,0.9999999841512227
2026-09-30T01:12:51.971 0.015567283264396848,2.3417609380447646e-06,-2.4583753114651017e-05,-2.609175315012285e-07,3.797817840819832e-07,0.00017829661284451612,0.9999999841050526
2026-09-30T01:12:52.025 0.015585403193619294,2.4611983740290067e-06,-2.4522995621462864e-05,1.6263352001931567e-08,4.094110900615157e-07,0.00017668121886654515,0.9999999843917894
2026-09-30T01:12:52.063 0.015604476583923194,2.5806477922519407e-06,-2.4597856271531417e-05,-3.116442999445304e-07,4.140075870074607e-07,0.00017863929220013182,0.9999999840438673
2026-09-30T01:12:52.127 0.015621165913720614,2.342439338410163e-06,-2.4594441499905484e-05,-1.3676424069355033e-07,3.6977085717329637e-07,0.00017836258086727471,0.999999984093317
2026-09-30T01:12:52.166 0.015639762536642426,2.5810920509541694e-06,-2.4623844811696423e-05,-9.5525369203789e-08,3.929377153799072e-07,0.00017781586210562832,0.9999999841906777
2026-09-30T01:12:52.217 0.01565931276350847,2.700547472599189e-06,-2.4699459391836615e-05,-1.0459779976929445e-07,4.1412528954870887e-07,0.00017842082135616485,0.9999999840829139
2026-09-30T01:12:52.253 0.01567790957941546,2.5815723383907386e-06,-2.460965350458679e-05,-3.9726758810470973e-07,3.1092129116742994e-07,0.00017838866028346297,0.9999999840886156
2026-09-30T01:12:52.308 0.015696029180294387,2.5818004465584595e-06,-2.4757511987854358e-05,-1.4869384923987545e-07,3.79607868878299e-07,0.0001782956225368442,0.9999999841052523
2026-09-30T01:12:52.342 0.01571414904033678,2.5820285847995436e-06,-2.474145790287218e-05,-1.469707019235978e-07,4.2297253729822736e-07,0.00017783761399298888,0.9999999841867911
2026-09-30T01:12:52.397 0.015730838321512685,2.4630294150312132e-06,-2.4767845435881064e-05,-1.0040491279614636e-07,3.6261157283618227e-07,0.00017870254280905954,0.9999999840326297
2026-09-30T01:12:52.434 0.015751342267122756,2.701706138529619e-06,-2.481516561052672e-05,-1.702713585124001e-07,4.7198329942111664e-07,0.00017871275601232702,0.9999999840307494
2026-09-30T01:12:52.489 0.015770415778230004,2.582736991339602e-06,-2.4815520508757483e-05,-2.9186768563271603e-07,3.6511328823984625e-07,0.0001786073207779313,0.9999999840496031
2026-09-30T01:12:52.521 0.015787581872407738,2.463743822259415e-06,-2.4857563114406165e-05,-1.441352259069492e-07,4.0126117810923376e-07,0.00017876675112475288,0.9999999840211333
2026-09-30T01:12:52.575 0.0158076089388377,2.344786668243858e-06,-2.4933931585621002e-05,-2.1039129385608053e-07,4.0102794089363763e-07,0.0001788939873078212,0.999999983998368
2026-09-30T01:12:52.614 0.015823344682247654,2.7026126662003336e-06,-2.4869404481071648e-05,-1.693444806340708e-07,3.7006174086547146e-07,0.00017897166305651165,0.999999983984489
2026-09-30T01:12:52.670 0.015842418072551552,2.822062084423268e-06,-2.49442651311402e-05,-1.3796654042086524e-07,3.721574061207351e-07,0.0001789037380663905,0.9999999839966474
2026-09-30T01:12:52.704 0.01586196832748057,2.5838896401782365e-06,-2.5004978510216742e-05,-1.672049477728601e-07,3.752422624718867e-07,0.0001793232061871055,0.9999999839215094
2026-09-30T01:12:52.758 0.0158796113023393,2.7033210590706814e-06,-2.501797279979774e-05,-4.12686273351655e-08,3.8502184048558916e-07,0.00017811695599411723,0.9999999841370999
2026-09-30T01:12:52.805 0.015898684717704403,2.703561190486227e-06,-2.507793228779964e-05,-1.973426018482996e-07,3.993400264455062e-07,0.0001792006732649219,0.99999998394346
2026-09-30T01:12:52.845 0.015916804599806218,2.822998621002584e-06,-2.5046977079747803e-05,-1.0085439715247859e-07,3.7937542303096183e-07,0.00017931657657789822,0.9999999839227055
2026-09-30T01:12:52.882 0.01593397071604338,2.823214744197671e-06,-2.5074118562326824e-05,-4.046544018416306e-08,3.626120089418143e-07,0.00017942013796186772,0.9999999839041404
2026-09-30T01:12:52.940 0.015954474592473393,2.9426821699529203e-06,-2.5166142145178457e-05,-4.783782831887285e-08,4.1767633230498687e-07,0.0001786520647976583,0.9999999840416314
2026-09-30T01:12:52.978 0.015973071293580592,2.5852884429920965e-06,-2.5150841931772422e-05,-1.3688924080221572e-07,3.8636014181534095e-07,0.00017968112995830408,0.9999999838572616
2026-09-30T01:12:53.044 0.015988806897129542,2.823905135003588e-06,-2.5175721663133523e-05,-7.418740434875741e-08,2.897358528848356e-07,0.00017974182062927842,0.9999999838463941
2026-09-30T01:12:53.067 0.016008833916438876,2.7049479755201466e-06,-2.528189241948468e-05,-6.172402994700339e-08,3.845561503533466e-07,0.00017933680143851133,0.9999999839190798
2026-09-30T01:12:53.123 0.016026477082781897,2.5859608372014672e-06,-2.517567752952341e-05,-4.499061079257661e-07,2.817479681630611e-07,0.0001801223887200523,0.9999999837778215
2026-09-30T01:12:53.160 0.01604459675133999,2.8246075326536763e-06,-2.5278832624083505e-05,-9.710062363655402e-08,3.9002747249971555e-07,0.00017965004524084222,0.9999999838628497
2026-09-30T01:12:53.215 0.016064623957630954,2.8248596845831035e-06,-2.5265794259387884e-05,-1.7867335876678018e-07,3.5970079059657926e-07,0.00017983186295758634,0.9999999838301697
2026-09-30T01:12:53.250 0.016083697327376318,2.705890520989433e-06,-2.5355556013027602e-05,-2.477644498067146e-07,3.999689408298612e-07,0.00017991902491899282,0.9999999838144614
2026-09-30T01:12:53.305 0.016100863512793533,2.8253159419276773e-06,-2.5337994087400645e-05,-2.3987136691435896e-07,3.931004872027687e-07,0.00017988773244009357,0.9999999838200957
2026-09-30T01:12:53.341 0.016119936882538894,2.706346778334007e-06,-2.5427755841040363e-05,-1.2579196647285006e-07,3.889795477839858e-07,0.00017958251745855595,0.999999983874976
2026-09-30T01:12:54.293 0.016136149278531138,2.7065508892170375e-06,-2.5483191748612424e-05,-1.8225705485601766e-07,4.685379879163964e-07,0.00018033702058805693,0.999999983739153
2026-09-30T01:12:54.333 0.01615522276607807,2.5875817392930776e-06,-2.5498447789411344e-05,-2.4697474867348067e-07,3.825177490611212e-07,0.00017973491374899706,0.9999999838475766
2026-09-30T01:12:55.551 0.016174296414044543,2.8262404771307064e-06,-2.540939589072865e-05,-2.5372586328268535e-07,4.4148202971758843e-07,0.00017945907370784238,0.9999999838970907
2026-09-30T01:12:55.584 0.016192416181346564,2.7072593148946907e-06,-2.545294635652061e-05,-8.634781839804286e-08,3.8343908938296575e-07,0.00018117365106727948,0.9999999835879767
2026-09-30T01:12:55.640 0.016211012804268378,2.945912027438697e-06,-2.5482349668311546e-05,-2.155686197959144e-07,3.4909572022980815e-07,0.0001805752334034972,0.9999999836962082
2026-09-30T01:12:55.674 0.01622865570844616,3.065343438129316e-06,-2.5540047385597026e-05,-1.50862476821225e-07,4.6324128893649966e-07,0.00018028798595314584,0.9999999837480023
2026-09-30T01:12:55.727 0.016247252290250893,2.8271589870401127e-06,-2.5599252904530285e-05,-2.843886901941229e-07,4.3367102398101624e-07,0.00018101795660911379,0.9999999836161151
2026-09-30T01:12:55.761 0.01626632572917631,2.8273991211896e-06,-2.5644311249964025e-05,-7.953018849965951e-08,3.727870682940524e-07,0.00018037035055162127,0.9999999837331955
2026-09-30T01:12:55.816 0.016284445614279903,2.708417972623295e-06,-2.561335600291519e-05,-1.5623802480450692e-07,3.809356693940157e-07,0.00018053240366117898,0.9999999837039407
2026-09-30T01:12:55.850 0.01630351895896406,2.708658095837014e-06,-2.5718018918621566e-05,-1.468236460631697e-07,3.8308944735481366e-07,0.00018095524657761638,0.9999999836275151
2026-09-30T01:12:55.903 0.016321162003002848,2.947298812472617e-06,-2.5686309799996587e-05,-6.442171052381594e-09,4.0527845592328285e-07,0.000179764875744802,0.9999999838422124
2026-09-30T01:12:55.942 0.01633832797637723,3.066724208805382e-06,-2.580285815748306e-05,-1.2371436996766056e-07,3.8361344159314273e-07,0.00018073569707273974,0.9999999836672225
2026-09-30T01:12:55.996 0.01635835534909128,2.947767090331073e-06,-2.5685511775311835e-05,-1.9981721779365078e-07,3.814593559668103e-07,0.0001816595425206662,0.9999999834998125
2026-09-30T01:12:56.034 0.016376951811593557,2.82879191511349e-06,-2.5819223026584384e-05,-1.8370193221997584e-07,4.1393923108093244e-07,0.0001805548645983931,0.9999999836998678
2026-09-30T01:12:56.091 0.01639554850819809,2.82902605677666e-06,-2.580392287167385e-05,-1.9603011304766355e-07,3.812264845316209e-07,0.00018085461514405935,0.9999999836457121
2026-09-30T01:12:56.125 0.016415098713004703,2.8292721861464065e-06,-2.5894438574883702e-05,-1.97958927268929e-07,4.0765275787495186e-07,0.00018107301126720553,0.9999999836061795
2026-09-30T01:12:56.178 0.016432741640742807,2.948703599570968e-06,-2.5937235149601023e-05,-2.3376435347649977e-07,3.7849053250066145e-07,0.00018142269286103958,0.9999999835428042
2026-09-30T01:12:56.234 0.016450861596527342,2.8297224592064893e-06,-2.586157647484771e-05,-1.4261955215666433e-07,3.683629643519393e-07,0.0001812618806490764,0.9999999835719872
2026-09-30T01:12:56.274 0.01647041182489427,2.829968591310178e-06,-2.5937191035489408e-05,-1.7652263007982897e-07,4.709827609283222e-07,0.00018052293169237038,0.9999999837056089
2026-09-30T01:12:56.311 0.016488054777693575,2.83019071792735e-06,-2.596508644814007e-05,-2.459548190022231e-07,4.264535935148e-07,0.00018192011670491344,0.9999999834524143
2026-09-30T01:12:56.366 0.016506651262255274,2.8304248349850406e-06,-2.608389657634296e-05,-2.4143193005028747e-07,4.232521883336218e-07,0.00018175014691453484,0.9999999834833232
2026-09-30T01:12:56.402 0.01652620167910472,2.8306709889602665e-06,-2.6040301996439386e-05,-1.9755418231259375e-07,4.612619689192133e-07,0.00018071736216918253,0.9999999836704915
2026-09-30T01:12:56.460 0.01654146049771483,2.711653814393563e-06,-2.6034625454097034e-05,-1.0731231478542267e-07,3.914134763410499e-07,0.0001820466958897148,0.9999999834294178
2026-09-30T01:12:56.497 0.01656244128138793,2.8311272517727246e-06,-2.608269953931583e-05,-2.0990145551653483e-07,3.631238769080926e-07,0.00018156248879806782,0.9999999835174432
2026-09-30T01:12:56.553 0.016580561138428544,3.0697739690964713e-06,-2.606664549333065e-05,-2.462298101328955e-07,4.316339237285084e-07,0.00018010232039479654,0.9999999837814535
2026-09-30T01:12:56.589 0.016599157720233276,2.831589518007268e-06,-2.612585101226391e-05,-1.8966679606099453e-07,4.242420980805202e-07,0.00018243608259913547,0.9999999833584298
2026-09-30T01:12:56.645 0.01661870799572084,2.831835655578841e-06,-2.6171663287769287e-05,-9.232485522263092e-08,3.943821703315028e-07,0.00018215666790052836,0.999999983409392
2026-09-30T01:12:56.680 0.016635874134017424,2.9512610710492007e-06,-2.6183903647278648e-05,-2.4208331383402544e-07,3.55440262027565e-07,0.00018149551809868355,0.9999999835295958
2026-09-30T01:12:56.736 0.016654947617061693,3.1899197897492348e-06,-2.6199159746573067e-05,-4.182519166340219e-08,4.112626774227324e-07,0.00018183616537878643,0.9999999834677189
2026-09-30T01:12:56.776 0.01667497473361406,2.8325440621188992e-06,-2.624572589365459e-05,-1.668142298277404e-07,3.799462059883076e-07,0.00018217322779487215,0.9999999834063713
2026-09-30T01:12:56.828 0.01669214077766939,2.951969466653491e-06,-2.6317570823436586e-05,-1.1497151646920428e-07,4.26163416013623e-07,0.00018238180309845508,0.9999999833683414
2026-09-30T01:12:56.865 0.016711691218079153,2.9522156233626588e-06,-2.6259075100964852e-05,-2.2103453443447154e-08,3.403658866653353e-07,0.00018172834943392166,0.9999999834873452
2026-09-30T01:12:56.931 0.01673076456126242,3.0716650361177083e-06,-2.6363738036169723e-05,-2.2099171834121807e-07,4.2348518954797564e-07,0.0001822770844083501,0.999999983387418
2026-09-30T01:12:56.964 0.016746976910134034,3.071869141532855e-06,-2.6448976228878102e-05,-2.438677524910327e-07,4.000855913887599e-07,0.00018249046274769533,0.9999999833485056
2026-09-30T01:12:57.018 0.01676700406780348,3.191330577535729e-06,-2.64657401688173e-05,-1.124946675487147e-07,4.270365386376482e-07,0.00018227551439118478,0.9999999833877208
2026-09-30T01:12:57.054 0.0167851238601667,2.9531401284923244e-06,-2.6494389472542603e-05,-3.222916438689011e-07,3.939733236391876e-07,0.00018283365909769778,0.9999999832857969
2026-09-30T01:12:57.108 0.016803243765828833,3.072577561742624e-06,-2.6448533121922606e-05,-8.993853163866429e-08,4.165592543422234e-07,0.0001816478142058699,0.9999999835019449
2026-09-30T01:12:57.146 0.016822793947075133,3.0728236883784285e-06,-2.655394996770062e-05,-2.4484049097328627e-07,4.1620912155045763e-07,0.0001827371765981134,0.9999999833034454
2026-09-30T01:12:57.202 0.01683996017961298,3.192249114784557e-06,-2.6506585756937346e-05,-4.417936484630841e-08,3.903662379595969e-07,0.00018326906630436134,0.9999999832061474
2026-09-30T01:12:57.235 0.016858079923354682,3.073267949814599e-06,-2.656503736529747e-05,-2.866024527839311e-07,3.942063382335521e-07,0.0001823285922503862,0.9999999833780233
2026-09-30T01:12:57.290 0.016879060733589874,2.95432281084504e-06,-2.6598210268951107e-05,-1.8748818202526029e-07,3.5026025679400905e-07,0.00018310826385620538,0.9999999832356028
2026-09-30T01:12:57.328 0.01689622696612772,3.0737482372511684e-06,-2.6550846058187832e-05,-1.3943499701182074e-07,4.3017961359005933e-07,0.00018265679632042158,0.999999983318145
2026-09-30T01:12:57.382 0.016915300315314543,2.716360491840893e-06,-2.665550891539871e-05,-6.411016998930948e-08,4.141729738586077e-07,0.000182510111331419,0.9999999833449417
2026-09-30T01:12:57.417 0.01693389686755541,2.9550131961830727e-06,-2.6729615654894125e-05,-2.1802926892461504e-07,3.9752471500341845e-07,0.00018365986443017376,0.9999999831344242
2026-09-30T01:12:57.476 0.01695010935478714,3.1936358970845346e-06,-2.6725447031190547e-05,-2.0355494698748932e-07,4.4059844137552456e-07,0.000183427196854196,0.9999999831771138
2026-09-30T01:12:57.566 0.016971090307885107,2.955481484977297e-06,-2.6669213059936733e-05,-8.532828153346336e-08,3.677231382155968e-07,0.00018245794470883763,0.9999999833544778
2026-09-30T01:12:57.622 0.016990640536252037,2.9557276170809857e-06,-2.6744827620578427e-05,-1.4860858349637605e-07,3.261629220623925e-07,0.0001878066986722357,0.9999999823642576
2026-09-30T01:12:57.666 0.01700780669660805,3.194362324826619e-06,-2.674216685701813e-05,-1.2964303444307453e-07,2.8803704719908653e-07,0.00018792988049091207,0.99999998234113
2026-09-30T01:12:57.709 0.017026880113474037,3.0753931667008327e-06,-2.6802126325521528e-05,-1.333607044753166e-07,3.2936425723801114e-07,0.00018559686093338811,0.9999999827768393
2026-09-30T01:12:57.747 0.017044046136970827,2.9563999894188197e-06,-2.6888872358874686e-05,-2.506847428879448e-07,3.6760606430482414e-07,0.00018710843357612282,0.9999999824951179
2026-09-30T01:12:57.803 0.017063596480137555,3.195064714274881e-06,-2.6889981245672585e-05,-3.270997537923936e-09,3.091671619928741e-07,0.00018727779571802285,0.9999999824634657
2026-09-30T01:12:57.839 0.017082193128120572,3.3145081400114986e-06,-2.690448339539686e-05,-1.6216585140816605e-07,3.035781696352248e-07,0.0001865556225179711,0.9999999825984405
2026-09-30T01:12:57.894 0.017099836036801017,3.0763116820781234e-06,-2.6962181054186848e-05,-9.327037162275995e-08,2.122503771263319e-07,0.0001812024113309364,0.999999983582816
2026-09-30T01:12:57.934 0.01711843256398068,3.4341736732276924e-06,-2.7051188955748914e-05,-8.288976036855346e-08,3.7348572348043655e-07,0.00018259895183921318,0.9999999833287381
2026-09-30T01:12:57.986 0.017137982960271598,3.1960012453863137e-06,-2.7022495479416505e-05,-2.062008578242974e-07,2.9467185658799893e-07,0.000183277314252587,0.9999999832046482
2026-09-30T01:12:58.021 0.0171556260779931,3.1962233911410808e-06,-2.6946082894090056e-05,-1.5457207972647981e-07,1.9315792639909245e-07,0.00018170051437988488,0.9999999834924308
2026-09-30T01:12:58.077 0.017174699254753276,3.434882074299867e-06,-2.7155053846770535e-05,-1.736593852090741e-07,3.203415524498629e-07,0.00018233248974814956,0.9999999833773651
2026-09-30T01:12:58.115 0.01719424969816482,3.1967096519263718e-06,-2.7096558085301804e-05,-1.005384699451986e-07,3.264538415300035e-07,0.00018264387271035151,0.9999999833205494
2026-09-30T01:12:58.168 0.017210938999899263,3.3161290639746465e-06,-2.7108044514739522e-05,-1.2207838419575567e-07,2.602716515869735e-07,0.00018306214047285462,0.9999999832440849
2026-09-30T01:12:58.207 0.017230012441826453,3.0779506190414704e-06,-2.715310282117627e-05,-1.5202724270795622e-07,3.109120236689711e-07,0.00018200869202904173,0.999999983436358
2026-09-30T01:12:58.263 0.01724670176411943,3.43578861290635e-06,-2.7149688147042825e-05,-7.236661647104136e-08,2.752895250918997e-07,0.00018292240318442787,0.9999999832696566
2026-09-30T01:12:58.297 0.017265298369484487,3.1976041645510885e-06,-2.719399252340793e-05,-1.0548552809102555e-07,3.082930914235571e-07,0.0001834487719487509,0.9999999831732208
2026-09-30T01:12:58.363 0.017284371736228068,3.3170535800400805e-06,-2.728375431604464e-05,-1.2715208150907895e-07,2.431003476954875e-07,0.00018282419263950707,0.9999999832876195
2026-09-30T01:12:58.397 0.017302491621331663,3.1980724314737756e-06,-2.725279906899581e-05,-8.470242447120373e-08,3.5526689191896677e-07,0.00018471718808917847,0.9999999829397134
2026-09-30T01:12:58.450 0.017322518779001105,3.3175338674766497e-06,-2.7269563008935004e-05,-6.391122660271795e-08,1.9554509206831123e-07,0.00018269762770233193,0.9999999833107671
2026-09-30T01:12:58.493 0.017341592197367982,3.079355419809532e-06,-2.732952245793991e-05,-2.2655124429919542e-07,3.2173831916117884e-07,0.00018375495263416318,0.9999999831169811
2026-09-30T01:12:58.541 0.017358281522662743,3.1987748345917484e-06,-2.7326107744809472e-05,-1.407191092271462e-07,2.6003877451279834e-07,0.00018392706320769,0.9999999830853739
2026-09-30T01:12:58.578 0.01737735496008727,3.318224258282567e-06,-2.7371166109741704e-05,-2.00330899183755e-07,2.929837319610476e-07,0.00018157293013486089,0.9999999835155724
2026-09-30T01:12:58.634 0.01739642847119452,3.199255111092549e-06,-2.7371521007972472e-05,-1.1959178334604693e-07,2.8396224245595036e-07,0.0001838578668294768,0.9999999830980948
2026-09-30T01:12:58.670 0.01741359453730927,3.437889807902414e-06,-2.7428464814684805e-05,-2.63304741922008e-07,2.7517195475703267e-07,0.00018348964282638382,0.9999999831657028
2026-09-30T01:12:58.724 0.01743266797773558,3.3189206525105695e-06,-2.7473523140620043e-05,-2.090910541570346e-07,2.3116726619016404e-07,0.0001828427377471722,0.9999999832842179
2026-09-30T01:12:58.762 0.017451264537480887,2.961526909146093e-06,-2.754762978262297e-05,-2.0765008312769672e-07,3.9129679215530886e-07,0.00018647731122741162,0.9999999826130079
2026-09-30T01:12:58.815 0.01746938443864035,3.4385922110203866e-06,-2.7501773490498465e-05,-2.0313543048520292e-07,2.629487147878034e-07,0.00018331686396618605,0.9999999831974083
2026-09-30T01:12:58.853 0.017488457834947804,3.0812044710779957e-06,-2.757663406257303e-05,-2.7974895842722646e-07,2.925758475597756e-07,0.0001824270737093326,0.9999999833600993
2026-09-30T01:12:58.907 0.01750753136811448,3.0814446161632515e-06,-2.756208783773413e-05,-1.1160559283956142e-07,2.748237004351479e-07,0.00018394362973645035,0.9999999830823264
2026-09-30T01:12:58.940 0.017525174273793152,3.081666737312539e-06,-2.7619785535521112e-05,-1.9566748159257146e-07,3.7715237414597596e-07,0.00018602130307046431,0.999999982697947
2026-09-30T01:12:58.991 0.017544724569839253,3.320331456700717e-06,-2.7650696707455323e-05,-2.967470351163087e-07,3.128902333848351e-07,0.00018272554808161117,0.9999999833055939
2026-09-30T01:12:59.036 0.01756093717787433,3.320535592189227e-06,-2.7572022331913956e-05,-1.689733847235993e-07,2.6463692075313693e-07,0.00018294203768345167,0.999999983266056
2026-09-30T01:12:59.081 0.017580964148562143,3.3207877167792326e-06,-2.7707995392899925e-05,-1.0063118285881405e-07,2.3285611095207753e-07,0.0001845596912649991,0.9999999829688279
2026-09-30T01:12:59.115 0.017600037565428134,3.2018185586534467e-06,-2.776795486140333e-05,-1.444480496397696e-07,3.2243729624264424e-07,0.00018335203321625813,0.9999999831909534
2026-09-30T01:12:59.173 0.01761815744903084,3.2020466996284727e-06,-2.7736999633852992e-05,-2.83919632085274e-07,2.656840387231198e-07,0.00018421091066535137,0.9999999830330945
2026-09-30T01:12:59.208 0.01763675399977082,3.5599086935119836e-06,-2.78111063928469e-05,-1.0704106887052916e-07,2.809937535328766e-07,0.00018412334216555567,0.9999999830492521
2026-09-30T01:12:59.259 0.017653920116007978,3.56012481670707e-06,-2.783824787542592e-05,-1.1780677774572177e-07,3.0939896149482235e-07,0.0001834728217540321,0.9999999831688069
2026-09-30T01:12:59.294 0.017672516771495433,3.0835217947370308e-06,-2.7852749927657713e-05,-1.8610730635021709e-07,2.5887443391901124e-07,0.00018512152088665868,0.9999999828649603
2026-09-30T01:12:59.354 0.017691590207419075,3.3221805079691804e-06,-2.7897808312088443e-05,-1.69867751334541e-07,2.871050691676752e-07,0.000182995327682712,0.9999999832562992
2026-09-30T01:12:59.390 0.017709233207339005,3.322402640054237e-06,-2.789590143960279e-05,-1.3049618679968306e-07,2.697013056580052e-07,0.00018390254998100163,0.999999983089881
2026-09-30T01:12:59.452 0.017728783528446306,3.4418580726350252e-06,-2.7911911449470345e-05,-1.9208402724690873e-07,3.418786956086394e-07,0.0001875977390800859,0.9999999824034671
2026-09-30T01:12:59.489 0.017747857060112095,3.561307507261612e-06,-2.7897365244129948e-05,2.934510154540251e-08,1.9700088220986644e-07,0.00018285488858868463,0.9999999832820249
2026-09-30T01:12:59.548 0.017763592526801823,3.4422963142454575e-06,-2.8011651772404507e-05,-1.1269469857610976e-07,2.3506785835202214e-07,0.00018373251194515351,0.9999999831211479
2026-09-30T01:12:59.584 0.017784096525536076,3.2041358850464233e-06,-2.8029169583919853e-05,-1.3130914921802166e-07,3.062558331817903e-07,0.00018553457799934235,0.9999999827884045
2026-09-30T01:12:59.641 0.01780269309983637,3.5619978816638767e-06,-2.80883752003456e-05,-1.595188847330435e-07,2.854754261009461e-07,0.00018430408926665566,0.9999999830159477
2026-09-30T01:12:59.678 0.017820336077696876,3.4430107214736597e-06,-2.8101369450929604e-05,-1.3562139703501918e-07,2.9874693432807624e-07,0.00018449601019404003,0.9999999829805571
2026-09-30T01:12:59.740 0.017840363285488728,3.3240535838617556e-06,-2.8088331066735488e-05,-2.1167112152562e-08,2.8809574238599e-07,0.0001855458407264094,0.9999999827863286
2026-09-30T01:12:59.773 0.017856098889037678,3.562670275873247e-06,-2.811321079809659e-05,-1.0521378358290694e-07,2.7121487686477406e-07,0.00018407578462576948,0.9999999830580103
2026-09-30T01:12:59.834 0.017875172260283928,3.324491822738246e-06,-2.8202972532237805e-05,-1.7065705740825314e-07,2.636474936708663e-07,0.00018434536704778907,0.9999999830083434
2026-09-30T01:12:59.869 0.017896153205877455,3.6823838583376644e-06,-2.8146738658476488e-05,-1.1675528935316265e-07,3.496207974412395e-07,0.00018775728408823762,0.999999982373533
2026-09-30T01:12:59.923 0.017914272833318475,3.4441933901566646e-06,-2.8279695960178903e-05,-2.4419966839291263e-07,3.120175617865848e-07,0.00018410549386774938,0.9999999830525049
2026-09-30T01:12:59.959 0.017932392691859977,3.56363081793908e-06,-2.8263641894695224e-05,-1.25922200841079e-07,3.4152950824239767e-07,0.00018323042222192387,0.9999999832132398
2026-09-30T01:13:00.014 0.017951466180907802,3.325452378473789e-06,-2.827889791599565e-05,-2.0704460153126843e-07,2.746486961743885e-07,0.00018661992013381995,0.9999999825864434
2026-09-30T01:13:00.049 0.01796720169321727,3.3256504804668495e-06,-2.836338217863239e-05,-1.3019013234536265e-07,2.702252319354281e-07,0.00018458395785593516,0.9999999829643361
2026-09-30T01:13:00.103 0.01798818263730991,3.8027518056075994e-06,-2.8307148324369566e-05,-5.6942288470310525e-08,2.7220500863671374e-07,0.00018770368658281597,0.9999999823836242
2026-09-30T01:13:00.137 0.01800773277443736,3.564579347692857e-06,-2.84423674162869e-05,-3.0182491166038655e-07,2.9635945068704346e-07,0.00018542589278759954,0.9999999828085295
2026-09-30T01:13:00.195 0.018024422126294206,3.445580186126353e-06,-2.8424051521591305e-05,-1.220679340353408e-07,3.767453848506378e-07,0.00018605285081144015,0.9999999826920898
2026-09-30T01:13:00.227 0.01804397237822145,3.445826320963984e-06,-2.8484764939664843e-05,-1.8414976283073326e-07,3.3669812275323893e-07,0.00018585292843332658,0.9999999827292707
2026-09-30T01:13:00.282 0.01806066175063684,3.565245741214084e-06,-2.8451547941398088e-05,-1.0536135911782631e-07,3.3949242483480834e-07,0.00018390919433699068,0.9999999830886408
2026-09-30T01:13:00.319 0.01807973514394251,3.4462765803543563e-06,-2.8526408552469647e-05,-2.304789731618211e-07,2.626577821035022e-07,0.0001867195024441614,0.9999999825678525
2026-09-30T01:13:00.371 0.01809928548861013,3.5657320156690864e-06,-2.8527517419769045e-05,-1.6410739408726147e-07,3.3768799539456736e-07,0.00018852624471153262,0.9999999822288569
2026-09-30T01:13:00.416 0.018116928325108743,3.4467448390752166e-06,-2.8629918525762e-05,-2.1506188578607273e-07,3.0031801229451486e-07,0.00018414499365399848,0.9999999830452423
2026-09-30T01:13:00.463 0.01813504827639062,3.685391567334732e-06,-2.855425990950419e-05,-4.706551824897435e-08,2.458367059714784e-07,0.00018399325923650653,0.9999999830732088
2026-09-30T01:13:00.499 0.01815507531625849,3.804852989667896e-06,-2.8645529562284182e-05,-1.7771824424702587e-07,5.149302895415022e-07,0.00018991497447223892,0.9999999819660027
2026-09-30T01:13:00.555 0.018170810950872196,3.4474232367066735e-06,-2.8655508053584628e-05,-1.0932605224477806e-07,2.989216979249971e-07,0.00018418335639025472,0.9999999830381948
2026-09-30T01:13:00.589 0.018191791709484095,3.6861059608932235e-06,-2.871848330087008e-05,-1.0621404376771891e-07,3.0421862162470134e-07,0.0001842926387572463,0.9999999830180596
2026-09-30T01:13:00.642 0.01821086519703103,3.5671368109692636e-06,-2.8733739341669004e-05,-1.6803314339153963e-08,3.1661762996440833e-07,0.00018695006922426994,0.9999999825247854
2026-09-30T01:13:00.678 0.018227554545886104,3.686556228485422e-06,-2.8715423485970407e-05,-1.8319441864330363e-07,2.8931706224130384e-07,0.00018528074620532885,0.9999999828354638
2026-09-30T01:13:00.731 0.01824758166093758,3.448389790396418e-06,-2.876198965255043e-05,-1.5902493337524177e-07,3.209822149505824e-07,0.00018582194187536627,0.9999999827350387
2026-09-30T01:13:00.768 0.018265224588675685,3.5678212038209794e-06,-2.8804786227267746e-05,-3.3063531555905535e-07,3.1207543573961915e-07,0.0001866844823230387,0.9999999825743485
2026-09-30T01:13:00.823 0.018283821145419214,3.4488460395391654e-06,-2.8878892908267663e-05,-2.4327142183541917e-07,2.7447375886875873e-07,0.00018556234442293232,0.9999999827832408
2026-09-30T01:13:00.860 0.01830289463146526,3.449086179156537e-06,-2.8894148968565085e-05,-1.8464463566266084e-07,2.7738452798647836e-07,0.00018579867857723882,0.9999999827393699
2026-09-30T01:13:00.913 0.018320537534142155,3.6877268793884866e-06,-2.895184670534906e-05,-1.6450526021892823e-07,4.77677429384945e-07,0.00018924158918495393,0.9999999820936827
2026-09-30T01:13:00.947 0.018340087878809776,3.8071823147032175e-06,-2.895295557264846e-05,-1.7384050456365972e-07,2.3017811171915688e-07,0.0001847262227040829,0.9999999829380696
2026-09-30T01:13:01.000 0.018359161367857597,3.5690038752379267e-06,-2.8968211593948886e-05,-8.655430419818918e-08,3.921707452001604e-07,0.00018739069840977728,0.9999999824422823
2026-09-30T01:13:01.037 0.01837537390521173,3.56920800252461e-06,-2.893424064611199e-05,-1.1619730915268128e-07,3.285495731903053e-07,0.0001869848102895494,0.9999999825182795
2026-09-30T01:13:01.111 0.018394924064398605,3.4502448368851414e-06,-2.9054558614959665e-05,-1.5739354941957805e-07,3.5759473655959156e-07,0.00018465726332230845,0.9999999829507711
2026-09-30T01:13:01.148 0.01841495126918868,3.5697062783558995e-06,-2.9041520269762546e-05,-1.4878932134326817e-07,3.472340691965773e-07,0.00018758437484009546,0.9999999824059796
2026-09-30T01:13:01.206 0.018432594244047404,3.689137697248345e-06,-2.9054514559343546e-05,-9.466117254426331e-08,2.4455597242257655e-07,0.00018563481161732872,0.9999999827698238
2026-09-30T01:13:01.241 0.018452144615277114,3.570174556214355e-06,-2.904072224507779e-05,-8.826380075894884e-08,2.869311874003376e-07,0.0001857874559409636,0.9999999827414654
2026-09-30T01:13:01.301 0.018469310615213584,3.4511813761984e-06,-2.9142369420999108e-05,-1.3147587428965313e-07,2.9310103076421465e-07,0.00018708601567787517,0.9999999824993596
2026-09-30T01:13:01.336 0.01848838409675697,3.809049384439765e-06,-2.9157625539792022e-05,-1.1328695958043834e-07,2.873385435922698e-07,0.0001865311948761328,0.9999999826030088
2026-09-30T01:13:01.400 0.01850841118974902,3.451673654075488e-06,-2.9219092829441704e-05,-2.918946344805789e-08,3.022401861706894e-07,0.00018600452363029725,0.9999999827011123
2026-09-30T01:13:01.435 0.018525577351605923,3.5710990722797894e-06,-2.9216432046382905e-05,7.3983243573424425e-09,3.104477949331223e-07,0.0001872264783445217,0.9999999824730745
2026-09-30T01:13:01.491 0.018544650786028672,3.928967075053271e-06,-2.926149045031214e-05,-1.992338758950748e-07,3.0800171270539593e-07,0.00018649630943817422,0.9999999826094959
2026-09-30T01:13:01.528 0.018564201089579214,3.5715853467347916e-06,-2.9292401524753865e-05,-2.193143778841901e-07,2.9315870352316976e-07,0.00018730285074200262,0.9999999824587539
2026-09-30T01:13:01.582 0.01858041348407057,3.6909987471591534e-06,-2.9347837451824425e-05,-7.412610417118769e-08,3.593998570470927e-07,0.00018660954120403524,0.9999999825883721
2026-09-30T01:13:01.589 0.01859996401872159,3.69124491480409e-06,-2.9229737159080055e-05,-3.7680518579947136e-07,1.4699828895957876e-07,0.00018684281512330937,0.9999999825447993
2026-09-30T01:13:01.623 0.01859996401872159,3.69124491480409e-06,-2.9229737159080055e-05,-3.7680518579947136e-07,1.4699828895957876e-07,0.00018684281512330937,0.9999999825447993
2026-09-30T01:13:01.681 0.018619037388466955,3.5722757512104194e-06,-2.931949891271977e-05,5.5868785010172245e-09,2.408314236200191e-07,0.00018697650626794314,0.9999999825198639
2026-09-30T01:13:01.720 0.018636203526763536,3.691701166680779e-06,-2.933173927222913e-05,1.8335853345017095e-08,2.806454774414188e-07,0.00018632777178045686,0.999999982640941
2026-09-30T01:13:01.777 0.01865480003638644,3.572725996931081e-06,-2.9435648238365366e-05,-1.9165494595057774e-07,3.146957003504847e-07,0.0001872492195960664,0.9999999824687968
2026-09-30T01:13:01.826 0.01867196615112271,3.6921514096674986e-06,-2.9462789740442885e-05,-9.323449230554888e-08,2.717390498502877e-07,0.00018685766662781118,0.9999999825420648
2026-09-30T01:13:01.871 0.018691516447168807,3.930816129055676e-06,-2.9493700912377103e-05,-1.0887939133707616e-07,4.57596212952228e-07,0.0001900926287838692,0.9999999819322855
2026-09-30T01:13:01.906 0.01871058993471575,3.8118469791317165e-06,-2.9508956953176026e-05,-9.319670390004863e-08,2.6603470440700343e-07,0.0001869037666358137,0.9999999825334511
2026-09-30T01:13:01.969 0.018728709749138393,3.692865822363585e-06,-2.9522705133831668e-05,-1.1538361959054005e-07,3.255809025940462e-07,0.00018595220448356606,0.999999982710829
2026-09-30T01:13:02.006 0.018748260048186267,3.6931119626691e-06,-2.9553616266768888e-05,-9.923176727435367e-08,3.201679441488765e-07,0.00018900343888421693,0.9999999821387937
2026-09-30T01:13:02.061 0.01876685662548834,3.8125553802038906e-06,-2.9612821844197643e-05,-1.5932953542660867e-07,2.75638619792606e-07,0.00018777833073281108,0.9999999823695984
2026-09-30T01:13:02.098 0.018783546000905503,3.6935562213713287e-06,-2.957960480693389e-05,-6.564922637131081e-08,2.9927144861148517e-07,0.00018700636466735648,0.9999999825142627
2026-09-30T01:13:02.153 0.018804049897894054,4.051442228943182e-06,-2.965672728621436e-05,-1.7662607645873528e-07,2.568957153838691e-07,0.00018857110388489204,0.9999999822204206
2026-09-30T01:13:02.189 0.018822169693259054,3.574833200817115e-06,-2.968537655094267e-05,-4.131873182642197e-08,3.2133226280190354e-07,0.0001865708942325994,0.9999999825955981
2026-09-30T01:13:02.244 0.018839335804993546,3.932677192636195e-06,-2.9712518092017187e-05,-1.7931496851788347e-07,2.7237891780972384e-07,0.00018841411972811688,0.9999999822500064
2026-09-30T01:13:02.285 0.018859839662365912,3.6945167470335084e-06,-2.9819442758941483e-05,-1.295115493587593e-07,3.324494931834059e-07,0.00018810910212632137,0.999999982307419
2026-09-30T01:13:02.335 0.018877005824222814,3.813942165237811e-06,-2.9816781975882685e-05,-1.7717900776299081e-07,3.0165737984784386e-07,0.00018847386850144037,0.9999999822387391
2026-09-30T01:13:02.374 0.018897033102695606,3.694985035827733e-06,-2.9759040163984088e-05,-5.7244198543893914e-08,2.737184212634797e-07,0.00018791113823843562,0.9999999823446628
2026-09-30T01:13:02.427 0.018915629469455734,3.695219139215713e-06,-2.995235600502778e-05,-3.971632434052505e-07,3.294794451343976e-07,0.00019088835171335875,0.9999999817806853
2026-09-30T01:13:02.471 0.018934226167561154,3.5762439913375517e-06,-2.993705583061874e-05,-1.1071938196345622e-07,3.0579067167740654e-07,0.00019007682630543533,0.999999981935347
2026-09-30T01:13:02.527 0.018954253275108194,3.934124000955204e-06,-2.9983622094691255e-05,-1.277816410015123e-07,3.4024933681715044e-07,0.00018823791342704402,0.9999999822831778
2026-09-30T01:13:02.572 0.018972373207332416,3.815142857856783e-06,-2.9922864562506106e-05,-3.113483193281521e-07,2.745900957442613e-07,0.00018986330448954314,0.9999999819758765
2026-09-30T01:13:02.617 0.01898858555620403,3.81534696327193e-06,-3.000810275521448e-05,-1.8328300650760565e-07,3.2884047380171594e-07,0.0001904784877633455,0.9999999818589018
2026-09-30T01:13:02.652 0.019008612691814048,3.8155991069995305e-06,-3.003976781822334e-05,-1.845140227945721e-07,3.020648714877844e-07,0.000189503102611172,0.9999999820442242
2026-09-30T01:13:02.709 0.01902768610868004,3.6966299488737447e-06,-3.009972728672674e-05,-1.9112766030005364e-07,3.3524315166236174e-07,0.0001890991754055504,0.9999999821206763
2026-09-30T01:13:02.745 0.019044852269036048,3.9352646566193775e-06,-3.009706652316644e-05,-1.5482365081390476e-07,3.2214673146188093e-07,0.00018995613858961864,0.9999999819582687
2026-09-30T01:13:02.798 0.01906487952394853,3.816307524475357e-06,-3.0054225853836007e-05,1.0416354780895736e-07,2.750000111283619e-07,0.00018798237315200715,0.9999999823312703
2026-09-30T01:13:02.837 0.01908156866226166,3.816517627844706e-06,-3.0170020261752343e-05,5.5367907216525725e-08,3.171421677937618e-07,0.00018959133045322663,0.9999999820275117
2026-09-30T01:13:02.891 0.01910064224404985,3.6975484888565145e-06,-3.0125671732278627e-05,-1.0029575453871721e-07,2.464189377863825e-07,0.00018999151549393126,0.9999999819515765
2026-09-30T01:13:02.927 0.019120192445854688,3.936213197308923e-06,-3.021618747448548e-05,-2.81955705406838e-08,3.6650167599246003e-07,0.000189045844743506,0.9999999821307666
2026-09-30T01:13:02.978 0.01913735859015483,3.578801454613958e-06,-3.0228427756000847e-05,9.142251782009656e-08,3.211587186507267e-07,0.00018954933427501705,0.999999982035469
2026-09-30T01:13:03.024 0.019157385722763074,3.817472177424221e-06,-3.0260092858006703e-05,-1.5926443112333617e-07,4.6830633237636773e-07,0.000192920834064609,0.9999999813906534
2026-09-30T01:13:03.079 0.01917455174475897,3.8176882896835396e-06,-3.034683891085836e-05,-2.7392088499272324e-08,3.4205448299045725e-07,0.0001891714276067344,0.9999999821070265
2026-09-30T01:13:03.118 0.01919219493316142,3.8179104436401335e-06,-3.022572289782743e-05,-1.1220002338127874e-07,2.8111049294799413e-07,0.0001884921523771716,0.9999999822353083
