2026-09-30T01:30:51.817 5,300000000,map,-6.000000000000445,-1.0,0.0,0.0,0.0,0.9999999999991198,1.3267948966775328e-06,-2.3803181647963356e-12,0.0,0.0,0.0,0.0,0.0,0.0,0.0,0.0,0.0,0.0,0.0,0.0,0.0,0.0,0.0,0.0,0.0,0.0,0.0,0.0,0.0,0.0,0.0,0.0,0.0,0.0,0.0,0.0,0.0,0.0,0.0,0.0,0.0,0.0,-6.972200594645862e-14
2026-09-30T01:32:45.904 46,400000000,map,-6.089517965081997,-1.0064566234512171,0.0,0.0,0.0,-0.967242582103752,0.2538538701010221,0.01699079135816106,0.002576622103299009,0.0,0.0,0.0,0.0,0.0025766221032981207,0.0007376003939523201,0.0,0.0,0.0,0.0,0.0,0.0,0.0,0.0,0.0,0.0,0.0,0.0,0.0,0.0,0.0,0.0,0.0,0.0,0.0,0.0,0.0,0.0,0.0,0.0,0.0,0.0,0.0,0.016111879680952915
2026-09-30T01:32:49.918 47,800000000,map,-6.189660905522418,-1.0665705276290296,0.0,0.0,0.0,-0.8110956430171654,0.5849135473542829,0.02558427381543993,0.0137523385614573,0.0,0.0,0.0,0.0,0.0137523385614573,0.01425775452104805,0.0,0.0,0.0,0.0,0.0,0.0,0.0,0.0,0.0,0.0,0.0,0.0,0.0,0.0,0.0,0.0,0.0,0.0,0.0,0.0,0.0,0.0,0.0,0.0,0.0,0.0,0.0,0.02818602226672844
2026-09-30T01:32:53.547 49,100000000,map,-6.203910209217429,-1.1030883759912868,0.0,0.0,0.0,-0.5925894451604642,0.8055046551599893,0.01986423103586077,0.012755265018591366,0.0,0.0,0.0,0.0,0.012755265018591366,0.03439172168531557,0.0,0.0,0.0,0.0,0.0,0.0,0.0,0.0,0.0,0.0,0.0,0.0,0.0,0.0,0.0,0.0,0.0,0.0,0.0,0.0,0.0,0.0,0.0,0.0,0.0,0.0,0.0,0.03232164498962385
2026-09-30T01:32:56.576 50,200000000,map,-6.208134796206339,-1.1375187067523345,0.0,0.0,0.0,-0.2923309976846851,0.9563172004061605,0.025493188951763557,0.002728201345504111,0.0,0.0,0.0,0.0,0.002728201345504111,0.040309208074351455,0.0,0.0,0.0,0.0,0.0,0.0,0.0,0.0,0.0,0.0,0.0,0.0,0.0,0.0,0.0,0.0,0.0,0.0,0.0,0.0,0.0,0.0,0.0,0.0,0.0,0.0,0.0,0.028439634231693288
2026-09-30T01:33:00.329 51,500000000,map,-6.162986108728288,-1.1190867807567029,0.0,0.0,0.0,0.12295730789200199,0.9924119610504256,0.05071481922998089,-0.01013245890850456,0.0,0.0,0.0,0.0,-0.01013245890850456,0.037052319969412384,0.0,0.0,0.0,0.0,0.0,0.0,0.0,0.0,0.0,0.0,0.0,0.0,0.0,0.0,0.0,0.0,0.0,0.0,0.0,0.0,0.0,0.0,0.0,0.0,0.0,0.0,0.0,0.018253456062242802
2026-09-30T01:33:04.775 53,100000000,map,-5.65203195587787,-0.742357160588752,0.0,0.0,0.0,0.15606769458013112,0.9877463615262994,0.06672876009598383,0.011807140094039603,0.0,0.0,0.0,0.0,0.011807140094039603,0.04488255014014375,0.0,0.0,0.0,0.0,0.0,0.0,0.0,0.0,0.0,0.0,0.0,0.0,0.0,0.0,0.0,0.0,0.0,0.0,0.0,0.0,0.0,0.0,0.0,0.0,0.0,0.0,0.0,0.02181571301068599
2026-09-30T01:33:08.514 54,400000000,map,-4.667523293455843,-0.7348696353573634,0.0,0.0,0.0,-0.08293802341872018,0.9965547071141633,0.11546345451576201,0.005495510096700684,0.0,0.0,0.0,0.0,0.005495510096700684,0.043256400001270956,0.0,0.0,0.0,0.0,0.0,0.0,0.0,0.0,0.0,0.0,0.0,0.0,0.0,0.0,0.0,0.0,0.0,0.0,0.0,0.0,0.0,0.0,0.0,0.0,0.0,0.0,0.0,0.04991803928640291
2026-09-30T01:33:13.956 55,600000000,map,-3.667573978872327,-0.7411941465760429,0.0,0.0,0.0,0.030698352735623297,0.999528694505225,0.10440753734581065,0.007097365048153836,0.0,0.0,0.0,0.0,0.007097365048153392,0.031077863199036604,0.0,0.0,0.0,0.0,0.0,0.0,0.0,0.0,0.0,0.0,0.0,0.0,0.0,0.0,0.0,0.0,0.0,0.0,0.0,0.0,0.0,0.0,0.0,0.0,0.0,0.0,0.0,0.02232798739646781
2026-09-30T01:33:17.285 56,800000000,map,-2.691069638544076,-0.6713679900978915,0.0,0.0,0.0,-0.041872397696023245,0.9991229665617671,0.16833730750801124,0.025615435817002874,0.0,0.0,0.0,0.0,0.025615435817002874,0.02768356626226648,0.0,0.0,0.0,0.0,0.0,0.0,0.0,0.0,0.0,0.0,0.0,0.0,0.0,0.0,0.0,0.0,0.0,0.0,0.0,0.0,0.0,0.0,0.0,0.0,0.0,0.0,0.0,0.028524923461546524
2026-09-30T01:33:20.646 58,0,map,-1.700945306490528,-0.6969117205294091,0.0,0.0,0.0,-0.039468605392561695,0.9992208110264549,0.13547868019125264,0.01589216313179631,0.0,0.0,0.0,0.0,0.01589216313179631,0.02748024497549273,0.0,0.0,0.0,0.0,0.0,0.0,0.0,0.0,0.0,0.0,0.0,0.0,0.0,0.0,0.0,0.0,0.0,0.0,0.0,0.0,0.0,0.0,0.0,0.0,0.0,0.0,0.0,0.029492775922127647
2026-09-30T01:33:24.268 59,300000000,map,-0.7544398754829624,-0.7885548122528299,0.0,0.0,0.0,-0.0965969089100932,0.9953235841619624,0.14813212143770416,0.011563866148882496,0.0,0.0,0.0,0.0,0.011563866148882496,0.030402359558149405,0.0,0.0,0.0,0.0,0.0,0.0,0.0,0.0,0.0,0.0,0.0,0.0,0.0,0.0,0.0,0.0,0.0,0.0,0.0,0.0,0.0,0.0,0.0,0.0,0.0,0.0,0.0,0.03230131019995385
