2026-09-30T01:48:41.009 0.0,0.0,0.0,0.0,0.0,0.16
2026-09-30T01:48:41.058 0.0,0.0,0.0,0.0,0.0,0.32
2026-09-30T01:48:41.107 0.0,0.0,0.0,0.0,0.0,0.48
2026-09-30T01:48:41.157 0.0,0.0,0.0,0.0,0.0,0.64
2026-09-30T01:48:41.208 0.0,0.0,0.0,0.0,0.0,0.7
2026-09-30T01:48:41.257 0.0,0.0,0.0,0.0,0.0,0.7
2026-09-30T01:48:41.318 0.0,0.0,0.0,0.0,0.0,0.7
2026-09-30T01:48:41.358 0.0,0.0,0.0,0.0,0.0,0.7
2026-09-30T01:48:41.407 0.0,0.0,0.0,0.0,0.0,0.7
2026-09-30T01:48:41.457 0.0,0.0,0.0,0.0,0.0,0.7
2026-09-30T01:48:41.507 0.0,0.0,0.0,0.0,0.0,0.7
2026-09-30T01:48:41.558 0.0,0.0,0.0,0.0,0.0,0.7
2026-09-30T01:48:41.608 0.0,0.0,0.0,0.0,0.0,0.7
2026-09-30T01:48:41.657 0.0,0.0,0.0,0.0,0.0,0.7
2026-09-30T01:48:41.708 0.0,0.0,0.0,0.0,0.0,0.7
2026-09-30T01:48:41.757 0.0,0.0,0.0,0.0,0.0,0.7
2026-09-30T01:48:41.808 0.0,0.0,0.0,0.0,0.0,0.7
2026-09-30T01:48:41.857 0.0,0.0,0.0,0.0,0.0,0.7
2026-09-30T01:48:41.907 0.0,0.0,0.0,0.0,0.0,0.7
2026-09-30T01:48:41.958 0.0,0.0,0.0,0.0,0.0,0.7
2026-09-30T01:48:42.007 0.0,0.0,0.0,0.0,0.0,0.7
2026-09-30T01:48:42.057 0.0,0.0,0.0,0.0,0.0,0.7
2026-09-30T01:48:42.107 0.0,0.0,0.0,0.0,0.0,0.7
2026-09-30T01:48:42.157 0.0,0.0,0.0,0.0,0.0,0.7
2026-09-30T01:48:42.208 0.0,0.0,0.0,0.0,0.0,0.7
2026-09-30T01:48:42.257 0.0,0.0,0.0,0.0,0.0,0.7
2026-09-30T01:48:42.307 0.0,0.0,0.0,0.0,0.0,0.7
2026-09-30T01:48:42.358 0.0,0.0,0.0,0.0,0.0,0.7
2026-09-30T01:48:42.408 0.0,0.0,0.0,0.0,0.0,0.7
2026-09-30T01:48:42.457 0.0,0.0,0.0,0.0,0.0,0.7
2026-09-30T01:48:42.507 0.0,0.0,0.0,0.0,0.0,0.7
2026-09-30T01:48:42.558 0.0,0.0,0.0,0.0,0.0,0.7
2026-09-30T01:48:42.607 0.0,0.0,0.0,0.0,0.0,0.7
2026-09-30T01:48:42.668 0.0,0.0,0.0,0.0,0.0,0.7
2026-09-30T01:48:42.708 0.0,0.0,0.0,0.0,0.0,0.7
2026-09-30T01:48:42.769 0.0,0.0,0.0,0.0,0.0,0.7
2026-09-30T01:48:42.808 0.0,0.0,0.0,0.0,0.0,0.7
2026-09-30T01:48:42.858 0.0,0.0,0.0,0.0,0.0,0.7
2026-09-30T01:48:42.907 0.0,0.0,0.0,0.0,0.0,0.7
2026-09-30T01:48:42.958 0.0,0.0,0.0,0.0,0.0,0.7
2026-09-30T01:48:43.007 0.0,0.0,0.0,0.0,0.0,0.7
2026-09-30T01:48:43.057 0.0,0.0,0.0,0.0,0.0,0.7
2026-09-30T01:48:43.108 0.0,0.0,0.0,0.0,0.0,0.7
2026-09-30T01:48:43.157 0.0,0.0,0.0,0.0,0.0,0.7
2026-09-30T01:48:43.207 0.0,0.0,0.0,0.0,0.0,0.7
2026-09-30T01:48:43.258 0.0,0.0,0.0,0.0,0.0,0.7
2026-09-30T01:48:43.307 0.0,0.0,0.0,0.0,0.0,0.7
2026-09-30T01:48:43.358 0.0,0.0,0.0,0.0,0.0,0.7
2026-09-30T01:48:43.407 0.0,0.0,0.0,0.0,0.0,0.7
2026-09-30T01:48:43.457 0.0,0.0,0.0,0.0,0.0,0.7
2026-09-30T01:48:43.509 0.0,0.0,0.0,0.0,0.0,0.7
2026-09-30T01:48:43.558 0.0,0.0,0.0,0.0,0.0,0.7
2026-09-30T01:48:43.610 0.0,0.0,0.0,0.0,0.0,0.7
2026-09-30T01:48:43.658 0.0,0.0,0.0,0.0,0.0,0.7
2026-09-30T01:48:43.710 0.0,0.0,0.0,0.0,0.0,0.7
2026-09-30T01:48:43.759 0.0,0.0,0.0,0.0,0.0,0.7
2026-09-30T01:48:43.808 0.0,0.0,0.0,0.0,0.0,0.7
2026-09-30T01:48:43.857 0.0,0.0,0.0,0.0,0.0,0.7
2026-09-30T01:48:43.908 0.0,0.0,0.0,0.0,0.0,0.7
2026-09-30T01:48:43.958 0.0,0.0,0.0,0.0,0.0,0.7
2026-09-30T01:48:44.007 0.0,0.0,0.0,0.0,0.0,0.7
2026-09-30T01:48:44.058 0.0,0.0,0.0,0.0,0.0,0.7
2026-09-30T01:48:44.118 0.0,0.0,0.0,0.0,0.0,0.7
2026-09-30T01:48:44.157 0.0,0.0,0.0,0.0,0.0,0.7
2026-09-30T01:48:44.207 0.0,0.0,0.0,0.0,0.0,0.7
2026-09-30T01:48:44.257 0.0,0.0,0.0,0.0,0.0,0.7
2026-09-30T01:48:44.307 0.0,0.0,0.0,0.0,0.0,0.7
2026-09-30T01:48:44.358 0.0,0.0,0.0,0.0,0.0,0.7
2026-09-30T01:48:44.407 0.0,0.0,0.0,0.0,0.0,0.7
2026-09-30T01:48:44.458 0.0,0.0,0.0,0.0,0.0,0.7
2026-09-30T01:48:44.508 0.0,0.0,0.0,0.0,0.0,0.7
2026-09-30T01:48:44.558 0.0,0.0,0.0,0.0,0.0,0.7
2026-09-30T01:48:44.608 0.0,0.0,0.0,0.0,0.0,0.7
2026-09-30T01:48:44.658 0.0,0.0,0.0,0.0,0.0,0.7
2026-09-30T01:48:44.707 0.0,0.0,0.0,0.0,0.0,0.7
2026-09-30T01:48:44.757 0.0,0.0,0.0,0.0,0.0,0.7
2026-09-30T01:48:44.807 0.0,0.0,0.0,0.0,0.0,0.7
2026-09-30T01:48:44.859 0.0,0.0,0.0,0.0,0.0,0.7
2026-09-30T01:48:44.908 0.0,0.0,0.0,0.0,0.0,0.7
2026-09-30T01:48:44.957 0.0,0.0,0.0,0.0,0.0,0.7
2026-09-30T01:48:45.008 0.0,0.0,0.0,0.0,0.0,0.7
2026-09-30T01:48:45.057 0.0,0.0,0.0,0.0,0.0,0.7
2026-09-30T01:48:45.107 0.0,0.0,0.0,0.0,0.0,0.7
2026-09-30T01:48:45.157 0.0,0.0,0.0,0.0,0.0,0.7
2026-09-30T01:48:45.208 0.0,0.0,0.0,0.0,0.0,0.7
2026-09-30T01:48:45.257 0.0,0.0,0.0,0.0,0.0,0.7
2026-09-30T01:48:45.307 0.0,0.0,0.0,0.0,0.0,0.7
2026-09-30T01:48:45.358 0.0,0.0,0.0,0.0,0.0,0.7
2026-09-30T01:48:45.408 0.0,0.0,0.0,0.0,0.0,0.7
2026-09-30T01:48:45.458 0.0,0.0,0.0,0.0,0.0,0.7
2026-09-30T01:48:45.507 0.0,0.0,0.0,0.0,0.0,0.7
2026-09-30T01:48:45.557 0.0,0.0,0.0,0.0,0.0,0.7
2026-09-30T01:48:45.608 0.0,0.0,0.0,0.0,0.0,0.7
2026-09-30T01:48:45.657 0.0,0.0,0.0,0.0,0.0,0.7
2026-09-30T01:48:45.708 0.0,0.0,0.0,0.0,0.0,0.7
2026-09-30T01:48:45.757 0.0,0.0,0.0,0.0,0.0,0.7
2026-09-30T01:48:45.807 0.0,0.0,0.0,0.0,0.0,0.7
2026-09-30T01:48:45.857 0.0,0.0,0.0,0.0,0.0,0.7
2026-09-30T01:48:45.907 0.0,0.0,0.0,0.0,0.0,0.7
2026-09-30T01:48:45.957 0.0,0.0,0.0,0.0,0.0,0.7
2026-09-30T01:48:46.008 0.0,0.0,0.0,0.0,0.0,0.7
2026-09-30T01:48:46.057 0.0,0.0,0.0,0.0,0.0,0.7
2026-09-30T01:48:46.107 0.0,0.0,0.0,0.0,0.0,0.7
2026-09-30T01:48:46.158 0.0,0.0,0.0,0.0,0.0,0.7
2026-09-30T01:48:46.208 0.0,0.0,0.0,0.0,0.0,0.7
2026-09-30T01:48:46.259 0.0,0.0,0.0,0.0,0.0,0.7
2026-09-30T01:48:46.308 0.0,0.0,0.0,0.0,0.0,0.7
2026-09-30T01:48:46.357 0.0,0.0,0.0,0.0,0.0,0.7
2026-09-30T01:48:46.408 0.0,0.0,0.0,0.0,0.0,0.7
2026-09-30T01:48:46.457 0.0,0.0,0.0,0.0,0.0,0.7
2026-09-30T01:48:46.508 0.0,0.0,0.0,0.0,0.0,0.7
2026-09-30T01:48:46.557 0.0,0.0,0.0,0.0,0.0,0.7
2026-09-30T01:48:46.610 0.0,0.0,0.0,0.0,0.0,0.7
2026-09-30T01:48:46.658 0.0,0.0,0.0,0.0,0.0,0.7
2026-09-30T01:48:46.707 0.0,0.0,0.0,0.0,0.0,0.7
2026-09-30T01:48:46.757 0.0,0.0,0.0,0.0,0.0,0.7
2026-09-30T01:48:46.807 0.0,0.0,0.0,0.0,0.0,0.7
2026-09-30T01:48:46.868 0.0,0.0,0.0,0.0,0.0,0.7
2026-09-30T01:48:46.907 0.0,0.0,0.0,0.0,0.0,0.7
2026-09-30T01:48:46.957 0.0,0.0,0.0,0.0,0.0,0.7
2026-09-30T01:48:47.007 0.0,0.0,0.0,0.0,0.0,0.7
2026-09-30T01:48:47.057 0.0,0.0,0.0,0.0,0.0,0.7
2026-09-30T01:48:47.110 0.0,0.0,0.0,0.0,0.0,0.7
2026-09-30T01:48:47.158 0.0,0.0,0.0,0.0,0.0,0.7
2026-09-30T01:48:47.208 0.0,0.0,0.0,0.0,0.0,0.7
2026-09-30T01:48:47.257 0.0,0.0,0.0,0.0,0.0,0.7
2026-09-30T01:48:47.308 0.0,0.0,0.0,0.0,0.0,0.7
2026-09-30T01:48:47.357 0.0,0.0,0.0,0.0,0.0,0.7
2026-09-30T01:48:47.408 0.0,0.0,0.0,0.0,0.0,0.7
2026-09-30T01:48:47.457 0.0,0.0,0.0,0.0,0.0,0.7
2026-09-30T01:48:47.507 0.0,0.0,0.0,0.0,0.0,0.7
2026-09-30T01:48:47.557 0.0,0.0,0.0,0.0,0.0,0.7
2026-09-30T01:48:47.609 0.0,0.0,0.0,0.0,0.0,0.7
2026-09-30T01:48:47.657 0.0,0.0,0.0,0.0,0.0,0.7
2026-09-30T01:48:47.708 0.0,0.0,0.0,0.0,0.0,0.7
2026-09-30T01:48:47.758 0.0,0.0,0.0,0.0,0.0,0.7
2026-09-30T01:48:47.808 0.0,0.0,0.0,0.0,0.0,0.7
2026-09-30T01:48:47.857 0.0,0.0,0.0,0.0,0.0,0.7
2026-09-30T01:48:47.908 0.0,0.0,0.0,0.0,0.0,0.7
2026-09-30T01:48:47.957 0.0,0.0,0.0,0.0,0.0,0.7
2026-09-30T01:48:48.008 0.0,0.0,0.0,0.0,0.0,0.7
2026-09-30T01:48:48.058 0.0,0.0,0.0,0.0,0.0,0.7
2026-09-30T01:48:48.107 0.0,0.0,0.0,0.0,0.0,0.7
2026-09-30T01:48:48.157 0.0,0.0,0.0,0.0,0.0,0.7
2026-09-30T01:48:48.209 0.0,0.0,0.0,0.0,0.0,0.7
2026-09-30T01:48:48.258 0.0,0.0,0.0,0.0,0.0,0.7
2026-09-30T01:48:48.308 0.0,0.0,0.0,0.0,0.0,0.7
2026-09-30T01:48:48.357 0.0,0.0,0.0,0.0,0.0,0.7
2026-09-30T01:48:48.407 0.0,0.0,0.0,0.0,0.0,0.5571187904599103
2026-09-30T01:48:48.457 0.0,0.0,0.0,0.0,0.0,0.5571187904599103
2026-09-30T01:48:48.508 0.0,0.0,0.0,0.0,0.0,0.5571187904599103
2026-09-30T01:48:48.557 0.0,0.0,0.0,0.0,0.0,0.5571187904599103
2026-09-30T01:48:48.607 0.0,0.0,0.0,0.0,0.0,0.4
2026-09-30T01:48:48.657 0.0,0.0,0.0,0.0,0.0,0.4
2026-09-30T01:48:48.708 0.0,0.0,0.0,0.0,0.0,0.4
2026-09-30T01:48:48.758 0.0,0.0,0.0,0.0,0.0,0.4
2026-09-30T01:48:48.807 0.0,0.0,0.0,0.0,0.0,0.24000000000000002
2026-09-30T01:48:48.858 0.0,0.0,0.0,0.0,0.0,0.08000000000000002
2026-09-30T01:48:48.909 0.0,0.0,0.0,0.0,0.0,0.0
2026-09-30T01:48:48.958 0.0,0.0,0.0,0.0,0.0,0.0
2026-09-30T01:48:49.008 0.0,0.0,0.0,0.0,0.0,0.0
2026-09-30T01:48:49.057 0.0,0.0,0.0,0.0,0.0,0.0
2026-09-30T01:48:49.107 0.0,0.0,0.0,0.0,0.0,0.0
2026-09-30T01:48:49.157 0.0,0.0,0.0,0.0,0.0,0.0
2026-09-30T01:48:49.207 0.0,0.0,0.0,0.0,0.0,0.0
2026-09-30T01:48:49.257 0.0,0.0,0.0,0.0,0.0,0.0
2026-09-30T01:48:49.308 0.0,0.0,0.0,0.0,0.0,0.0
2026-09-30T01:48:49.357 0.0,0.0,0.0,0.0,0.0,0.0
2026-09-30T01:48:49.407 0.0,0.0,0.0,0.0,0.0,0.0
2026-09-30T01:48:49.458 0.0,0.0,0.0,0.0,0.0,0.0
2026-09-30T01:48:49.507 0.0,0.0,0.0,0.0,0.0,0.0
2026-09-30T01:48:49.557 0.0,0.0,0.0,0.0,0.0,0.0
2026-09-30T01:48:49.609 0.0,0.0,0.0,0.0,0.0,0.0
2026-09-30T01:48:49.658 0.0,0.0,0.0,0.0,0.0,0.0
2026-09-30T01:48:49.708 0.0,0.0,0.0,0.0,0.0,0.0
2026-09-30T01:48:49.758 0.0,0.0,0.0,0.0,0.0,0.0
2026-09-30T01:48:49.808 0.0,0.0,0.0,0.0,0.0,0.0
2026-09-30T01:48:49.857 0.0,0.0,0.0,0.0,0.0,0.0
2026-09-30T01:48:49.908 0.0,0.0,0.0,0.0,0.0,0.0
2026-09-30T01:48:49.958 0.0,0.0,0.0,0.0,0.0,0.0
2026-09-30T01:48:50.007 0.0,0.0,0.0,0.0,0.0,0.0
2026-09-30T01:48:50.061 0.0,0.0,0.0,0.0,0.0,0.0
2026-09-30T01:48:50.107 0.0,0.0,0.0,0.0,0.0,0.0
2026-09-30T01:48:50.157 0.0,0.0,0.0,0.0,0.0,0.0
2026-09-30T01:48:50.207 0.0,0.0,0.0,0.0,0.0,0.0
2026-09-30T01:48:50.258 0.0,0.0,0.0,0.0,0.0,0.0
2026-09-30T01:48:50.307 0.0,0.0,0.0,0.0,0.0,0.0
2026-09-30T01:48:50.358 0.0,0.0,0.0,0.0,0.0,0.0
2026-09-30T01:48:50.408 0.0,0.0,0.0,0.0,0.0,0.0
2026-09-30T01:48:50.457 0.0,0.0,0.0,0.0,0.0,0.0
2026-09-30T01:48:50.507 0.0,0.0,0.0,0.0,0.0,0.0
2026-09-30T01:48:50.557 0.0,0.0,0.0,0.0,0.0,0.0
2026-09-30T01:48:50.607 0.0,0.0,0.0,0.0,0.0,0.0
2026-09-30T01:48:50.657 0.0,0.0,0.0,0.0,0.0,0.0
2026-09-30T01:48:50.708 0.0,0.0,0.0,0.0,0.0,0.0
2026-09-30T01:48:50.757 0.0,0.0,0.0,0.0,0.0,0.0
2026-09-30T01:48:50.808 0.0,0.0,0.0,0.0,0.0,0.0
2026-09-30T01:48:50.857 0.0,0.0,0.0,0.0,0.0,0.0
2026-09-30T01:48:50.908 0.0,0.0,0.0,0.0,0.0,0.0
2026-09-30T01:48:50.957 0.0,0.0,0.0,0.0,0.0,0.0
2026-09-30T01:48:51.007 0.0,0.0,0.0,0.0,0.0,0.0
2026-09-30T01:48:51.057 0.0,0.0,0.0,0.0,0.0,0.0
2026-09-30T01:48:51.108 0.0,0.0,0.0,0.0,0.0,0.0
2026-09-30T01:48:51.157 0.0,0.0,0.0,0.0,0.0,0.0
2026-09-30T01:48:51.207 0.0,0.0,0.0,0.0,0.0,0.0
2026-09-30T01:48:51.257 0.0,0.0,0.0,0.0,0.0,0.0
2026-09-30T01:48:51.308 0.0,0.0,0.0,0.0,0.0,0.0
2026-09-30T01:48:51.357 0.0,0.0,0.0,0.0,0.0,0.0
2026-09-30T01:48:51.407 0.0,0.0,0.0,0.0,0.0,0.0
2026-09-30T01:48:51.457 0.0,0.0,0.0,0.0,0.0,0.0
2026-09-30T01:48:51.508 0.0,0.0,0.0,0.0,0.0,0.0
2026-09-30T01:48:51.557 0.0,0.0,0.0,0.0,0.0,0.0
2026-09-30T01:49:03.007 -0.125,0.0,0.0,0.0,0.0,0.0
2026-09-30T01:49:03.058 -0.15000000596046448,0.0,0.0,0.0,0.0,0.0
2026-09-30T01:49:03.108 -0.15000000596046448,0.0,0.0,0.0,0.0,0.0
2026-09-30T01:49:03.158 -0.15000000596046448,0.0,0.0,0.0,0.0,0.0
2026-09-30T01:49:03.207 -0.15000000596046448,0.0,0.0,0.0,0.0,0.0
2026-09-30T01:49:03.260 -0.15000000596046448,0.0,0.0,0.0,0.0,0.0
2026-09-30T01:49:03.318 -0.15000000596046448,0.0,0.0,0.0,0.0,0.0
2026-09-30T01:49:03.357 -0.15000000596046448,0.0,0.0,0.0,0.0,0.0
2026-09-30T01:49:03.407 -0.15000000596046448,0.0,0.0,0.0,0.0,0.0
2026-09-30T01:49:03.458 -0.15000000596046448,0.0,0.0,0.0,0.0,0.0
2026-09-30T01:49:03.507 -0.15000000596046448,0.0,0.0,0.0,0.0,0.0
2026-09-30T01:49:03.558 -0.15000000596046448,0.0,0.0,0.0,0.0,0.0
2026-09-30T01:49:03.607 -0.15000000596046448,0.0,0.0,0.0,0.0,0.0
2026-09-30T01:49:03.657 -0.15000000596046448,0.0,0.0,0.0,0.0,0.0
2026-09-30T01:49:03.708 -0.15000000596046448,0.0,0.0,0.0,0.0,0.0
2026-09-30T01:49:03.757 -0.15000000596046448,0.0,0.0,0.0,0.0,0.0
2026-09-30T01:49:03.807 -0.15000000596046448,0.0,0.0,0.0,0.0,0.0
2026-09-30T01:49:03.857 -0.15000000596046448,0.0,0.0,0.0,0.0,0.0
2026-09-30T01:49:03.908 -0.15000000596046448,0.0,0.0,0.0,0.0,0.0
2026-09-30T01:49:03.957 -0.15000000596046448,0.0,0.0,0.0,0.0,0.0
2026-09-30T01:49:04.008 -0.15000000596046448,0.0,0.0,0.0,0.0,0.0
2026-09-30T01:49:04.058 -0.15000000596046448,0.0,0.0,0.0,0.0,0.0
2026-09-30T01:49:04.107 -0.15000000596046448,0.0,0.0,0.0,0.0,0.0
2026-09-30T01:49:04.158 -0.15000000596046448,0.0,0.0,0.0,0.0,0.0
2026-09-30T01:49:04.208 -0.15000000596046448,0.0,0.0,0.0,0.0,0.0
2026-09-30T01:49:04.257 -0.15000000596046448,0.0,0.0,0.0,0.0,0.0
2026-09-30T01:49:04.308 -0.15000000596046448,0.0,0.0,0.0,0.0,0.0
2026-09-30T01:49:04.358 -0.15000000596046448,0.0,0.0,0.0,0.0,0.0
2026-09-30T01:49:04.408 -0.15000000596046448,0.0,0.0,0.0,0.0,0.0
2026-09-30T01:49:04.458 -0.15000000596046448,0.0,0.0,0.0,0.0,0.0
2026-09-30T01:49:04.507 -0.15000000596046448,0.0,0.0,0.0,0.0,0.0
2026-09-30T01:49:04.557 -0.15000000596046448,0.0,0.0,0.0,0.0,0.0
2026-09-30T01:49:04.608 -0.15000000596046448,0.0,0.0,0.0,0.0,0.0
2026-09-30T01:49:04.658 -0.15000000596046448,0.0,0.0,0.0,0.0,0.0
2026-09-30T01:49:04.707 -0.15000000596046448,0.0,0.0,0.0,0.0,0.0
2026-09-30T01:49:04.758 -0.15000000596046448,0.0,0.0,0.0,0.0,0.0
2026-09-30T01:49:04.807 -0.15000000596046448,0.0,0.0,0.0,0.0,0.0
2026-09-30T01:49:04.857 -0.15000000596046448,0.0,0.0,0.0,0.0,0.0
2026-09-30T01:49:04.908 -0.15000000596046448,0.0,0.0,0.0,0.0,0.0
2026-09-30T01:49:04.958 -0.15000000596046448,0.0,0.0,0.0,0.0,0.0
2026-09-30T01:49:05.008 -0.15000000596046448,0.0,0.0,0.0,0.0,0.0
2026-09-30T01:49:05.057 -0.15000000596046448,0.0,0.0,0.0,0.0,0.0
2026-09-30T01:49:05.108 -0.15000000596046448,0.0,0.0,0.0,0.0,0.0
2026-09-30T01:49:05.157 -0.15000000596046448,0.0,0.0,0.0,0.0,0.0
2026-09-30T01:49:05.210 -0.15000000596046448,0.0,0.0,0.0,0.0,0.0
2026-09-30T01:49:05.257 -0.15000000596046448,0.0,0.0,0.0,0.0,0.0
2026-09-30T01:49:05.307 -0.15000000596046448,0.0,0.0,0.0,0.0,0.0
2026-09-30T01:49:05.357 -0.15000000596046448,0.0,0.0,0.0,0.0,0.0
2026-09-30T01:49:05.408 -0.15000000596046448,0.0,0.0,0.0,0.0,0.0
2026-09-30T01:49:05.458 -0.15000000596046448,0.0,0.0,0.0,0.0,0.0
2026-09-30T01:49:05.507 -0.15000000596046448,0.0,0.0,0.0,0.0,0.0
2026-09-30T01:49:05.558 -0.15000000596046448,0.0,0.0,0.0,0.0,0.0
2026-09-30T01:49:05.607 -0.15000000596046448,0.0,0.0,0.0,0.0,0.0
2026-09-30T01:49:05.658 -0.15000000596046448,0.0,0.0,0.0,0.0,0.0
2026-09-30T01:49:05.707 -0.15000000596046448,0.0,0.0,0.0,0.0,0.0
2026-09-30T01:49:05.757 -0.15000000596046448,0.0,0.0,0.0,0.0,0.0
2026-09-30T01:49:05.808 -0.15000000596046448,0.0,0.0,0.0,0.0,0.0
2026-09-30T01:49:05.857 -0.15000000596046448,0.0,0.0,0.0,0.0,0.0
2026-09-30T01:49:05.907 -0.15000000596046448,0.0,0.0,0.0,0.0,0.0
2026-09-30T01:49:05.957 -0.15000000596046448,0.0,0.0,0.0,0.0,0.0
2026-09-30T01:49:06.008 -0.15000000596046448,0.0,0.0,0.0,0.0,0.0
2026-09-30T01:49:06.058 -0.15000000596046448,0.0,0.0,0.0,0.0,0.0
2026-09-30T01:49:06.108 -0.15000000596046448,0.0,0.0,0.0,0.0,0.0
2026-09-30T01:49:06.157 -0.15000000596046448,0.0,0.0,0.0,0.0,0.0
2026-09-30T01:49:06.208 -0.15000000596046448,0.0,0.0,0.0,0.0,0.0
2026-09-30T01:49:06.257 -0.15000000596046448,0.0,0.0,0.0,0.0,0.0
2026-09-30T01:49:06.308 -0.15000000596046448,0.0,0.0,0.0,0.0,0.0
2026-09-30T01:49:06.357 -0.15000000596046448,0.0,0.0,0.0,0.0,0.0
2026-09-30T01:49:06.408 -0.15000000596046448,0.0,0.0,0.0,0.0,0.0
2026-09-30T01:49:06.458 -0.15000000596046448,0.0,0.0,0.0,0.0,0.0
2026-09-30T01:49:06.508 -0.15000000596046448,0.0,0.0,0.0,0.0,0.0
2026-09-30T01:49:06.558 -0.15000000596046448,0.0,0.0,0.0,0.0,0.0
2026-09-30T01:49:06.608 -0.15000000596046448,0.0,0.0,0.0,0.0,0.0
2026-09-30T01:49:06.657 -0.15000000596046448,0.0,0.0,0.0,0.0,0.0
2026-09-30T01:49:06.707 -0.15000000596046448,0.0,0.0,0.0,0.0,0.0
2026-09-30T01:49:06.758 -0.15000000596046448,0.0,0.0,0.0,0.0,0.0
2026-09-30T01:49:06.808 -0.15000000596046448,0.0,0.0,0.0,0.0,0.0
2026-09-30T01:49:06.858 -0.15000000596046448,0.0,0.0,0.0,0.0,0.0
2026-09-30T01:49:06.908 -0.15000000596046448,0.0,0.0,0.0,0.0,0.0
2026-09-30T01:49:06.958 -0.15000000596046448,0.0,0.0,0.0,0.0,0.0
2026-09-30T01:49:07.008 -0.15000000596046448,0.0,0.0,0.0,0.0,0.0
2026-09-30T01:49:07.059 -0.15000000596046448,0.0,0.0,0.0,0.0,0.0
2026-09-30T01:49:07.107 -0.15000000596046448,0.0,0.0,0.0,0.0,0.0
2026-09-30T01:49:07.158 -0.15000000596046448,0.0,0.0,0.0,0.0,0.0
2026-09-30T01:49:07.208 -0.15000000596046448,0.0,0.0,0.0,0.0,0.0
2026-09-30T01:49:07.257 -0.15000000596046448,0.0,0.0,0.0,0.0,0.0
2026-09-30T01:49:07.308 -0.15000000596046448,0.0,0.0,0.0,0.0,0.0
2026-09-30T01:49:07.357 -0.15000000596046448,0.0,0.0,0.0,0.0,0.0
2026-09-30T01:49:07.418 -0.15000000596046448,0.0,0.0,0.0,0.0,0.0
2026-09-30T01:49:07.457 -0.15000000596046448,0.0,0.0,0.0,0.0,0.0
2026-09-30T01:49:07.507 -0.15000000596046448,0.0,0.0,0.0,0.0,0.0
2026-09-30T01:49:07.558 -0.15000000596046448,0.0,0.0,0.0,0.0,0.0
2026-09-30T01:49:07.607 -0.15000000596046448,0.0,0.0,0.0,0.0,0.0
2026-09-30T01:49:07.658 -0.15000000596046448,0.0,0.0,0.0,0.0,0.0
2026-09-30T01:49:07.717 -0.15000000596046448,0.0,0.0,0.0,0.0,0.0
2026-09-30T01:49:07.757 -0.15000000596046448,0.0,0.0,0.0,0.0,0.0
2026-09-30T01:49:07.808 -0.15000000596046448,0.0,0.0,0.0,0.0,0.0
2026-09-30T01:49:07.857 -0.15000000596046448,0.0,0.0,0.0,0.0,0.0
2026-09-30T01:49:07.908 -0.15000000596046448,0.0,0.0,0.0,0.0,0.0
2026-09-30T01:49:07.957 -0.15000000596046448,0.0,0.0,0.0,0.0,0.0
2026-09-30T01:49:08.007 -0.15000000596046448,0.0,0.0,0.0,0.0,0.0
2026-09-30T01:49:08.058 -0.15000000596046448,0.0,0.0,0.0,0.0,0.0
2026-09-30T01:49:08.108 -0.15000000596046448,0.0,0.0,0.0,0.0,0.0
2026-09-30T01:49:08.157 -0.15000000596046448,0.0,0.0,0.0,0.0,0.0
2026-09-30T01:49:08.209 -0.15000000596046448,0.0,0.0,0.0,0.0,0.0
2026-09-30T01:49:08.257 -0.15000000596046448,0.0,0.0,0.0,0.0,0.0
2026-09-30T01:49:08.308 -0.15000000596046448,0.0,0.0,0.0,0.0,0.0
2026-09-30T01:49:08.358 -0.15000000596046448,0.0,0.0,0.0,0.0,0.0
2026-09-30T01:49:08.408 -0.15000000596046448,0.0,0.0,0.0,0.0,0.0
2026-09-30T01:49:08.457 -0.15000000596046448,0.0,0.0,0.0,0.0,0.0
2026-09-30T01:49:08.508 -0.15000000596046448,0.0,0.0,0.0,0.0,0.0
2026-09-30T01:49:08.558 -0.15000000596046448,0.0,0.0,0.0,0.0,0.0
2026-09-30T01:49:08.608 -0.15000000596046448,0.0,0.0,0.0,0.0,0.0
2026-09-30T01:49:08.657 -0.15000000596046448,0.0,0.0,0.0,0.0,0.0
2026-09-30T01:49:08.708 -0.15000000596046448,0.0,0.0,0.0,0.0,0.0
2026-09-30T01:49:08.758 -0.15000000596046448,0.0,0.0,0.0,0.0,0.0
2026-09-30T01:49:08.807 -0.15000000596046448,0.0,0.0,0.0,0.0,0.0
2026-09-30T01:49:08.858 -0.15000000596046448,0.0,0.0,0.0,0.0,0.0
2026-09-30T01:49:08.908 -0.15000000596046448,0.0,0.0,0.0,0.0,0.0
2026-09-30T01:49:08.958 -0.15000000596046448,0.0,0.0,0.0,0.0,0.0
2026-09-30T01:49:09.008 -0.15000000596046448,0.0,0.0,0.0,0.0,0.0
2026-09-30T01:49:09.057 -0.15000000596046448,0.0,0.0,0.0,0.0,0.0
2026-09-30T01:49:09.108 -0.15000000596046448,0.0,0.0,0.0,0.0,0.0
2026-09-30T01:49:09.157 -0.15000000596046448,0.0,0.0,0.0,0.0,0.0
2026-09-30T01:49:09.208 -0.15000000596046448,0.0,0.0,0.0,0.0,0.0
2026-09-30T01:49:09.257 -0.15000000596046448,0.0,0.0,0.0,0.0,0.0
2026-09-30T01:49:09.307 -0.15000000596046448,0.0,0.0,0.0,0.0,0.0
2026-09-30T01:49:09.357 -0.15000000596046448,0.0,0.0,0.0,0.0,0.0
2026-09-30T01:49:09.408 -0.15000000596046448,0.0,0.0,0.0,0.0,0.0
2026-09-30T01:49:09.457 -0.15000000596046448,0.0,0.0,0.0,0.0,0.0
2026-09-30T01:49:09.508 -0.15000000596046448,0.0,0.0,0.0,0.0,0.0
2026-09-30T01:49:09.557 -0.15000000596046448,0.0,0.0,0.0,0.0,0.0
2026-09-30T01:49:09.608 -0.025000005960464478,0.0,0.0,0.0,0.0,0.0
2026-09-30T01:49:09.658 0.0,0.0,0.0,0.0,0.0,0.0
2026-09-30T01:49:09.708 0.0,0.0,0.0,0.0,0.0,0.0
2026-09-30T01:49:09.758 0.0,0.0,0.0,0.0,0.0,0.0
2026-09-30T01:49:09.808 0.0,0.0,0.0,0.0,0.0,0.0
2026-09-30T01:49:09.858 0.0,0.0,0.0,0.0,0.0,0.0
2026-09-30T01:49:09.907 0.0,0.0,0.0,0.0,0.0,0.0
2026-09-30T01:49:09.957 0.0,0.0,0.0,0.0,0.0,0.0
2026-09-30T01:49:10.008 0.0,0.0,0.0,0.0,0.0,0.0
2026-09-30T01:49:10.059 0.0,0.0,0.0,0.0,0.0,0.0
2026-09-30T01:49:10.108 0.0,0.0,0.0,0.0,0.0,0.0
2026-09-30T01:49:10.157 0.0,0.0,0.0,0.0,0.0,0.0
2026-09-30T01:49:10.207 0.0,0.0,0.0,0.0,0.0,0.0
2026-09-30T01:49:10.257 0.0,0.0,0.0,0.0,0.0,0.0
2026-09-30T01:49:10.307 0.0,0.0,0.0,0.0,0.0,0.0
2026-09-30T01:49:10.357 0.0,0.0,0.0,0.0,0.0,0.0
2026-09-30T01:49:10.407 0.0,0.0,0.0,0.0,0.0,0.0
2026-09-30T01:49:10.458 0.0,0.0,0.0,0.0,0.0,0.0
2026-09-30T01:49:10.507 0.0,0.0,0.0,0.0,0.0,0.0
2026-09-30T01:49:10.557 0.0,0.0,0.0,0.0,0.0,0.0
2026-09-30T01:49:10.607 0.0,0.0,0.0,0.0,0.0,0.0
2026-09-30T01:49:10.657 0.0,0.0,0.0,0.0,0.0,0.0
2026-09-30T01:49:10.708 0.0,0.0,0.0,0.0,0.0,0.0
2026-09-30T01:49:10.758 0.0,0.0,0.0,0.0,0.0,0.0
2026-09-30T01:49:10.818 0.0,0.0,0.0,0.0,0.0,0.0
2026-09-30T01:49:11.639 0.0,0.0,0.0,0.0,0.0,0.0
2026-09-30T01:49:11.699 0.0,0.0,0.0,0.0,0.0,0.0
2026-09-30T01:49:12.931 0.0,0.0,0.0,0.0,0.0,0.0
2026-09-30T01:49:12.981 0.0,0.0,0.0,0.0,0.0,0.0
2026-09-30T01:49:13.041 0.0,0.0,0.0,0.0,0.0,0.0
2026-09-30T01:49:13.081 0.0,0.0,0.0,0.0,0.0,0.0
2026-09-30T01:49:13.131 0.0,0.0,0.0,0.0,0.0,0.0
2026-09-30T01:49:13.182 0.0,0.0,0.0,0.0,0.0,0.0
2026-09-30T01:49:13.231 0.0,0.0,0.0,0.0,0.0,0.0
2026-09-30T01:49:13.282 0.0,0.0,0.0,0.0,0.0,0.0
2026-09-30T01:49:13.331 0.0,0.0,0.0,0.0,0.0,0.0
2026-09-30T01:49:13.381 0.0,0.0,0.0,0.0,0.0,0.0
2026-09-30T01:49:13.431 0.0,0.0,0.0,0.0,0.0,0.0
2026-09-30T01:49:13.481 0.0,0.0,0.0,0.0,0.0,0.0
2026-09-30T01:49:13.532 0.0,0.0,0.0,0.0,0.0,0.0
2026-09-30T01:49:13.581 0.0,0.0,0.0,0.0,0.0,0.0
2026-09-30T01:49:13.631 0.0,0.0,0.0,0.0,0.0,0.0
2026-09-30T01:49:13.681 0.0,0.0,0.0,0.0,0.0,0.0
2026-09-30T01:49:13.731 0.0,0.0,0.0,0.0,0.0,0.0
2026-09-30T01:49:13.781 0.0,0.0,0.0,0.0,0.0,0.0
2026-09-30T01:49:13.831 0.0,0.0,0.0,0.0,0.0,0.0
2026-09-30T01:49:13.881 0.0,0.0,0.0,0.0,0.0,0.0
2026-09-30T01:49:13.931 0.0,0.0,0.0,0.0,0.0,0.0
2026-09-30T01:49:13.981 0.0,0.0,0.0,0.0,0.0,0.16
2026-09-30T01:49:14.031 0.0,0.0,0.0,0.0,0.0,0.32
2026-09-30T01:49:14.081 0.0,0.0,0.0,0.0,0.0,0.48
2026-09-30T01:49:14.131 0.0,0.0,0.0,0.0,0.0,0.64
2026-09-30T01:49:14.181 0.0,0.0,0.0,0.0,0.0,0.7
2026-09-30T01:49:14.231 0.0,0.0,0.0,0.0,0.0,0.7
2026-09-30T01:49:14.284 0.0,0.0,0.0,0.0,0.0,0.7
2026-09-30T01:49:14.332 0.0,0.0,0.0,0.0,0.0,0.7
2026-09-30T01:49:14.381 0.0,0.0,0.0,0.0,0.0,0.7
2026-09-30T01:49:14.431 0.0,0.0,0.0,0.0,0.0,0.7
2026-09-30T01:49:14.482 0.0,0.0,0.0,0.0,0.0,0.7
2026-09-30T01:49:14.531 0.0,0.0,0.0,0.0,0.0,0.7
2026-09-30T01:49:14.581 0.0,0.0,0.0,0.0,0.0,0.7
2026-09-30T01:49:14.631 0.0,0.0,0.0,0.0,0.0,0.7
2026-09-30T01:49:14.683 0.0,0.0,0.0,0.0,0.0,0.7
2026-09-30T01:49:14.731 0.0,0.0,0.0,0.0,0.0,0.7
2026-09-30T01:49:14.781 0.0,0.0,0.0,0.0,0.0,0.7
2026-09-30T01:49:14.831 0.0,0.0,0.0,0.0,0.0,0.7
2026-09-30T01:49:14.881 0.0,0.0,0.0,0.0,0.0,0.7
2026-09-30T01:49:14.931 0.0,0.0,0.0,0.0,0.0,0.7
2026-09-30T01:49:14.981 0.0,0.0,0.0,0.0,0.0,0.7
2026-09-30T01:49:15.031 0.0,0.0,0.0,0.0,0.0,0.7
2026-09-30T01:49:15.081 0.0,0.0,0.0,0.0,0.0,0.7
2026-09-30T01:49:15.131 0.0,0.0,0.0,0.0,0.0,0.7
2026-09-30T01:49:15.181 0.0,0.0,0.0,0.0,0.0,0.7
2026-09-30T01:49:15.233 0.0,0.0,0.0,0.0,0.0,0.7
2026-09-30T01:49:15.281 0.0,0.0,0.0,0.0,0.0,0.7
2026-09-30T01:49:15.331 0.0,0.0,0.0,0.0,0.0,0.7
2026-09-30T01:49:15.381 0.0,0.0,0.0,0.0,0.0,0.7
2026-09-30T01:49:15.431 0.0,0.0,0.0,0.0,0.0,0.7
2026-09-30T01:49:15.481 0.0,0.0,0.0,0.0,0.0,0.7
2026-09-30T01:49:15.531 0.0,0.0,0.0,0.0,0.0,0.7
2026-09-30T01:49:15.581 0.0,0.0,0.0,0.0,0.0,0.7
2026-09-30T01:49:15.631 0.0,0.0,0.0,0.0,0.0,0.7
2026-09-30T01:49:15.681 0.0,0.0,0.0,0.0,0.0,0.7
2026-09-30T01:49:15.731 0.0,0.0,0.0,0.0,0.0,0.7
2026-09-30T01:49:15.781 0.0,0.0,0.0,0.0,0.0,0.7
2026-09-30T01:49:15.831 0.0,0.0,0.0,0.0,0.0,0.7
2026-09-30T01:49:15.881 0.0,0.0,0.0,0.0,0.0,0.7
2026-09-30T01:49:15.931 0.0,0.0,0.0,0.0,0.0,0.7
2026-09-30T01:49:15.981 0.0,0.0,0.0,0.0,0.0,0.7
2026-09-30T01:49:16.031 0.0,0.0,0.0,0.0,0.0,0.7
2026-09-30T01:49:16.083 0.0,0.0,0.0,0.0,0.0,0.7
2026-09-30T01:49:16.131 0.0,0.0,0.0,0.0,0.0,0.7
2026-09-30T01:49:16.181 0.0,0.0,0.0,0.0,0.0,0.7
2026-09-30T01:49:16.231 0.0,0.0,0.0,0.0,0.0,0.7
2026-09-30T01:49:16.281 0.0,0.0,0.0,0.0,0.0,0.7
2026-09-30T01:49:16.331 0.0,0.0,0.0,0.0,0.0,0.7
2026-09-30T01:49:16.391 0.0,0.0,0.0,0.0,0.0,0.7
2026-09-30T01:49:16.431 0.0,0.0,0.0,0.0,0.0,0.7
2026-09-30T01:49:16.481 0.0,0.0,0.0,0.0,0.0,0.7
2026-09-30T01:49:16.531 0.0,0.0,0.0,0.0,0.0,0.7
2026-09-30T01:49:16.581 0.0,0.0,0.0,0.0,0.0,0.7
2026-09-30T01:49:16.631 0.0,0.0,0.0,0.0,0.0,0.7
2026-09-30T01:49:16.681 0.0,0.0,0.0,0.0,0.0,0.7
2026-09-30T01:49:16.731 0.0,0.0,0.0,0.0,0.0,0.7
2026-09-30T01:49:16.781 0.0,0.0,0.0,0.0,0.0,0.7
2026-09-30T01:49:16.832 0.0,0.0,0.0,0.0,0.0,0.7
2026-09-30T01:49:16.881 0.0,0.0,0.0,0.0,0.0,0.7
2026-09-30T01:49:16.931 0.0,0.0,0.0,0.0,0.0,0.7
2026-09-30T01:49:16.981 0.0,0.0,0.0,0.0,0.0,0.7
2026-09-30T01:49:17.031 0.0,0.0,0.0,0.0,0.0,0.7
2026-09-30T01:49:17.081 0.0,0.0,0.0,0.0,0.0,0.7
2026-09-30T01:49:17.132 0.0,0.0,0.0,0.0,0.0,0.7
2026-09-30T01:49:17.181 0.0,0.0,0.0,0.0,0.0,0.7
2026-09-30T01:49:17.231 0.0,0.0,0.0,0.0,0.0,0.7
2026-09-30T01:49:17.281 0.0,0.0,0.0,0.0,0.0,0.7
2026-09-30T01:49:17.331 0.0,0.0,0.0,0.0,0.0,0.7
2026-09-30T01:49:17.382 0.0,0.0,0.0,0.0,0.0,0.7
2026-09-30T01:49:17.431 0.0,0.0,0.0,0.0,0.0,0.7
2026-09-30T01:49:17.492 0.0,0.0,0.0,0.0,0.0,0.7
2026-09-30T01:49:17.541 0.0,0.0,0.0,0.0,0.0,0.7
2026-09-30T01:49:17.582 0.0,0.0,0.0,0.0,0.0,0.7
2026-09-30T01:49:17.631 0.0,0.0,0.0,0.0,0.0,0.7
2026-09-30T01:49:17.681 0.0,0.0,0.0,0.0,0.0,0.7
2026-09-30T01:49:17.731 0.0,0.0,0.0,0.0,0.0,0.7
2026-09-30T01:49:17.781 0.0,0.0,0.0,0.0,0.0,0.7
2026-09-30T01:49:17.832 0.0,0.0,0.0,0.0,0.0,0.7
2026-09-30T01:49:17.883 0.0,0.0,0.0,0.0,0.0,0.7
2026-09-30T01:49:17.931 0.0,0.0,0.0,0.0,0.0,0.7
2026-09-30T01:49:17.982 0.0,0.0,0.0,0.0,0.0,0.7
2026-09-30T01:49:18.031 0.0,0.0,0.0,0.0,0.0,0.7
2026-09-30T01:49:18.081 0.0,0.0,0.0,0.0,0.0,0.7
2026-09-30T01:49:18.131 0.0,0.0,0.0,0.0,0.0,0.7
2026-09-30T01:49:18.182 0.0,0.0,0.0,0.0,0.0,0.7
2026-09-30T01:49:18.231 0.0,0.0,0.0,0.0,0.0,0.7
2026-09-30T01:49:18.282 0.0,0.0,0.0,0.0,0.0,0.7
2026-09-30T01:49:18.331 0.0,0.0,0.0,0.0,0.0,0.7
2026-09-30T01:49:18.381 0.0,0.0,0.0,0.0,0.0,0.7
2026-09-30T01:49:18.431 0.0,0.0,0.0,0.0,0.0,0.7
2026-09-30T01:49:18.481 0.0,0.0,0.0,0.0,0.0,0.7
2026-09-30T01:49:18.531 0.0,0.0,0.0,0.0,0.0,0.7
2026-09-30T01:49:18.581 0.0,0.0,0.0,0.0,0.0,0.7
2026-09-30T01:49:18.631 0.0,0.0,0.0,0.0,0.0,0.7
2026-09-30T01:49:18.682 0.0,0.0,0.0,0.0,0.0,0.7
2026-09-30T01:49:18.731 0.0,0.0,0.0,0.0,0.0,0.7
2026-09-30T01:49:18.781 0.0,0.0,0.0,0.0,0.0,0.7
2026-09-30T01:49:18.831 0.0,0.0,0.0,0.0,0.0,0.7
2026-09-30T01:49:18.881 0.0,0.0,0.0,0.0,0.0,0.7
2026-09-30T01:49:18.931 0.0,0.0,0.0,0.0,0.0,0.7
2026-09-30T01:49:18.981 0.0,0.0,0.0,0.0,0.0,0.7
2026-09-30T01:49:19.031 0.0,0.0,0.0,0.0,0.0,0.7
2026-09-30T01:49:19.081 0.0,0.0,0.0,0.0,0.0,0.7
2026-09-30T01:49:19.131 0.0,0.0,0.0,0.0,0.0,0.7
2026-09-30T01:49:19.181 0.0,0.0,0.0,0.0,0.0,0.7
2026-09-30T01:49:19.231 0.0,0.0,0.0,0.0,0.0,0.7
2026-09-30T01:49:19.281 0.0,0.0,0.0,0.0,0.0,0.7
2026-09-30T01:49:19.331 0.0,0.0,0.0,0.0,0.0,0.7
2026-09-30T01:49:19.381 0.0,0.0,0.0,0.0,0.0,0.7
2026-09-30T01:49:19.431 0.0,0.0,0.0,0.0,0.0,0.7
2026-09-30T01:49:19.481 0.0,0.0,0.0,0.0,0.0,0.7
2026-09-30T01:49:19.531 0.0,0.0,0.0,0.0,0.0,0.7
2026-09-30T01:49:19.581 0.0,0.0,0.0,0.0,0.0,0.7
2026-09-30T01:49:19.631 0.0,0.0,0.0,0.0,0.0,0.7
2026-09-30T01:49:19.681 0.0,0.0,0.0,0.0,0.0,0.7
2026-09-30T01:49:19.731 0.0,0.0,0.0,0.0,0.0,0.7
2026-09-30T01:49:19.781 0.0,0.0,0.0,0.0,0.0,0.7
2026-09-30T01:49:19.831 0.0,0.0,0.0,0.0,0.0,0.7
2026-09-30T01:49:19.881 0.0,0.0,0.0,0.0,0.0,0.7
2026-09-30T01:49:19.931 0.0,0.0,0.0,0.0,0.0,0.7
2026-09-30T01:49:19.981 0.0,0.0,0.0,0.0,0.0,0.7
2026-09-30T01:49:20.031 0.0,0.0,0.0,0.0,0.0,0.7
2026-09-30T01:49:20.081 0.0,0.0,0.0,0.0,0.0,0.7
2026-09-30T01:49:20.131 0.0,0.0,0.0,0.0,0.0,0.7
2026-09-30T01:49:20.181 0.0,0.0,0.0,0.0,0.0,0.7
2026-09-30T01:49:20.231 0.0,0.0,0.0,0.0,0.0,0.7
2026-09-30T01:49:20.281 0.0,0.0,0.0,0.0,0.0,0.7
2026-09-30T01:49:20.341 0.0,0.0,0.0,0.0,0.0,0.7
2026-09-30T01:49:20.392 0.0,0.0,0.0,0.0,0.0,0.7
2026-09-30T01:49:20.431 0.0,0.0,0.0,0.0,0.0,0.7
2026-09-30T01:49:20.482 0.0,0.0,0.0,0.0,0.0,0.7
2026-09-30T01:49:20.531 0.0,0.0,0.0,0.0,0.0,0.7
2026-09-30T01:49:20.581 0.0,0.0,0.0,0.0,0.0,0.7
2026-09-30T01:49:20.632 0.0,0.0,0.0,0.0,0.0,0.7
2026-09-30T01:49:20.682 0.0,0.0,0.0,0.0,0.0,0.7
2026-09-30T01:49:20.731 0.0,0.0,0.0,0.0,0.0,0.7
2026-09-30T01:49:20.781 0.0,0.0,0.0,0.0,0.0,0.7
2026-09-30T01:49:20.831 0.0,0.0,0.0,0.0,0.0,0.7
2026-09-30T01:49:20.881 0.0,0.0,0.0,0.0,0.0,0.7
2026-09-30T01:49:20.931 0.0,0.0,0.0,0.0,0.0,0.7
2026-09-30T01:49:20.981 0.0,0.0,0.0,0.0,0.0,0.7
2026-09-30T01:49:21.031 0.0,0.0,0.0,0.0,0.0,0.7
2026-09-30T01:49:21.091 0.0,0.0,0.0,0.0,0.0,0.7
2026-09-30T01:49:21.131 0.0,0.0,0.0,0.0,0.0,0.7
2026-09-30T01:49:21.181 0.0,0.0,0.0,0.0,0.0,0.7
2026-09-30T01:49:21.231 0.0,0.0,0.0,0.0,0.0,0.7
2026-09-30T01:49:21.281 0.0,0.0,0.0,0.0,0.0,0.7
2026-09-30T01:49:21.331 0.0,0.0,0.0,0.0,0.0,0.7
2026-09-30T01:49:21.381 0.0,0.0,0.0,0.0,0.0,0.7
2026-09-30T01:49:21.431 0.0,0.0,0.0,0.0,0.0,0.7
2026-09-30T01:49:21.481 0.0,0.0,0.0,0.0,0.0,0.7
2026-09-30T01:49:21.532 0.0,0.0,0.0,0.0,0.0,0.7
2026-09-30T01:49:21.582 0.0,0.0,0.0,0.0,0.0,0.6144372405248547
2026-09-30T01:49:21.631 0.0,0.0,0.0,0.0,0.0,0.6144372405248547
2026-09-30T01:49:21.682 0.0,0.0,0.0,0.0,0.0,0.6144372405248547
2026-09-30T01:49:21.731 0.0,0.0,0.0,0.0,0.0,0.6144372405248547
2026-09-30T01:49:21.781 0.0,0.0,0.0,0.0,0.0,0.4544372405248547
2026-09-30T01:49:21.831 0.0,0.0,0.0,0.0,0.0,0.4
2026-09-30T01:49:21.881 0.0,0.0,0.0,0.0,0.0,0.4
2026-09-30T01:49:21.931 0.0,0.0,0.0,0.0,0.0,0.4
2026-09-30T01:49:21.991 0.0,0.0,0.0,0.0,0.0,0.24000000000000002
2026-09-30T01:49:22.033 0.0,0.0,0.0,0.0,0.0,0.08000000000000002
2026-09-30T01:49:22.081 0.0,0.0,0.0,0.0,0.0,0.0
2026-09-30T01:49:22.131 0.0,0.0,0.0,0.0,0.0,0.0
2026-09-30T01:49:22.181 0.0,0.0,0.0,0.0,0.0,0.0
2026-09-30T01:49:22.231 0.0,0.0,0.0,0.0,0.0,0.0
2026-09-30T01:49:22.281 0.0,0.0,0.0,0.0,0.0,0.0
2026-09-30T01:49:22.331 0.0,0.0,0.0,0.0,0.0,0.0
2026-09-30T01:49:22.381 0.0,0.0,0.0,0.0,0.0,0.0
2026-09-30T01:49:22.431 0.0,0.0,0.0,0.0,0.0,0.0
2026-09-30T01:49:22.481 0.0,0.0,0.0,0.0,0.0,0.0
2026-09-30T01:49:22.531 0.0,0.0,0.0,0.0,0.0,0.0
2026-09-30T01:49:22.581 0.0,0.0,0.0,0.0,0.0,0.0
2026-09-30T01:49:22.651 0.0,0.0,0.0,0.0,0.0,0.0
2026-09-30T01:49:22.681 0.0,0.0,0.0,0.0,0.0,0.0
2026-09-30T01:49:22.731 0.0,0.0,0.0,0.0,0.0,0.0
2026-09-30T01:49:22.791 0.0,0.0,0.0,0.0,0.0,0.0
2026-09-30T01:49:22.832 0.0,0.0,0.0,0.0,0.0,0.0
2026-09-30T01:49:22.883 0.0,0.0,0.0,0.0,0.0,0.0
2026-09-30T01:49:22.931 0.0,0.0,0.0,0.0,0.0,0.0
2026-09-30T01:49:22.981 0.0,0.0,0.0,0.0,0.0,0.0
2026-09-30T01:49:23.031 0.0,0.0,0.0,0.0,0.0,0.0
2026-09-30T01:49:23.086 0.0,0.0,0.0,0.0,0.0,0.0
2026-09-30T01:49:23.131 0.0,0.0,0.0,0.0,0.0,0.0
2026-09-30T01:49:23.181 0.0,0.0,0.0,0.0,0.0,0.0
2026-09-30T01:49:23.231 0.0,0.0,0.0,0.0,0.0,0.0
2026-09-30T01:49:23.281 0.0,0.0,0.0,0.0,0.0,0.0
2026-09-30T01:49:23.331 0.0,0.0,0.0,0.0,0.0,0.0
2026-09-30T01:49:23.381 0.0,0.0,0.0,0.0,0.0,0.0
2026-09-30T01:49:23.431 0.0,0.0,0.0,0.0,0.0,0.0
2026-09-30T01:49:23.481 0.0,0.0,0.0,0.0,0.0,0.0
2026-09-30T01:49:23.531 0.0,0.0,0.0,0.0,0.0,0.0
2026-09-30T01:49:23.581 0.0,0.0,0.0,0.0,0.0,0.0
2026-09-30T01:49:23.631 0.0,0.0,0.0,0.0,0.0,0.0
2026-09-30T01:49:23.681 0.0,0.0,0.0,0.0,0.0,0.0
2026-09-30T01:49:23.731 0.0,0.0,0.0,0.0,0.0,0.0
2026-09-30T01:49:23.781 0.0,0.0,0.0,0.0,0.0,0.0
2026-09-30T01:49:23.831 0.0,0.0,0.0,0.0,0.0,0.0
2026-09-30T01:49:23.891 0.0,0.0,0.0,0.0,0.0,0.0
2026-09-30T01:49:23.931 0.0,0.0,0.0,0.0,0.0,0.0
2026-09-30T01:49:23.981 0.0,0.0,0.0,0.0,0.0,0.0
2026-09-30T01:49:24.031 0.0,0.0,0.0,0.0,0.0,0.0
2026-09-30T01:49:24.081 0.0,0.0,0.0,0.0,0.0,0.0
2026-09-30T01:49:24.131 0.0,0.0,0.0,0.0,0.0,0.0
2026-09-30T01:49:24.181 0.0,0.0,0.0,0.0,0.0,0.0
2026-09-30T01:49:24.231 0.0,0.0,0.0,0.0,0.0,0.0
2026-09-30T01:49:24.283 0.0,0.0,0.0,0.0,0.0,0.0
2026-09-30T01:49:24.331 0.0,0.0,0.0,0.0,0.0,0.0
2026-09-30T01:49:24.381 0.0,0.0,0.0,0.0,0.0,0.0
2026-09-30T01:49:24.431 0.0,0.0,0.0,0.0,0.0,0.0
2026-09-30T01:49:24.481 0.0,0.0,0.0,0.0,0.0,0.0
2026-09-30T01:49:24.531 0.0,0.0,0.0,0.0,0.0,0.0
2026-09-30T01:49:24.581 0.0,0.0,0.0,0.0,0.0,0.0
2026-09-30T01:49:24.631 0.0,0.0,0.0,0.0,0.0,0.0
2026-09-30T01:49:24.681 0.0,0.0,0.0,0.0,0.0,0.0
2026-09-30T01:49:24.731 0.0,0.0,0.0,0.0,0.0,0.0
