2026-09-30T02:12:03.498 3,900000000,map,-6.000000000000445,-1.0,0.0,0.0,0.0,0.9999999999991198,1.3267948966775328e-06,-2.3803181647963356e-12,0.0,0.0,0.0,0.0,0.0,0.0,0.0,0.0,0.0,0.0,0.0,0.0,0.0,0.0,0.0,0.0,0.0,0.0,0.0,0.0,0.0,0.0,0.0,0.0,0.0,0.0,0.0,0.0,0.0,0.0,0.0,0.0,0.0,0.0,-6.972200594645862e-14
2026-09-30T02:12:10.059 8,600000000,map,-6.037440737504643,-1.0062292692772896,0.0,0.0,0.0,-0.9716154606438065,0.23656583996410727,0.013393713038652777,0.002435848888410419,0.0,0.0,0.0,0.0,0.002435848888410419,0.0005728131996680652,0.0,0.0,0.0,0.0,0.0,0.0,0.0,0.0,0.0,0.0,0.0,0.0,0.0,0.0,0.0,0.0,0.0,0.0,0.0,0.0,0.0,0.0,0.0,0.0,0.0,0.0,0.0,0.0148253193637079
2026-09-30T02:12:16.260 10,0,map,-6.109930051614111,-1.0513377025822412,0.0,0.0,0.0,-0.8240336421861738,0.5665408692630999,0.023075695748261182,0.013335517125489638,0.0,0.0,0.0,0.0,0.013335517125489638,0.012786151681921876,0.0,0.0,0.0,0.0,0.0,0.0,0.0,0.0,0.0,0.0,0.0,0.0,0.0,0.0,0.0,0.0,0.0,0.0,0.0,0.0,0.0,0.0,0.0,0.0,0.0,0.0,0.0,0.025169171750719636
2026-09-30T02:12:20.828 11,300000000,map,-6.133482443059299,-1.102472934394913,0.0,0.0,0.0,-0.5871025058112791,0.809512598833469,0.021818591738885118,0.012489114123449774,0.0,0.0,0.0,0.0,0.012489114123449774,0.04267557877909134,0.0,0.0,0.0,0.0,0.0,0.0,0.0,0.0,0.0,0.0,0.0,0.0,0.0,0.0,0.0,0.0,0.0,0.0,0.0,0.0,0.0,0.0,0.0,0.0,0.0,0.0,0.0,0.03391710531383682
2026-09-30T02:12:24.051 12,200000000,map,-5.759126718282595,-1.5938081179230756,0.0,0.0,0.0,-0.24607121875254953,0.9692517502185048,0.04086307480699958,8.09164434301124e-06,0.0,0.0,0.0,0.0,8.09164434301124e-06,0.05581483305796242,0.0,0.0,0.0,0.0,0.0,0.0,0.0,0.0,0.0,0.0,0.0,0.0,0.0,0.0,0.0,0.0,0.0,0.0,0.0,0.0,0.0,0.0,0.0,0.0,0.0,0.0,0.0,0.04877792189626207
2026-09-30T02:12:28.243 13,400000000,map,-4.886799675306495,-1.7104911379324863,0.0,0.0,0.0,0.044150600426556115,0.9990248868181285,0.09432894475098408,0.016416879842966026,0.0,0.0,0.0,0.0,0.016416879842966026,0.09260171646965398,0.0,0.0,0.0,0.0,0.0,0.0,0.0,0.0,0.0,0.0,0.0,0.0,0.0,0.0,0.0,0.0,0.0,0.0,0.0,0.0,0.0,0.0,0.0,0.0,0.0,0.0,0.0,0.10253427103932052
2026-09-30T02:12:32.433 14,600000000,map,-3.939504870268155,-1.4527199979814835,0.0,0.0,0.0,0.07566655300422831,0.9971331770412909,0.1469287888425992,0.03237360164881231,0.0,0.0,0.0,0.0,0.03237360164881142,0.10762027401804364,0.0,0.0,0.0,0.0,0.0,0.0,0.0,0.0,0.0,0.0,0.0,0.0,0.0,0.0,0.0,0.0,0.0,0.0,0.0,0.0,0.0,0.0,0.0,0.0,0.0,0.0,0.0,0.08911276011034389
2026-09-30T02:12:36.631 15,800000000,map,-3.0171912732645527,-1.375916137675244,0.0,0.0,0.0,-0.0011968519643663562,0.9999992837724312,0.21931298987927228,0.015402383347979054,0.0,0.0,0.0,0.0,0.015402383347979054,0.07882300368218553,0.0,0.0,0.0,0.0,0.0,0.0,0.0,0.0,0.0,0.0,0.0,0.0,0.0,0.0,0.0,0.0,0.0,0.0,0.0,0.0,0.0,0.0,0.0,0.0,0.0,0.0,0.0,0.09236964185614122
2026-09-30T02:12:40.871 17,0,map,-2.0552632055900233,-1.4076603695350807,0.0,0.0,0.0,0.005044805010540257,0.9999872748902386,0.25012695448278155,0.01592904544093887,0.0,0.0,0.0,0.0,0.01592904544093887,0.08420473829083597,0.0,0.0,0.0,0.0,0.0,0.0,0.0,0.0,0.0,0.0,0.0,0.0,0.0,0.0,0.0,0.0,0.0,0.0,0.0,0.0,0.0,0.0,0.0,0.0,0.0,0.0,0.0,0.10437256205425757
2026-09-30T02:12:47.346 18,200000000,map,-1.064578943671688,-1.2060709076232958,0.0,0.0,0.0,0.12974242379453266,0.9915477313109641,0.3064896996630124,-0.001446507038568301,0.0,0.0,0.0,0.0,-0.001446507038568301,0.08455492542846499,0.0,0.0,0.0,0.0,0.0,0.0,0.0,0.0,0.0,0.0,0.0,0.0,0.0,0.0,0.0,0.0,0.0,0.0,0.0,0.0,0.0,0.0,0.0,0.0,0.0,0.0,0.0,0.08167896821046325
2026-09-30T02:12:54.460 20,200000000,map,-0.24090290152764368,-0.9679064045523362,0.0,0.0,0.0,0.07824818445664888,0.9969339103617844,0.30788728127411547,-0.012932383156198046,0.0,0.0,0.0,0.0,-0.012932383156198046,0.05510985759282683,0.0,0.0,0.0,0.0,0.0,0.0,0.0,0.0,0.0,0.0,0.0,0.0,0.0,0.0,0.0,0.0,0.0,0.0,0.0,0.0,0.0,0.0,0.0,0.0,0.0,0.0,0.0,0.05981441019670332
