2026-09-30T02:12:03.488 0.0,0.0,0.0,0.0,0.0,0.16
2026-09-30T02:12:03.537 0.0,0.0,0.0,0.0,0.0,0.25789473684210534
2026-09-30T02:12:03.587 0.0,0.0,0.0,0.0,0.0,0.25789473684210534
2026-09-30T02:12:03.637 0.0,0.0,0.0,0.0,0.0,0.25789473684210534
2026-09-30T02:12:03.687 0.0,0.0,0.0,0.0,0.0,0.25789473684210534
2026-09-30T02:12:03.748 0.0,0.0,0.0,0.0,0.0,0.25789473684210534
2026-09-30T02:12:03.787 0.0,0.0,0.0,0.0,0.0,0.25789473684210534
2026-09-30T02:12:03.837 0.0,0.0,0.0,0.0,0.0,0.25789473684210534
2026-09-30T02:12:03.887 0.0,0.0,0.0,0.0,0.0,0.25789473684210534
2026-09-30T02:12:03.937 0.0,0.0,0.0,0.0,0.0,0.25789473684210534
2026-09-30T02:12:03.987 0.0,0.0,0.0,0.0,0.0,0.25789473684210534
2026-09-30T02:12:04.037 0.0,0.0,0.0,0.0,0.0,0.25789473684210534
2026-09-30T02:12:04.088 0.0,0.0,0.0,0.0,0.0,0.25789473684210534
2026-09-30T02:12:04.137 0.0,0.0,0.0,0.0,0.0,0.25789473684210534
2026-09-30T02:12:04.187 0.0,0.0,0.0,0.0,0.0,0.25789473684210534
2026-09-30T02:12:04.237 0.0,0.0,0.0,0.0,0.0,0.25789473684210534
2026-09-30T02:12:04.287 0.0,0.0,0.0,0.0,0.0,0.25789473684210534
2026-09-30T02:12:04.337 0.0,0.0,0.0,0.0,0.0,0.25789473684210534
2026-09-30T02:12:04.387 0.0,0.0,0.0,0.0,0.0,0.25789473684210534
2026-09-30T02:12:04.442 0.0,0.0,0.0,0.0,0.0,0.25789473684210534
2026-09-30T02:12:04.487 0.0,0.0,0.0,0.0,0.0,0.25789473684210534
2026-09-30T02:12:04.537 0.0,0.0,0.0,0.0,0.0,0.25789473684210534
2026-09-30T02:12:04.587 0.0,0.0,0.0,0.0,0.0,0.25789473684210534
2026-09-30T02:12:04.637 0.0,0.0,0.0,0.0,0.0,0.25789473684210534
2026-09-30T02:12:04.687 0.0,0.0,0.0,0.0,0.0,0.25789473684210534
2026-09-30T02:12:04.737 0.0,0.0,0.0,0.0,0.0,0.25789473684210534
2026-09-30T02:12:04.787 0.0,0.0,0.0,0.0,0.0,0.25789473684210534
2026-09-30T02:12:04.837 0.0,0.0,0.0,0.0,0.0,0.25789473684210534
2026-09-30T02:12:04.887 0.0,0.0,0.0,0.0,0.0,0.25789473684210534
2026-09-30T02:12:04.937 0.0,0.0,0.0,0.0,0.0,0.25789473684210534
2026-09-30T02:12:04.987 0.0,0.0,0.0,0.0,0.0,0.25789473684210534
2026-09-30T02:12:05.038 0.0,0.0,0.0,0.0,0.0,0.25789473684210534
2026-09-30T02:12:05.088 0.0,0.0,0.0,0.0,0.0,0.25789473684210534
2026-09-30T02:12:05.137 0.0,0.0,0.0,0.0,0.0,0.25789473684210534
2026-09-30T02:12:05.187 0.0,0.0,0.0,0.0,0.0,0.25789473684210534
2026-09-30T02:12:05.237 0.0,0.0,0.0,0.0,0.0,0.25789473684210534
2026-09-30T02:12:05.288 0.0,0.0,0.0,0.0,0.0,0.25789473684210534
2026-09-30T02:12:05.337 0.0,0.0,0.0,0.0,0.0,0.25789473684210534
2026-09-30T02:12:05.387 0.0,0.0,0.0,0.0,0.0,0.25789473684210534
2026-09-30T02:12:05.437 0.0,0.0,0.0,0.0,0.0,0.25789473684210534
2026-09-30T02:12:05.487 0.0,0.0,0.0,0.0,0.0,0.25789473684210534
2026-09-30T02:12:05.537 0.0,0.0,0.0,0.0,0.0,0.25789473684210534
2026-09-30T02:12:05.587 0.0,0.0,0.0,0.0,0.0,0.25789473684210534
2026-09-30T02:12:05.637 0.0,0.0,0.0,0.0,0.0,0.25789473684210534
2026-09-30T02:12:05.687 0.0,0.0,0.0,0.0,0.0,0.25789473684210534
2026-09-30T02:12:05.737 0.0,0.0,0.0,0.0,0.0,0.25789473684210534
2026-09-30T02:12:05.788 0.0,0.0,0.0,0.0,0.0,0.25789473684210534
2026-09-30T02:12:05.837 0.0,0.0,0.0,0.0,0.0,0.25789473684210534
2026-09-30T02:12:05.887 0.0,0.0,0.0,0.0,0.0,0.25789473684210534
2026-09-30T02:12:05.937 0.0,0.0,0.0,0.0,0.0,0.25789473684210534
2026-09-30T02:12:05.988 0.0,0.0,0.0,0.0,0.0,0.25789473684210534
2026-09-30T02:12:06.037 0.0,0.0,0.0,0.0,0.0,0.25789473684210534
2026-09-30T02:12:06.087 0.0,0.0,0.0,0.0,0.0,0.25789473684210534
2026-09-30T02:12:06.137 0.0,0.0,0.0,0.0,0.0,0.25789473684210534
2026-09-30T02:12:06.187 0.0,0.0,0.0,0.0,0.0,0.25789473684210534
2026-09-30T02:12:06.238 0.0,0.0,0.0,0.0,0.0,0.25789473684210534
2026-09-30T02:12:06.287 0.0,0.0,0.0,0.0,0.0,0.4178947368421053
2026-09-30T02:12:06.337 0.0,0.0,0.0,0.0,0.0,0.5778947368421053
2026-09-30T02:12:06.387 0.0,0.0,0.0,0.0,0.0,0.7
2026-09-30T02:12:06.437 0.0,0.0,0.0,0.0,0.0,0.7
2026-09-30T02:12:06.487 0.0,0.0,0.0,0.0,0.0,0.7
2026-09-30T02:12:06.537 0.0,0.0,0.0,0.0,0.0,0.7
2026-09-30T02:12:06.588 0.0,0.0,0.0,0.0,0.0,0.7
2026-09-30T02:12:06.637 0.0,0.0,0.0,0.0,0.0,0.7
2026-09-30T02:12:06.688 0.0,0.0,0.0,0.0,0.0,0.7
2026-09-30T02:12:06.737 0.0,0.0,0.0,0.0,0.0,0.7
2026-09-30T02:12:06.788 0.0,0.0,0.0,0.0,0.0,0.7
2026-09-30T02:12:06.837 0.0,0.0,0.0,0.0,0.0,0.7
2026-09-30T02:12:06.887 0.0,0.0,0.0,0.0,0.0,0.7
2026-09-30T02:12:06.937 0.0,0.0,0.0,0.0,0.0,0.7
2026-09-30T02:12:06.987 0.0,0.0,0.0,0.0,0.0,0.7
2026-09-30T02:12:07.037 0.0,0.0,0.0,0.0,0.0,0.7
2026-09-30T02:12:07.087 0.0,0.0,0.0,0.0,0.0,0.7
2026-09-30T02:12:07.137 0.0,0.0,0.0,0.0,0.0,0.7
2026-09-30T02:12:07.187 0.0,0.0,0.0,0.0,0.0,0.7
2026-09-30T02:12:07.237 0.0,0.0,0.0,0.0,0.0,0.7
2026-09-30T02:12:07.287 0.0,0.0,0.0,0.0,0.0,0.7
2026-09-30T02:12:07.337 0.0,0.0,0.0,0.0,0.0,0.7
2026-09-30T02:12:07.387 0.0,0.0,0.0,0.0,0.0,0.7
2026-09-30T02:12:07.437 0.0,0.0,0.0,0.0,0.0,0.7
2026-09-30T02:12:07.488 0.0,0.0,0.0,0.0,0.0,0.7
2026-09-30T02:12:07.538 0.0,0.0,0.0,0.0,0.0,0.7
2026-09-30T02:12:07.587 0.0,0.0,0.0,0.0,0.0,0.7
2026-09-30T02:12:07.637 0.0,0.0,0.0,0.0,0.0,0.7
2026-09-30T02:12:07.687 0.0,0.0,0.0,0.0,0.0,0.7
2026-09-30T02:12:07.738 0.0,0.0,0.0,0.0,0.0,0.6263157894736843
2026-09-30T02:12:07.788 0.0,0.0,0.0,0.0,0.0,0.6263157894736843
2026-09-30T02:12:07.838 0.0,0.0,0.0,0.0,0.0,0.6263157894736843
2026-09-30T02:12:07.887 0.0,0.0,0.0,0.0,0.0,0.6263157894736843
2026-09-30T02:12:07.937 0.0,0.0,0.0,0.0,0.0,0.6263157894736843
2026-09-30T02:12:07.987 0.0,0.0,0.0,0.0,0.0,0.6263157894736843
2026-09-30T02:12:08.038 0.0,0.0,0.0,0.0,0.0,0.6263157894736843
2026-09-30T02:12:08.087 0.0,0.0,0.0,0.0,0.0,0.6263157894736843
2026-09-30T02:12:08.137 0.0,0.0,0.0,0.0,0.0,0.6263157894736843
2026-09-30T02:12:08.187 0.0,0.0,0.0,0.0,0.0,0.6263157894736843
2026-09-30T02:12:08.237 0.0,0.0,0.0,0.0,0.0,0.6263157894736843
2026-09-30T02:12:08.288 0.0,0.0,0.0,0.0,0.0,0.6263157894736843
2026-09-30T02:12:08.337 0.0,0.0,0.0,0.0,0.0,0.5526315789473685
2026-09-30T02:12:08.387 0.0,0.0,0.0,0.0,0.0,0.5526315789473685
2026-09-30T02:12:08.437 0.0,0.0,0.0,0.0,0.0,0.5526315789473685
2026-09-30T02:12:08.487 0.0,0.0,0.0,0.0,0.0,0.5526315789473685
2026-09-30T02:12:08.537 0.0,0.0,0.0,0.0,0.0,0.5526315789473685
2026-09-30T02:12:08.587 0.0,0.0,0.0,0.0,0.0,0.5526315789473685
2026-09-30T02:12:08.647 0.0,0.0,0.0,0.0,0.0,0.5526315789473685
2026-09-30T02:12:08.687 0.0,0.0,0.0,0.0,0.0,0.5526315789473685
2026-09-30T02:12:08.738 0.0,0.0,0.0,0.0,0.0,0.5526315789473685
2026-09-30T02:12:08.787 0.0,0.0,0.0,0.0,0.0,0.5526315789473685
2026-09-30T02:12:08.837 0.0,0.0,0.0,0.0,0.0,0.5526315789473685
2026-09-30T02:12:08.887 0.0,0.0,0.0,0.0,0.0,0.5526315789473685
2026-09-30T02:12:08.937 0.0,0.0,0.0,0.0,0.0,0.47894736842105273
2026-09-30T02:12:08.987 0.0,0.0,0.0,0.0,0.0,0.47894736842105273
2026-09-30T02:12:09.048 0.0,0.0,0.0,0.0,0.0,0.47894736842105273
2026-09-30T02:12:09.087 0.0,0.0,0.0,0.0,0.0,0.47894736842105273
2026-09-30T02:12:09.137 0.0,0.0,0.0,0.0,0.0,0.47894736842105273
2026-09-30T02:12:10.008 0.0,0.0,0.0,0.0,0.0,0.47894736842105273
2026-09-30T02:12:11.283 0.0,0.0,0.0,0.0,0.0,0.47894736842105273
2026-09-30T02:12:11.323 0.0,0.0,0.0,0.0,0.0,0.47894736842105273
2026-09-30T02:12:11.373 0.0,0.0,0.0,0.0,0.0,0.47894736842105273
2026-09-30T02:12:11.423 0.0,0.0,0.0,0.0,0.0,0.47894736842105273
2026-09-30T02:12:11.472 0.0,0.0,0.0,0.0,0.0,0.47894736842105273
2026-09-30T02:12:11.523 0.0,0.0,0.0,0.0,0.0,0.47894736842105273
2026-09-30T02:12:11.572 0.0,0.0,0.0,0.0,0.0,0.47894736842105273
2026-09-30T02:12:11.623 0.0,0.0,0.0,0.0,0.0,0.47894736842105273
2026-09-30T02:12:11.672 0.0,0.0,0.0,0.0,0.0,0.40526315789473694
2026-09-30T02:12:11.723 0.0,0.0,0.0,0.0,0.0,0.40526315789473694
2026-09-30T02:12:11.772 0.0,0.0,0.0,0.0,0.0,0.40526315789473694
2026-09-30T02:12:11.822 0.0,0.0,0.0,0.0,0.0,0.40526315789473694
2026-09-30T02:12:11.883 0.0,0.0,0.0,0.0,0.0,0.40526315789473694
2026-09-30T02:12:11.923 0.0,0.0,0.0,0.0,0.0,0.40526315789473694
2026-09-30T02:12:11.973 0.0,0.0,0.0,0.0,0.0,0.40526315789473694
2026-09-30T02:12:12.023 0.0,0.0,0.0,0.0,0.0,0.5652631578947369
2026-09-30T02:12:12.073 0.0,0.0,0.0,0.0,0.0,0.7
2026-09-30T02:12:12.123 0.0,0.0,0.0,0.0,0.0,0.7
2026-09-30T02:12:12.173 0.0,0.0,0.0,0.0,0.0,0.7
2026-09-30T02:12:12.223 0.0,0.0,0.0,0.0,0.0,0.7
2026-09-30T02:12:12.273 0.0,0.0,0.0,0.0,0.0,0.7
2026-09-30T02:12:12.323 0.0,0.0,0.0,0.0,0.0,0.7
2026-09-30T02:12:12.373 0.0,0.0,0.0,0.0,0.0,0.7
2026-09-30T02:12:12.422 0.0,0.0,0.0,0.0,0.0,0.7
2026-09-30T02:12:12.472 0.0,0.0,0.0,0.0,0.0,0.7
2026-09-30T02:12:12.522 0.0,0.0,0.0,0.0,0.0,0.7
2026-09-30T02:12:12.573 0.0,0.0,0.0,0.0,0.0,0.7
2026-09-30T02:12:12.623 0.0,0.0,0.0,0.0,0.0,0.7
2026-09-30T02:12:12.673 0.0,0.0,0.0,0.0,0.0,0.7
2026-09-30T02:12:12.722 0.0,0.0,0.0,0.0,0.0,0.7
2026-09-30T02:12:12.772 0.0,0.0,0.0,0.0,0.0,0.6263157894736843
2026-09-30T02:12:12.822 0.0,0.0,0.0,0.0,0.0,0.6263157894736843
2026-09-30T02:12:12.873 0.0,0.0,0.0,0.0,0.0,0.6263157894736843
2026-09-30T02:12:12.923 0.0,0.0,0.0,0.0,0.0,0.6263157894736843
2026-09-30T02:12:12.973 0.0,0.0,0.0,0.0,0.0,0.6263157894736843
2026-09-30T02:12:13.023 0.0,0.0,0.0,0.0,0.0,0.6263157894736843
2026-09-30T02:12:13.073 0.0,0.0,0.0,0.0,0.0,0.6263157894736843
2026-09-30T02:12:13.123 0.0,0.0,0.0,0.0,0.0,0.6263157894736843
2026-09-30T02:12:13.173 0.0,0.0,0.0,0.0,0.0,0.6263157894736843
2026-09-30T02:12:13.223 0.0,0.0,0.0,0.0,0.0,0.6263157894736843
2026-09-30T02:12:13.273 0.0,0.0,0.0,0.0,0.0,0.6263157894736843
2026-09-30T02:12:13.323 0.0,0.0,0.0,0.0,0.0,0.6263157894736843
2026-09-30T02:12:13.372 0.0,0.0,0.0,0.0,0.0,0.5526315789473685
2026-09-30T02:12:13.423 0.0,0.0,0.0,0.0,0.0,0.5526315789473685
2026-09-30T02:12:13.472 0.0,0.0,0.0,0.0,0.0,0.5526315789473685
2026-09-30T02:12:13.523 0.0,0.0,0.0,0.0,0.0,0.5526315789473685
2026-09-30T02:12:13.573 0.0,0.0,0.0,0.0,0.0,0.5526315789473685
2026-09-30T02:12:13.623 0.0,0.0,0.0,0.0,0.0,0.5526315789473685
2026-09-30T02:12:13.673 0.0,0.0,0.0,0.0,0.0,0.5526315789473685
2026-09-30T02:12:13.723 0.0,0.0,0.0,0.0,0.0,0.5526315789473685
2026-09-30T02:12:13.773 0.0,0.0,0.0,0.0,0.0,0.5526315789473685
2026-09-30T02:12:13.823 0.0,0.0,0.0,0.0,0.0,0.5526315789473685
2026-09-30T02:12:13.873 0.0,0.0,0.0,0.0,0.0,0.5526315789473685
2026-09-30T02:12:13.923 0.0,0.0,0.0,0.0,0.0,0.5526315789473685
2026-09-30T02:12:13.972 0.0,0.0,0.0,0.0,0.0,0.47894736842105273
2026-09-30T02:12:14.023 0.0,0.0,0.0,0.0,0.0,0.47894736842105273
2026-09-30T02:12:14.073 0.0,0.0,0.0,0.0,0.0,0.47894736842105273
2026-09-30T02:12:14.123 0.0,0.0,0.0,0.0,0.0,0.47894736842105273
2026-09-30T02:12:14.173 0.0,0.0,0.0,0.0,0.0,0.47894736842105273
2026-09-30T02:12:14.222 0.0,0.0,0.0,0.0,0.0,0.47894736842105273
2026-09-30T02:12:14.272 0.0,0.0,0.0,0.0,0.0,0.47894736842105273
2026-09-30T02:12:14.322 0.0,0.0,0.0,0.0,0.0,0.47894736842105273
2026-09-30T02:12:14.372 0.0,0.0,0.0,0.0,0.0,0.47894736842105273
2026-09-30T02:12:14.422 0.0,0.0,0.0,0.0,0.0,0.47894736842105273
2026-09-30T02:12:14.473 0.0,0.0,0.0,0.0,0.0,0.47894736842105273
2026-09-30T02:12:14.523 0.0,0.0,0.0,0.0,0.0,0.47894736842105273
2026-09-30T02:12:14.573 0.0,0.0,0.0,0.0,0.0,0.47894736842105273
2026-09-30T02:12:14.623 0.0,0.0,0.0,0.0,0.0,0.40526315789473694
2026-09-30T02:12:14.672 0.0,0.0,0.0,0.0,0.0,0.40526315789473694
2026-09-30T02:12:14.722 0.0,0.0,0.0,0.0,0.0,0.40526315789473694
2026-09-30T02:12:14.773 0.0,0.0,0.0,0.0,0.0,0.40526315789473694
2026-09-30T02:12:14.823 0.0,0.0,0.0,0.0,0.0,0.40526315789473694
2026-09-30T02:12:14.873 0.0,0.0,0.0,0.0,0.0,0.40526315789473694
2026-09-30T02:12:14.923 0.0,0.0,0.0,0.0,0.0,0.40526315789473694
2026-09-30T02:12:14.972 0.0,0.0,0.0,0.0,0.0,0.40526315789473694
2026-09-30T02:12:15.023 0.0,0.0,0.0,0.0,0.0,0.40526315789473694
2026-09-30T02:12:15.072 0.0,0.0,0.0,0.0,0.0,0.40526315789473694
2026-09-30T02:12:15.123 0.0,0.0,0.0,0.0,0.0,0.5652631578947369
2026-09-30T02:12:15.173 0.0,0.0,0.0,0.0,0.0,0.7
2026-09-30T02:12:15.223 0.0,0.0,0.0,0.0,0.0,0.7
2026-09-30T02:12:15.273 0.0,0.0,0.0,0.0,0.0,0.7
2026-09-30T02:12:15.322 0.0,0.0,0.0,0.0,0.0,0.7
2026-09-30T02:12:15.373 0.0,0.0,0.0,0.0,0.0,0.7
2026-09-30T02:12:15.422 0.0,0.0,0.0,0.0,0.0,0.7
2026-09-30T02:12:15.473 0.0,0.0,0.0,0.0,0.0,0.7
2026-09-30T02:12:15.522 0.0,0.0,0.0,0.0,0.0,0.7
2026-09-30T02:12:15.573 0.0,0.0,0.0,0.0,0.0,0.7
2026-09-30T02:12:15.622 0.0,0.0,0.0,0.0,0.0,0.7
2026-09-30T02:12:15.673 0.0,0.0,0.0,0.0,0.0,0.7
2026-09-30T02:12:15.723 0.0,0.0,0.0,0.0,0.0,0.7
2026-09-30T02:12:15.772 0.0,0.0,0.0,0.0,0.0,0.7
2026-09-30T02:12:15.822 0.0,0.0,0.0,0.0,0.0,0.7
2026-09-30T02:12:15.872 0.0,0.0,0.0,0.0,0.0,0.7
2026-09-30T02:12:15.923 0.0,0.0,0.0,0.0,0.0,0.7
2026-09-30T02:12:15.973 0.0,0.0,0.0,0.0,0.0,0.7
2026-09-30T02:12:16.022 0.0,0.0,0.0,0.0,0.0,0.6263157894736843
2026-09-30T02:12:16.073 0.0,0.0,0.0,0.0,0.0,0.6263157894736843
2026-09-30T02:12:16.123 0.0,0.0,0.0,0.0,0.0,0.6263157894736843
2026-09-30T02:12:16.172 0.0,0.0,0.0,0.0,0.0,0.6263157894736843
2026-09-30T02:12:16.223 0.0,0.0,0.0,0.0,0.0,0.6263157894736843
2026-09-30T02:12:16.273 0.0,0.0,0.0,0.0,0.0,0.6263157894736843
2026-09-30T02:12:16.322 0.0,0.0,0.0,0.0,0.0,0.6263157894736843
2026-09-30T02:12:16.372 0.0,0.0,0.0,0.0,0.0,0.6263157894736843
2026-09-30T02:12:16.423 0.0,0.0,0.0,0.0,0.0,0.6263157894736843
2026-09-30T02:12:16.473 0.0,0.0,0.0,0.0,0.0,0.6263157894736843
2026-09-30T02:12:16.523 0.0,0.0,0.0,0.0,0.0,0.6263157894736843
2026-09-30T02:12:16.572 0.0,0.0,0.0,0.0,0.0,0.5526315789473685
2026-09-30T02:12:16.623 0.0,0.0,0.0,0.0,0.0,0.5526315789473685
2026-09-30T02:12:16.673 0.0,0.0,0.0,0.0,0.0,0.5526315789473685
2026-09-30T02:12:16.723 0.0,0.0,0.0,0.0,0.0,0.5526315789473685
2026-09-30T02:12:16.772 0.0,0.0,0.0,0.0,0.0,0.5526315789473685
2026-09-30T02:12:16.822 0.0,0.0,0.0,0.0,0.0,0.5526315789473685
2026-09-30T02:12:16.873 0.0,0.0,0.0,0.0,0.0,0.5526315789473685
2026-09-30T02:12:16.923 0.0,0.0,0.0,0.0,0.0,0.5526315789473685
2026-09-30T02:12:16.973 0.0,0.0,0.0,0.0,0.0,0.5526315789473685
2026-09-30T02:12:17.022 0.0,0.0,0.0,0.0,0.0,0.7
2026-09-30T02:12:17.072 0.0,0.0,0.0,0.0,0.0,0.7
2026-09-30T02:12:17.122 0.0,0.0,0.0,0.0,0.0,0.7
2026-09-30T02:12:17.172 0.0,0.0,0.0,0.0,0.0,0.7
2026-09-30T02:12:17.223 0.0,0.0,0.0,0.0,0.0,0.7
2026-09-30T02:12:17.272 0.0,0.0,0.0,0.0,0.0,0.7
2026-09-30T02:12:17.323 0.0,0.0,0.0,0.0,0.0,0.7
2026-09-30T02:12:17.372 0.0,0.0,0.0,0.0,0.0,0.7
2026-09-30T02:12:17.423 0.0,0.0,0.0,0.0,0.0,0.7
2026-09-30T02:12:17.472 0.0,0.0,0.0,0.0,0.0,0.7
2026-09-30T02:12:17.522 0.0,0.0,0.0,0.0,0.0,0.6263157894736843
2026-09-30T02:12:17.573 0.0,0.0,0.0,0.0,0.0,0.6263157894736843
2026-09-30T02:12:17.622 0.0,0.0,0.0,0.0,0.0,0.6263157894736843
2026-09-30T02:12:17.672 0.0,0.0,0.0,0.0,0.0,0.6263157894736843
2026-09-30T02:12:17.723 0.0,0.0,0.0,0.0,0.0,0.6263157894736843
2026-09-30T02:12:17.772 0.0,0.0,0.0,0.0,0.0,0.6263157894736843
2026-09-30T02:12:17.823 0.0,0.0,0.0,0.0,0.0,0.6263157894736843
2026-09-30T02:12:17.872 0.0,0.0,0.0,0.0,0.0,0.6263157894736843
2026-09-30T02:12:17.923 0.0,0.0,0.0,0.0,0.0,0.6263157894736843
2026-09-30T02:12:17.973 0.0,0.0,0.0,0.0,0.0,0.6263157894736843
2026-09-30T02:12:18.022 0.0,0.0,0.0,0.0,0.0,0.6263157894736843
2026-09-30T02:12:18.073 0.0,0.0,0.0,0.0,0.0,0.5526315789473685
2026-09-30T02:12:18.123 0.0,0.0,0.0,0.0,0.0,0.5526315789473685
2026-09-30T02:12:18.172 0.0,0.0,0.0,0.0,0.0,0.5526315789473685
2026-09-30T02:12:18.223 0.0,0.0,0.0,0.0,0.0,0.5526315789473685
2026-09-30T02:12:18.273 0.0,0.0,0.0,0.0,0.0,0.5526315789473685
2026-09-30T02:12:18.323 0.0,0.0,0.0,0.0,0.0,0.5526315789473685
2026-09-30T02:12:18.373 0.0,0.0,0.0,0.0,0.0,0.5526315789473685
2026-09-30T02:12:18.424 0.0,0.0,0.0,0.0,0.0,0.5526315789473685
2026-09-30T02:12:18.472 0.0,0.0,0.0,0.0,0.0,0.5526315789473685
2026-09-30T02:12:18.523 0.0,0.0,0.0,0.0,0.0,0.5526315789473685
2026-09-30T02:12:18.573 0.0,0.0,0.0,0.0,0.0,0.47894736842105273
2026-09-30T02:12:18.623 0.0,0.0,0.0,0.0,0.0,0.47894736842105273
2026-09-30T02:12:18.672 0.0,0.0,0.0,0.0,0.0,0.47894736842105273
2026-09-30T02:12:18.723 0.0,0.0,0.0,0.0,0.0,0.47894736842105273
2026-09-30T02:12:18.773 0.0,0.0,0.0,0.0,0.0,0.47894736842105273
2026-09-30T02:12:18.823 0.0,0.0,0.0,0.0,0.0,0.47894736842105273
2026-09-30T02:12:18.873 0.0,0.0,0.0,0.0,0.0,0.47894736842105273
2026-09-30T02:12:18.922 0.0,0.0,0.0,0.0,0.0,0.47894736842105273
2026-09-30T02:12:18.973 0.0,0.0,0.0,0.0,0.0,0.47894736842105273
2026-09-30T02:12:19.022 0.0,0.0,0.0,0.0,0.0,0.47894736842105273
2026-09-30T02:12:19.073 0.0,0.0,0.0,0.0,0.0,0.47894736842105273
2026-09-30T02:12:19.123 0.0,0.0,0.0,0.0,0.0,0.40526315789473694
2026-09-30T02:12:19.172 0.0,0.0,0.0,0.0,0.0,0.40526315789473694
2026-09-30T02:12:19.223 0.0,0.0,0.0,0.0,0.0,0.40526315789473694
2026-09-30T02:12:19.272 0.0,0.0,0.0,0.0,0.0,0.40526315789473694
2026-09-30T02:12:19.323 0.0,0.0,0.0,0.0,0.0,0.40526315789473694
2026-09-30T02:12:19.372 0.0,0.0,0.0,0.0,0.0,0.40526315789473694
2026-09-30T02:12:19.423 0.0,0.0,0.0,0.0,0.0,0.40526315789473694
2026-09-30T02:12:19.473 0.0,0.0,0.0,0.0,0.0,0.40526315789473694
2026-09-30T02:12:19.522 0.125,0.0,0.0,0.0,0.0,0.5652631578947369
2026-09-30T02:12:19.572 0.25,0.0,0.0,0.0,0.0,0.7
2026-09-30T02:12:19.622 0.375,0.0,0.0,0.0,0.0,0.7
2026-09-30T02:12:19.672 0.5,0.0,0.0,0.0,0.0,0.7
2026-09-30T02:12:19.723 0.625,0.0,0.0,0.0,0.0,0.7
2026-09-30T02:12:19.773 0.75,0.0,0.0,0.0,0.0,0.7
2026-09-30T02:12:19.822 0.6315789473684212,0.0,0.0,0.0,0.0,0.7
2026-09-30T02:12:19.873 0.7565789473684212,0.0,0.0,0.0,0.0,0.7
2026-09-30T02:12:19.922 0.8,0.0,0.0,0.0,0.0,0.7
2026-09-30T02:12:19.973 0.8,0.0,0.0,0.0,0.0,0.7
2026-09-30T02:12:20.022 0.8,0.0,0.0,0.0,0.0,0.7
2026-09-30T02:12:20.073 0.7578947368421055,0.0,0.0,0.0,0.0,0.7
2026-09-30T02:12:20.123 0.7578947368421055,0.0,0.0,0.0,0.0,0.7
2026-09-30T02:12:20.173 0.7578947368421055,0.0,0.0,0.0,0.0,0.7
2026-09-30T02:12:20.223 0.8,0.0,0.0,0.0,0.0,0.7
2026-09-30T02:12:20.272 0.8,0.0,0.0,0.0,0.0,0.7
2026-09-30T02:12:20.322 0.8,0.0,0.0,0.0,0.0,0.7
2026-09-30T02:12:20.373 0.8,0.0,0.0,0.0,0.0,0.7
2026-09-30T02:12:20.423 0.8,0.0,0.0,0.0,0.0,0.7
2026-09-30T02:12:20.473 0.8,0.0,0.0,0.0,0.0,0.7
2026-09-30T02:12:20.523 0.8,0.0,0.0,0.0,0.0,0.6263157894736843
2026-09-30T02:12:20.572 0.8,0.0,0.0,0.0,0.0,0.7
2026-09-30T02:12:20.622 0.8,0.0,0.0,0.0,0.0,0.7
2026-09-30T02:12:20.673 0.8,0.0,0.0,0.0,0.0,0.7
2026-09-30T02:12:20.723 0.8,0.0,0.0,0.0,0.0,0.7
2026-09-30T02:12:20.773 0.8,0.0,0.0,0.0,0.0,0.6263157894736843
2026-09-30T02:12:20.823 0.8,0.0,0.0,0.0,0.0,0.6263157894736843
2026-09-30T02:12:20.873 0.8,0.0,0.0,0.0,0.0,0.7
2026-09-30T02:12:20.923 0.8,0.0,0.0,0.0,0.0,0.7
2026-09-30T02:12:20.972 0.8,0.0,0.0,0.0,0.0,0.7
2026-09-30T02:12:21.023 0.8,0.0,0.0,0.0,0.0,0.7
2026-09-30T02:12:21.072 0.8,0.0,0.0,0.0,0.0,0.7
2026-09-30T02:12:21.123 0.8,0.0,0.0,0.0,0.0,0.7
2026-09-30T02:12:21.172 0.8,0.0,0.0,0.0,0.0,0.7
2026-09-30T02:12:21.223 0.8,0.0,0.0,0.0,0.0,0.7
2026-09-30T02:12:21.272 0.8,0.0,0.0,0.0,0.0,0.7
2026-09-30T02:12:21.333 0.8,0.0,0.0,0.0,0.0,0.7
2026-09-30T02:12:21.373 0.8,0.0,0.0,0.0,0.0,0.7
2026-09-30T02:12:21.423 0.7578947368421055,0.0,0.0,0.0,0.0,0.7
2026-09-30T02:12:21.483 0.7578947368421055,0.0,0.0,0.0,0.0,0.7
2026-09-30T02:12:21.522 0.7578947368421055,0.0,0.0,0.0,0.0,0.7
2026-09-30T02:12:21.572 0.7578947368421055,0.0,0.0,0.0,0.0,0.7
2026-09-30T02:12:21.623 0.8,0.0,0.0,0.0,0.0,0.7
2026-09-30T02:12:21.672 0.8,0.0,0.0,0.0,0.0,0.7
2026-09-30T02:12:21.722 0.8,0.0,0.0,0.0,0.0,0.7
2026-09-30T02:12:21.773 0.8,0.0,0.0,0.0,0.0,0.7
2026-09-30T02:12:21.823 0.8,0.0,0.0,0.0,0.0,0.7
2026-09-30T02:12:21.874 0.8,0.0,0.0,0.0,0.0,0.7
2026-09-30T02:12:21.922 0.8,0.0,0.0,0.0,0.0,0.7
2026-09-30T02:12:21.972 0.8,0.0,0.0,0.0,0.0,0.7
2026-09-30T02:12:22.023 0.8,0.0,0.0,0.0,0.0,0.7
2026-09-30T02:12:22.073 0.8,0.0,0.0,0.0,0.0,0.7
2026-09-30T02:12:22.123 0.8,0.0,0.0,0.0,0.0,0.6263157894736843
2026-09-30T02:12:22.173 0.8,0.0,0.0,0.0,0.0,0.6263157894736843
2026-09-30T02:12:22.223 0.8,0.0,0.0,0.0,0.0,0.6263157894736843
2026-09-30T02:12:22.272 0.8,0.0,0.0,0.0,0.0,0.6263157894736843
2026-09-30T02:12:22.333 0.8,0.0,0.0,0.0,0.0,0.6263157894736843
2026-09-30T02:12:22.372 0.8,0.0,0.0,0.0,0.0,0.6263157894736843
2026-09-30T02:12:22.423 0.8,0.0,0.0,0.0,0.0,0.6263157894736843
2026-09-30T02:12:22.472 0.8,0.0,0.0,0.0,0.0,0.6263157894736843
2026-09-30T02:12:22.523 0.8,0.0,0.0,0.0,0.0,0.6263157894736843
2026-09-30T02:12:22.573 0.8,0.0,0.0,0.0,0.0,0.6263157894736843
2026-09-30T02:12:22.623 0.8,0.0,0.0,0.0,0.0,0.6263157894736843
2026-09-30T02:12:22.673 0.8,0.0,0.0,0.0,0.0,0.5526315789473685
2026-09-30T02:12:22.723 0.8,0.0,0.0,0.0,0.0,0.5526315789473685
2026-09-30T02:12:22.772 0.8,0.0,0.0,0.0,0.0,0.5526315789473685
2026-09-30T02:12:22.822 0.8,0.0,0.0,0.0,0.0,0.5526315789473685
2026-09-30T02:12:22.873 0.8,0.0,0.0,0.0,0.0,0.5526315789473685
2026-09-30T02:12:22.923 0.8,0.0,0.0,0.0,0.0,0.5526315789473685
2026-09-30T02:12:22.973 0.8,0.0,0.0,0.0,0.0,0.5526315789473685
2026-09-30T02:12:23.023 0.8,0.0,0.0,0.0,0.0,0.47894736842105273
2026-09-30T02:12:23.073 0.8,0.0,0.0,0.0,0.0,0.5526315789473685
2026-09-30T02:12:23.123 0.8,0.0,0.0,0.0,0.0,0.5526315789473685
2026-09-30T02:12:23.172 0.8,0.0,0.0,0.0,0.0,0.47894736842105273
2026-09-30T02:12:23.223 0.8,0.0,0.0,0.0,0.0,0.47894736842105273
2026-09-30T02:12:23.273 0.8,0.0,0.0,0.0,0.0,0.47894736842105273
2026-09-30T02:12:23.323 0.8,0.0,0.0,0.0,0.0,0.47894736842105273
2026-09-30T02:12:23.383 0.8,0.0,0.0,0.0,0.0,0.47894736842105273
2026-09-30T02:12:23.422 0.8,0.0,0.0,0.0,0.0,0.47894736842105273
2026-09-30T02:12:23.473 0.8,0.0,0.0,0.0,0.0,0.47894736842105273
2026-09-30T02:12:23.522 0.8,0.0,0.0,0.0,0.0,0.47894736842105273
2026-09-30T02:12:23.583 0.8,0.0,0.0,0.0,0.0,0.47894736842105273
2026-09-30T02:12:23.623 0.8,0.0,0.0,0.0,0.0,0.47894736842105273
2026-09-30T02:12:23.673 0.8,0.0,0.0,0.0,0.0,0.47894736842105273
2026-09-30T02:12:23.723 0.8,0.0,0.0,0.0,0.0,0.40526315789473694
2026-09-30T02:12:23.773 0.8,0.0,0.0,0.0,0.0,0.40526315789473694
2026-09-30T02:12:23.823 0.8,0.0,0.0,0.0,0.0,0.40526315789473694
2026-09-30T02:12:23.873 0.8,0.0,0.0,0.0,0.0,0.40526315789473694
2026-09-30T02:12:23.923 0.8,0.0,0.0,0.0,0.0,0.40526315789473694
2026-09-30T02:12:23.973 0.8,0.0,0.0,0.0,0.0,0.40526315789473694
2026-09-30T02:12:24.022 0.8,0.0,0.0,0.0,0.0,0.40526315789473694
2026-09-30T02:12:24.073 0.8,0.0,0.0,0.0,0.0,0.47894736842105273
2026-09-30T02:12:24.123 0.8,0.0,0.0,0.0,0.0,0.47894736842105273
2026-09-30T02:12:24.173 0.8,0.0,0.0,0.0,0.0,0.47894736842105273
2026-09-30T02:12:24.223 0.8,0.0,0.0,0.0,0.0,0.47894736842105273
2026-09-30T02:12:24.272 0.8,0.0,0.0,0.0,0.0,0.47894736842105273
2026-09-30T02:12:24.322 0.8,0.0,0.0,0.0,0.0,0.47894736842105273
2026-09-30T02:12:24.372 0.8,0.0,0.0,0.0,0.0,0.40526315789473694
2026-09-30T02:12:24.423 0.8,0.0,0.0,0.0,0.0,0.33157894736842114
2026-09-30T02:12:24.473 0.8,0.0,0.0,0.0,0.0,0.33157894736842114
2026-09-30T02:12:24.523 0.8,0.0,0.0,0.0,0.0,0.33157894736842114
2026-09-30T02:12:24.573 0.8,0.0,0.0,0.0,0.0,0.33157894736842114
2026-09-30T02:12:24.623 0.8,0.0,0.0,0.0,0.0,0.33157894736842114
2026-09-30T02:12:24.672 0.8,0.0,0.0,0.0,0.0,0.33157894736842114
2026-09-30T02:12:24.723 0.8,0.0,0.0,0.0,0.0,0.33157894736842114
2026-09-30T02:12:24.773 0.8,0.0,0.0,0.0,0.0,0.33157894736842114
2026-09-30T02:12:24.823 0.8,0.0,0.0,0.0,0.0,0.33157894736842114
2026-09-30T02:12:24.873 0.8,0.0,0.0,0.0,0.0,0.33157894736842114
2026-09-30T02:12:24.923 0.8,0.0,0.0,0.0,0.0,0.25789473684210534
2026-09-30T02:12:24.973 0.8,0.0,0.0,0.0,0.0,0.25789473684210534
2026-09-30T02:12:25.023 0.8,0.0,0.0,0.0,0.0,0.25789473684210534
2026-09-30T02:12:25.073 0.8,0.0,0.0,0.0,0.0,0.25789473684210534
2026-09-30T02:12:25.122 0.8,0.0,0.0,0.0,0.0,0.25789473684210534
2026-09-30T02:12:25.173 0.8,0.0,0.0,0.0,0.0,0.25789473684210534
2026-09-30T02:12:25.222 0.8,0.0,0.0,0.0,0.0,0.25789473684210534
2026-09-30T02:12:25.273 0.8,0.0,0.0,0.0,0.0,0.25789473684210534
2026-09-30T02:12:25.323 0.8,0.0,0.0,0.0,0.0,0.25789473684210534
2026-09-30T02:12:25.373 0.8,0.0,0.0,0.0,0.0,0.25789473684210534
2026-09-30T02:12:25.423 0.8,0.0,0.0,0.0,0.0,0.25789473684210534
2026-09-30T02:12:25.472 0.8,0.0,0.0,0.0,0.0,0.25789473684210534
2026-09-30T02:12:25.522 0.8,0.0,0.0,0.0,0.0,0.25789473684210534
2026-09-30T02:12:25.583 0.8,0.0,0.0,0.0,0.0,0.25789473684210534
2026-09-30T02:12:25.623 0.8,0.0,0.0,0.0,0.0,0.18421052631578955
2026-09-30T02:12:25.672 0.8,0.0,0.0,0.0,0.0,0.18421052631578955
2026-09-30T02:12:25.733 0.8,0.0,0.0,0.0,0.0,0.25789473684210534
2026-09-30T02:12:25.773 0.8,0.0,0.0,0.0,0.0,0.18421052631578955
2026-09-30T02:12:25.823 0.8,0.0,0.0,0.0,0.0,0.18421052631578955
2026-09-30T02:12:25.873 0.8,0.0,0.0,0.0,0.0,0.18421052631578955
2026-09-30T02:12:25.922 0.8,0.0,0.0,0.0,0.0,0.18421052631578955
2026-09-30T02:12:25.973 0.8,0.0,0.0,0.0,0.0,0.18421052631578955
2026-09-30T02:12:26.023 0.8,0.0,0.0,0.0,0.0,0.18421052631578955
2026-09-30T02:12:26.073 0.8,0.0,0.0,0.0,0.0,0.18421052631578955
2026-09-30T02:12:26.122 0.8,0.0,0.0,0.0,0.0,0.18421052631578955
2026-09-30T02:12:26.172 0.8,0.0,0.0,0.0,0.0,0.18421052631578955
2026-09-30T02:12:26.223 0.8,0.0,0.0,0.0,0.0,0.18421052631578955
2026-09-30T02:12:26.273 0.8,0.0,0.0,0.0,0.0,0.18421052631578955
2026-09-30T02:12:26.323 0.8,0.0,0.0,0.0,0.0,0.18421052631578955
2026-09-30T02:12:26.372 0.8,0.0,0.0,0.0,0.0,0.18421052631578955
2026-09-30T02:12:26.422 0.8,0.0,0.0,0.0,0.0,0.18421052631578955
2026-09-30T02:12:26.472 0.8,0.0,0.0,0.0,0.0,0.18421052631578955
2026-09-30T02:12:26.523 0.8,0.0,0.0,0.0,0.0,0.18421052631578955
2026-09-30T02:12:26.573 0.8,0.0,0.0,0.0,0.0,0.18421052631578955
2026-09-30T02:12:26.623 0.8,0.0,0.0,0.0,0.0,0.18421052631578955
2026-09-30T02:12:26.673 0.8,0.0,0.0,0.0,0.0,0.18421052631578955
2026-09-30T02:12:26.723 0.8,0.0,0.0,0.0,0.0,0.18421052631578955
2026-09-30T02:12:26.772 0.8,0.0,0.0,0.0,0.0,0.11052631578947375
2026-09-30T02:12:26.823 0.8,0.0,0.0,0.0,0.0,0.18421052631578955
2026-09-30T02:12:26.873 0.8,0.0,0.0,0.0,0.0,0.18421052631578955
2026-09-30T02:12:26.923 0.8,0.0,0.0,0.0,0.0,0.11052631578947375
2026-09-30T02:12:26.973 0.8,0.0,0.0,0.0,0.0,0.11052631578947375
2026-09-30T02:12:27.022 0.8,0.0,0.0,0.0,0.0,0.11052631578947375
2026-09-30T02:12:27.072 0.8,0.0,0.0,0.0,0.0,0.11052631578947375
2026-09-30T02:12:27.123 0.8,0.0,0.0,0.0,0.0,0.11052631578947375
2026-09-30T02:12:27.173 0.8,0.0,0.0,0.0,0.0,0.11052631578947375
2026-09-30T02:12:27.233 0.8,0.0,0.0,0.0,0.0,0.11052631578947375
2026-09-30T02:12:27.273 0.8,0.0,0.0,0.0,0.0,0.11052631578947375
2026-09-30T02:12:27.323 0.8,0.0,0.0,0.0,0.0,0.11052631578947375
2026-09-30T02:12:27.373 0.8,0.0,0.0,0.0,0.0,0.11052631578947375
2026-09-30T02:12:27.422 0.8,0.0,0.0,0.0,0.0,0.11052631578947375
2026-09-30T02:12:27.473 0.8,0.0,0.0,0.0,0.0,0.11052631578947375
2026-09-30T02:12:27.523 0.8,0.0,0.0,0.0,0.0,-0.036842105263157815
2026-09-30T02:12:27.572 0.8,0.0,0.0,0.0,0.0,-0.036842105263157815
2026-09-30T02:12:27.623 0.8,0.0,0.0,0.0,0.0,-0.036842105263157815
2026-09-30T02:12:27.683 0.8,0.0,0.0,0.0,0.0,-0.036842105263157815
2026-09-30T02:12:27.723 0.8,0.0,0.0,0.0,0.0,-0.036842105263157815
2026-09-30T02:12:27.774 0.8,0.0,0.0,0.0,0.0,-0.036842105263157815
2026-09-30T02:12:27.833 0.8,0.0,0.0,0.0,0.0,-0.036842105263157815
2026-09-30T02:12:27.872 0.8,0.0,0.0,0.0,0.0,-0.036842105263157815
2026-09-30T02:12:27.923 0.8,0.0,0.0,0.0,0.0,-0.036842105263157815
2026-09-30T02:12:27.972 0.8,0.0,0.0,0.0,0.0,-0.036842105263157815
2026-09-30T02:12:28.023 0.8,0.0,0.0,0.0,0.0,-0.036842105263157815
2026-09-30T02:12:28.072 0.8,0.0,0.0,0.0,0.0,-0.036842105263157815
2026-09-30T02:12:28.123 0.8,0.0,0.0,0.0,0.0,-0.036842105263157815
2026-09-30T02:12:28.172 0.8,0.0,0.0,0.0,0.0,-0.1105263157894736
2026-09-30T02:12:28.223 0.8,0.0,0.0,0.0,0.0,-0.1105263157894736
2026-09-30T02:12:28.272 0.8,0.0,0.0,0.0,0.0,-0.18421052631578938
2026-09-30T02:12:28.322 0.8,0.0,0.0,0.0,0.0,-0.18421052631578938
2026-09-30T02:12:28.373 0.8,0.0,0.0,0.0,0.0,-0.18421052631578938
2026-09-30T02:12:28.423 0.8,0.0,0.0,0.0,0.0,-0.18421052631578938
2026-09-30T02:12:28.472 0.8,0.0,0.0,0.0,0.0,-0.18421052631578938
2026-09-30T02:12:28.522 0.8,0.0,0.0,0.0,0.0,-0.036842105263157815
2026-09-30T02:12:28.573 0.8,0.0,0.0,0.0,0.0,-0.036842105263157815
2026-09-30T02:12:28.623 0.8,0.0,0.0,0.0,0.0,-0.036842105263157815
2026-09-30T02:12:28.673 0.8,0.0,0.0,0.0,0.0,-0.036842105263157815
2026-09-30T02:12:28.732 0.8,0.0,0.0,0.0,0.0,-0.036842105263157815
2026-09-30T02:12:28.772 0.8,0.0,0.0,0.0,0.0,-0.036842105263157815
2026-09-30T02:12:28.823 0.8,0.0,0.0,0.0,0.0,-0.036842105263157815
2026-09-30T02:12:28.873 0.8,0.0,0.0,0.0,0.0,-0.036842105263157815
2026-09-30T02:12:28.923 0.8,0.0,0.0,0.0,0.0,-0.036842105263157815
2026-09-30T02:12:28.972 0.8,0.0,0.0,0.0,0.0,-0.036842105263157815
2026-09-30T02:12:29.023 0.8,0.0,0.0,0.0,0.0,-0.036842105263157815
2026-09-30T02:12:29.073 0.8,0.0,0.0,0.0,0.0,-0.036842105263157815
2026-09-30T02:12:29.123 0.8,0.0,0.0,0.0,0.0,-0.036842105263157815
2026-09-30T02:12:29.173 0.8,0.0,0.0,0.0,0.0,-0.036842105263157815
2026-09-30T02:12:29.222 0.8,0.0,0.0,0.0,0.0,-0.036842105263157815
2026-09-30T02:12:29.272 0.8,0.0,0.0,0.0,0.0,-0.036842105263157815
2026-09-30T02:12:29.322 0.8,0.0,0.0,0.0,0.0,-0.036842105263157815
2026-09-30T02:12:29.372 0.8,0.0,0.0,0.0,0.0,-0.036842105263157815
2026-09-30T02:12:29.423 0.8,0.0,0.0,0.0,0.0,0.0
2026-09-30T02:12:29.472 0.8,0.0,0.0,0.0,0.0,0.0
2026-09-30T02:12:29.522 0.8,0.0,0.0,0.0,0.0,0.0
2026-09-30T02:12:29.572 0.8,0.0,0.0,0.0,0.0,-0.036842105263157815
2026-09-30T02:12:29.622 0.8,0.0,0.0,0.0,0.0,-0.036842105263157815
2026-09-30T02:12:29.673 0.8,0.0,0.0,0.0,0.0,-0.036842105263157815
2026-09-30T02:12:29.723 0.8,0.0,0.0,0.0,0.0,-0.036842105263157815
2026-09-30T02:12:29.773 0.8,0.0,0.0,0.0,0.0,-0.036842105263157815
2026-09-30T02:12:29.822 0.8,0.0,0.0,0.0,0.0,0.0
2026-09-30T02:12:29.873 0.8,0.0,0.0,0.0,0.0,0.0
2026-09-30T02:12:29.923 0.8,0.0,0.0,0.0,0.0,0.0
2026-09-30T02:12:29.974 0.8,0.0,0.0,0.0,0.0,0.0
2026-09-30T02:12:30.033 0.8,0.0,0.0,0.0,0.0,0.0
2026-09-30T02:12:30.073 0.8,0.0,0.0,0.0,0.0,0.0
2026-09-30T02:12:30.123 0.8,0.0,0.0,0.0,0.0,0.0
2026-09-30T02:12:30.173 0.8,0.0,0.0,0.0,0.0,0.0
2026-09-30T02:12:30.233 0.8,0.0,0.0,0.0,0.0,0.0
2026-09-30T02:12:30.274 0.8,0.0,0.0,0.0,0.0,-0.036842105263157815
2026-09-30T02:12:30.323 0.8,0.0,0.0,0.0,0.0,0.0
2026-09-30T02:12:30.373 0.8,0.0,0.0,0.0,0.0,0.0
2026-09-30T02:12:30.423 0.8,0.0,0.0,0.0,0.0,0.0
2026-09-30T02:12:30.483 0.8,0.0,0.0,0.0,0.0,0.0
2026-09-30T02:12:30.523 0.8,0.0,0.0,0.0,0.0,0.0
2026-09-30T02:12:30.572 0.8,0.0,0.0,0.0,0.0,-0.036842105263157815
2026-09-30T02:12:30.633 0.8,0.0,0.0,0.0,0.0,-0.036842105263157815
2026-09-30T02:12:30.672 0.8,0.0,0.0,0.0,0.0,-0.036842105263157815
2026-09-30T02:12:30.723 0.8,0.0,0.0,0.0,0.0,-0.036842105263157815
2026-09-30T02:12:30.772 0.8,0.0,0.0,0.0,0.0,-0.036842105263157815
2026-09-30T02:12:30.823 0.8,0.0,0.0,0.0,0.0,-0.036842105263157815
2026-09-30T02:12:30.873 0.8,0.0,0.0,0.0,0.0,-0.036842105263157815
2026-09-30T02:12:30.923 0.8,0.0,0.0,0.0,0.0,-0.036842105263157815
2026-09-30T02:12:30.974 0.8,0.0,0.0,0.0,0.0,-0.036842105263157815
2026-09-30T02:12:31.023 0.8,0.0,0.0,0.0,0.0,-0.036842105263157815
2026-09-30T02:12:31.072 0.8,0.0,0.0,0.0,0.0,-0.036842105263157815
2026-09-30T02:12:31.123 0.8,0.0,0.0,0.0,0.0,-0.036842105263157815
2026-09-30T02:12:31.172 0.8,0.0,0.0,0.0,0.0,-0.036842105263157815
2026-09-30T02:12:31.223 0.8,0.0,0.0,0.0,0.0,-0.036842105263157815
2026-09-30T02:12:31.283 0.8,0.0,0.0,0.0,0.0,-0.036842105263157815
2026-09-30T02:12:31.323 0.8,0.0,0.0,0.0,0.0,-0.036842105263157815
2026-09-30T02:12:31.372 0.8,0.0,0.0,0.0,0.0,-0.036842105263157815
2026-09-30T02:12:31.423 0.8,0.0,0.0,0.0,0.0,-0.036842105263157815
2026-09-30T02:12:31.472 0.8,0.0,0.0,0.0,0.0,-0.036842105263157815
2026-09-30T02:12:31.523 0.8,0.0,0.0,0.0,0.0,-0.036842105263157815
2026-09-30T02:12:31.573 0.8,0.0,0.0,0.0,0.0,-0.036842105263157815
2026-09-30T02:12:31.623 0.8,0.0,0.0,0.0,0.0,-0.036842105263157815
2026-09-30T02:12:31.672 0.8,0.0,0.0,0.0,0.0,-0.036842105263157815
2026-09-30T02:12:31.723 0.8,0.0,0.0,0.0,0.0,-0.036842105263157815
2026-09-30T02:12:31.773 0.8,0.0,0.0,0.0,0.0,-0.036842105263157815
2026-09-30T02:12:31.822 0.8,0.0,0.0,0.0,0.0,-0.036842105263157815
2026-09-30T02:12:31.873 0.8,0.0,0.0,0.0,0.0,-0.036842105263157815
2026-09-30T02:12:31.923 0.8,0.0,0.0,0.0,0.0,-0.036842105263157815
2026-09-30T02:12:31.973 0.8,0.0,0.0,0.0,0.0,-0.036842105263157815
2026-09-30T02:12:32.023 0.8,0.0,0.0,0.0,0.0,-0.036842105263157815
2026-09-30T02:12:32.073 0.8,0.0,0.0,0.0,0.0,-0.036842105263157815
2026-09-30T02:12:32.123 0.8,0.0,0.0,0.0,0.0,-0.036842105263157815
2026-09-30T02:12:32.173 0.8,0.0,0.0,0.0,0.0,-0.036842105263157815
2026-09-30T02:12:32.223 0.8,0.0,0.0,0.0,0.0,-0.036842105263157815
2026-09-30T02:12:32.273 0.8,0.0,0.0,0.0,0.0,-0.036842105263157815
2026-09-30T02:12:32.323 0.8,0.0,0.0,0.0,0.0,-0.036842105263157815
2026-09-30T02:12:32.373 0.8,0.0,0.0,0.0,0.0,-0.036842105263157815
2026-09-30T02:12:32.423 0.8,0.0,0.0,0.0,0.0,-0.036842105263157815
2026-09-30T02:12:32.474 0.8,0.0,0.0,0.0,0.0,-0.18421052631578938
2026-09-30T02:12:32.522 0.8,0.0,0.0,0.0,0.0,-0.18421052631578938
2026-09-30T02:12:32.573 0.8,0.0,0.0,0.0,0.0,-0.18421052631578938
2026-09-30T02:12:32.622 0.8,0.0,0.0,0.0,0.0,-0.1105263157894736
2026-09-30T02:12:32.673 0.8,0.0,0.0,0.0,0.0,-0.1105263157894736
2026-09-30T02:12:32.723 0.8,0.0,0.0,0.0,0.0,-0.1105263157894736
2026-09-30T02:12:32.773 0.8,0.0,0.0,0.0,0.0,-0.1105263157894736
2026-09-30T02:12:32.823 0.8,0.0,0.0,0.0,0.0,-0.1105263157894736
2026-09-30T02:12:32.872 0.8,0.0,0.0,0.0,0.0,-0.1105263157894736
2026-09-30T02:12:32.922 0.8,0.0,0.0,0.0,0.0,-0.1105263157894736
2026-09-30T02:12:32.973 0.8,0.0,0.0,0.0,0.0,-0.1105263157894736
2026-09-30T02:12:33.023 0.8,0.0,0.0,0.0,0.0,-0.1105263157894736
2026-09-30T02:12:33.073 0.8,0.0,0.0,0.0,0.0,-0.1105263157894736
2026-09-30T02:12:33.122 0.8,0.0,0.0,0.0,0.0,-0.1105263157894736
2026-09-30T02:12:33.172 0.8,0.0,0.0,0.0,0.0,-0.1105263157894736
2026-09-30T02:12:33.223 0.8,0.0,0.0,0.0,0.0,-0.1105263157894736
2026-09-30T02:12:33.273 0.8,0.0,0.0,0.0,0.0,-0.1105263157894736
2026-09-30T02:12:33.323 0.8,0.0,0.0,0.0,0.0,-0.036842105263157815
2026-09-30T02:12:33.373 0.8,0.0,0.0,0.0,0.0,-0.036842105263157815
2026-09-30T02:12:33.423 0.8,0.0,0.0,0.0,0.0,-0.036842105263157815
2026-09-30T02:12:33.472 0.8,0.0,0.0,0.0,0.0,-0.036842105263157815
2026-09-30T02:12:33.523 0.8,0.0,0.0,0.0,0.0,-0.036842105263157815
2026-09-30T02:12:33.573 0.8,0.0,0.0,0.0,0.0,-0.036842105263157815
2026-09-30T02:12:33.622 0.8,0.0,0.0,0.0,0.0,-0.036842105263157815
2026-09-30T02:12:33.673 0.8,0.0,0.0,0.0,0.0,-0.1105263157894736
2026-09-30T02:12:33.723 0.8,0.0,0.0,0.0,0.0,-0.1105263157894736
2026-09-30T02:12:33.784 0.8,0.0,0.0,0.0,0.0,-0.1105263157894736
2026-09-30T02:12:33.833 0.8,0.0,0.0,0.0,0.0,-0.1105263157894736
2026-09-30T02:12:33.873 0.8,0.0,0.0,0.0,0.0,-0.1105263157894736
2026-09-30T02:12:33.923 0.8,0.0,0.0,0.0,0.0,-0.1105263157894736
2026-09-30T02:12:33.973 0.8,0.0,0.0,0.0,0.0,-0.1105263157894736
2026-09-30T02:12:34.022 0.8,0.0,0.0,0.0,0.0,-0.1105263157894736
2026-09-30T02:12:34.073 0.8,0.0,0.0,0.0,0.0,-0.1105263157894736
2026-09-30T02:12:34.123 0.8,0.0,0.0,0.0,0.0,-0.1105263157894736
2026-09-30T02:12:34.173 0.8,0.0,0.0,0.0,0.0,-0.1105263157894736
2026-09-30T02:12:34.223 0.8,0.0,0.0,0.0,0.0,-0.1105263157894736
2026-09-30T02:12:34.273 0.8,0.0,0.0,0.0,0.0,-0.1105263157894736
2026-09-30T02:12:34.323 0.8,0.0,0.0,0.0,0.0,-0.1105263157894736
2026-09-30T02:12:34.373 0.8,0.0,0.0,0.0,0.0,-0.1105263157894736
2026-09-30T02:12:34.423 0.8,0.0,0.0,0.0,0.0,-0.1105263157894736
2026-09-30T02:12:34.473 0.8,0.0,0.0,0.0,0.0,-0.1105263157894736
2026-09-30T02:12:34.523 0.8,0.0,0.0,0.0,0.0,-0.1105263157894736
2026-09-30T02:12:34.573 0.8,0.0,0.0,0.0,0.0,-0.1105263157894736
2026-09-30T02:12:34.633 0.8,0.0,0.0,0.0,0.0,-0.1105263157894736
2026-09-30T02:12:34.683 0.8,0.0,0.0,0.0,0.0,-0.1105263157894736
2026-09-30T02:12:34.722 0.8,0.0,0.0,0.0,0.0,-0.1105263157894736
2026-09-30T02:12:34.773 0.8,0.0,0.0,0.0,0.0,-0.1105263157894736
2026-09-30T02:12:34.823 0.8,0.0,0.0,0.0,0.0,-0.1105263157894736
2026-09-30T02:12:34.873 0.8,0.0,0.0,0.0,0.0,-0.1105263157894736
2026-09-30T02:12:34.923 0.8,0.0,0.0,0.0,0.0,-0.1105263157894736
2026-09-30T02:12:34.983 0.8,0.0,0.0,0.0,0.0,-0.1105263157894736
2026-09-30T02:12:35.033 0.8,0.0,0.0,0.0,0.0,-0.1105263157894736
2026-09-30T02:12:35.073 0.8,0.0,0.0,0.0,0.0,-0.036842105263157815
2026-09-30T02:12:35.123 0.8,0.0,0.0,0.0,0.0,-0.036842105263157815
2026-09-30T02:12:35.173 0.8,0.0,0.0,0.0,0.0,-0.036842105263157815
2026-09-30T02:12:35.223 0.8,0.0,0.0,0.0,0.0,-0.036842105263157815
2026-09-30T02:12:35.272 0.8,0.0,0.0,0.0,0.0,-0.036842105263157815
2026-09-30T02:12:35.323 0.8,0.0,0.0,0.0,0.0,-0.036842105263157815
2026-09-30T02:12:35.373 0.8,0.0,0.0,0.0,0.0,-0.036842105263157815
2026-09-30T02:12:35.423 0.8,0.0,0.0,0.0,0.0,-0.036842105263157815
2026-09-30T02:12:35.472 0.8,0.0,0.0,0.0,0.0,-0.036842105263157815
2026-09-30T02:12:35.524 0.8,0.0,0.0,0.0,0.0,-0.036842105263157815
2026-09-30T02:12:35.572 0.8,0.0,0.0,0.0,0.0,-0.036842105263157815
2026-09-30T02:12:35.623 0.8,0.0,0.0,0.0,0.0,-0.036842105263157815
2026-09-30T02:12:35.673 0.8,0.0,0.0,0.0,0.0,-0.036842105263157815
2026-09-30T02:12:35.723 0.8,0.0,0.0,0.0,0.0,-0.1105263157894736
2026-09-30T02:12:35.773 0.8,0.0,0.0,0.0,0.0,-0.1105263157894736
2026-09-30T02:12:35.823 0.8,0.0,0.0,0.0,0.0,-0.1105263157894736
2026-09-30T02:12:35.873 0.8,0.0,0.0,0.0,0.0,-0.1105263157894736
2026-09-30T02:12:35.923 0.8,0.0,0.0,0.0,0.0,-0.1105263157894736
2026-09-30T02:12:35.982 0.8,0.0,0.0,0.0,0.0,-0.1105263157894736
2026-09-30T02:12:36.023 0.8,0.0,0.0,0.0,0.0,-0.1105263157894736
2026-09-30T02:12:36.073 0.8,0.0,0.0,0.0,0.0,-0.1105263157894736
2026-09-30T02:12:36.122 0.8,0.0,0.0,0.0,0.0,-0.1105263157894736
2026-09-30T02:12:36.183 0.8,0.0,0.0,0.0,0.0,-0.1105263157894736
2026-09-30T02:12:36.223 0.8,0.0,0.0,0.0,0.0,-0.1105263157894736
2026-09-30T02:12:36.273 0.8,0.0,0.0,0.0,0.0,-0.1105263157894736
2026-09-30T02:12:36.322 0.8,0.0,0.0,0.0,0.0,-0.1105263157894736
2026-09-30T02:12:36.373 0.8,0.0,0.0,0.0,0.0,-0.036842105263157815
2026-09-30T02:12:36.423 0.8,0.0,0.0,0.0,0.0,-0.036842105263157815
2026-09-30T02:12:36.472 0.8,0.0,0.0,0.0,0.0,-0.036842105263157815
2026-09-30T02:12:36.524 0.8,0.0,0.0,0.0,0.0,-0.036842105263157815
2026-09-30T02:12:36.573 0.8,0.0,0.0,0.0,0.0,-0.036842105263157815
2026-09-30T02:12:36.623 0.8,0.0,0.0,0.0,0.0,-0.036842105263157815
2026-09-30T02:12:36.673 0.8,0.0,0.0,0.0,0.0,-0.036842105263157815
2026-09-30T02:12:36.723 0.8,0.0,0.0,0.0,0.0,0.11052631578947375
2026-09-30T02:12:36.772 0.8,0.0,0.0,0.0,0.0,0.11052631578947375
2026-09-30T02:12:36.823 0.8,0.0,0.0,0.0,0.0,0.11052631578947375
2026-09-30T02:12:36.873 0.8,0.0,0.0,0.0,0.0,0.11052631578947375
2026-09-30T02:12:36.923 0.8,0.0,0.0,0.0,0.0,0.11052631578947375
2026-09-30T02:12:36.973 0.8,0.0,0.0,0.0,0.0,0.11052631578947375
2026-09-30T02:12:37.022 0.8,0.0,0.0,0.0,0.0,0.11052631578947375
2026-09-30T02:12:37.072 0.8,0.0,0.0,0.0,0.0,0.11052631578947375
2026-09-30T02:12:37.123 0.8,0.0,0.0,0.0,0.0,0.11052631578947375
2026-09-30T02:12:37.172 0.8,0.0,0.0,0.0,0.0,0.11052631578947375
2026-09-30T02:12:37.223 0.8,0.0,0.0,0.0,0.0,0.11052631578947375
2026-09-30T02:12:37.272 0.8,0.0,0.0,0.0,0.0,0.11052631578947375
2026-09-30T02:12:37.323 0.8,0.0,0.0,0.0,0.0,0.11052631578947375
2026-09-30T02:12:37.372 0.8,0.0,0.0,0.0,0.0,0.11052631578947375
2026-09-30T02:12:37.422 0.8,0.0,0.0,0.0,0.0,0.11052631578947375
2026-09-30T02:12:37.472 0.8,0.0,0.0,0.0,0.0,0.11052631578947375
2026-09-30T02:12:37.523 0.8,0.0,0.0,0.0,0.0,0.18421052631578955
2026-09-30T02:12:37.573 0.8,0.0,0.0,0.0,0.0,0.18421052631578955
2026-09-30T02:12:37.623 0.8,0.0,0.0,0.0,0.0,0.18421052631578955
2026-09-30T02:12:37.672 0.8,0.0,0.0,0.0,0.0,0.18421052631578955
2026-09-30T02:12:37.722 0.8,0.0,0.0,0.0,0.0,0.18421052631578955
2026-09-30T02:12:37.772 0.8,0.0,0.0,0.0,0.0,0.11052631578947375
2026-09-30T02:12:37.833 0.8,0.0,0.0,0.0,0.0,0.11052631578947375
2026-09-30T02:12:37.873 0.8,0.0,0.0,0.0,0.0,0.11052631578947375
2026-09-30T02:12:37.922 0.8,0.0,0.0,0.0,0.0,0.11052631578947375
2026-09-30T02:12:37.973 0.8,0.0,0.0,0.0,0.0,0.11052631578947375
2026-09-30T02:12:38.023 0.8,0.0,0.0,0.0,0.0,0.11052631578947375
2026-09-30T02:12:38.073 0.8,0.0,0.0,0.0,0.0,0.11052631578947375
2026-09-30T02:12:38.122 0.8,0.0,0.0,0.0,0.0,0.11052631578947375
2026-09-30T02:12:38.173 0.8,0.0,0.0,0.0,0.0,0.11052631578947375
2026-09-30T02:12:38.223 0.8,0.0,0.0,0.0,0.0,0.11052631578947375
2026-09-30T02:12:38.273 0.8,0.0,0.0,0.0,0.0,0.11052631578947375
2026-09-30T02:12:38.322 0.8,0.0,0.0,0.0,0.0,0.11052631578947375
2026-09-30T02:12:38.373 0.8,0.0,0.0,0.0,0.0,0.11052631578947375
2026-09-30T02:12:38.422 0.8,0.0,0.0,0.0,0.0,0.11052631578947375
2026-09-30T02:12:38.472 0.8,0.0,0.0,0.0,0.0,0.11052631578947375
2026-09-30T02:12:38.523 0.8,0.0,0.0,0.0,0.0,0.11052631578947375
2026-09-30T02:12:38.573 0.8,0.0,0.0,0.0,0.0,0.11052631578947375
2026-09-30T02:12:38.623 0.8,0.0,0.0,0.0,0.0,0.11052631578947375
2026-09-30T02:12:38.673 0.8,0.0,0.0,0.0,0.0,0.11052631578947375
2026-09-30T02:12:38.723 0.8,0.0,0.0,0.0,0.0,0.11052631578947375
2026-09-30T02:12:38.773 0.8,0.0,0.0,0.0,0.0,0.11052631578947375
2026-09-30T02:12:38.822 0.8,0.0,0.0,0.0,0.0,0.11052631578947375
2026-09-30T02:12:38.872 0.8,0.0,0.0,0.0,0.0,0.11052631578947375
2026-09-30T02:12:38.923 0.8,0.0,0.0,0.0,0.0,0.11052631578947375
2026-09-30T02:12:38.973 0.8,0.0,0.0,0.0,0.0,0.11052631578947375
2026-09-30T02:12:39.023 0.8,0.0,0.0,0.0,0.0,0.11052631578947375
2026-09-30T02:12:39.072 0.8,0.0,0.0,0.0,0.0,0.11052631578947375
2026-09-30T02:12:39.123 0.8,0.0,0.0,0.0,0.0,0.11052631578947375
2026-09-30T02:12:39.173 0.8,0.0,0.0,0.0,0.0,0.11052631578947375
2026-09-30T02:12:39.223 0.8,0.0,0.0,0.0,0.0,0.11052631578947375
2026-09-30T02:12:39.274 0.8,0.0,0.0,0.0,0.0,0.11052631578947375
2026-09-30T02:12:39.323 0.8,0.0,0.0,0.0,0.0,0.11052631578947375
2026-09-30T02:12:39.373 0.8,0.0,0.0,0.0,0.0,0.11052631578947375
2026-09-30T02:12:39.422 0.8,0.0,0.0,0.0,0.0,0.11052631578947375
2026-09-30T02:12:39.473 0.8,0.0,0.0,0.0,0.0,0.11052631578947375
2026-09-30T02:12:39.523 0.8,0.0,0.0,0.0,0.0,0.11052631578947375
2026-09-30T02:12:39.573 0.8,0.0,0.0,0.0,0.0,0.11052631578947375
2026-09-30T02:12:39.623 0.8,0.0,0.0,0.0,0.0,0.11052631578947375
2026-09-30T02:12:39.672 0.8,0.0,0.0,0.0,0.0,0.11052631578947375
2026-09-30T02:12:39.723 0.8,0.0,0.0,0.0,0.0,0.11052631578947375
2026-09-30T02:12:39.773 0.8,0.0,0.0,0.0,0.0,0.11052631578947375
2026-09-30T02:12:39.823 0.8,0.0,0.0,0.0,0.0,0.11052631578947375
2026-09-30T02:12:39.873 0.8,0.0,0.0,0.0,0.0,0.11052631578947375
2026-09-30T02:12:39.923 0.8,0.0,0.0,0.0,0.0,0.11052631578947375
2026-09-30T02:12:39.972 0.8,0.0,0.0,0.0,0.0,0.11052631578947375
2026-09-30T02:12:40.022 0.8,0.0,0.0,0.0,0.0,0.11052631578947375
2026-09-30T02:12:40.073 0.8,0.0,0.0,0.0,0.0,0.11052631578947375
2026-09-30T02:12:40.123 0.8,0.0,0.0,0.0,0.0,0.11052631578947375
2026-09-30T02:12:40.173 0.8,0.0,0.0,0.0,0.0,0.11052631578947375
2026-09-30T02:12:40.223 0.8,0.0,0.0,0.0,0.0,0.11052631578947375
2026-09-30T02:12:40.272 0.8,0.0,0.0,0.0,0.0,0.11052631578947375
2026-09-30T02:12:40.323 0.8,0.0,0.0,0.0,0.0,0.11052631578947375
2026-09-30T02:12:40.373 0.8,0.0,0.0,0.0,0.0,0.11052631578947375
2026-09-30T02:12:40.423 0.8,0.0,0.0,0.0,0.0,0.11052631578947375
2026-09-30T02:12:40.473 0.8,0.0,0.0,0.0,0.0,0.11052631578947375
2026-09-30T02:12:40.523 0.8,0.0,0.0,0.0,0.0,0.11052631578947375
2026-09-30T02:12:40.572 0.8,0.0,0.0,0.0,0.0,0.11052631578947375
2026-09-30T02:12:40.623 0.8,0.0,0.0,0.0,0.0,0.11052631578947375
2026-09-30T02:12:40.672 0.8,0.0,0.0,0.0,0.0,0.11052631578947375
2026-09-30T02:12:40.723 0.8,0.0,0.0,0.0,0.0,0.11052631578947375
2026-09-30T02:12:40.772 0.8,0.0,0.0,0.0,0.0,0.11052631578947375
2026-09-30T02:12:40.823 0.8,0.0,0.0,0.0,0.0,0.11052631578947375
2026-09-30T02:12:40.873 0.8,0.0,0.0,0.0,0.0,0.11052631578947375
2026-09-30T02:12:40.923 0.8,0.0,0.0,0.0,0.0,0.18421052631578955
2026-09-30T02:12:40.973 0.8,0.0,0.0,0.0,0.0,0.18421052631578955
2026-09-30T02:12:41.022 0.8,0.0,0.0,0.0,0.0,0.18421052631578955
2026-09-30T02:12:41.073 0.8,0.0,0.0,0.0,0.0,0.18421052631578955
2026-09-30T02:12:41.123 0.8,0.0,0.0,0.0,0.0,0.18421052631578955
2026-09-30T02:12:41.173 0.8,0.0,0.0,0.0,0.0,0.18421052631578955
2026-09-30T02:12:42.096 0.8,0.0,0.0,0.0,0.0,0.18421052631578955
2026-09-30T02:12:42.146 0.8,0.0,0.0,0.0,0.0,0.18421052631578955
2026-09-30T02:12:43.411 0.8,0.0,0.0,0.0,0.0,0.11052631578947375
2026-09-30T02:12:43.460 0.8,0.0,0.0,0.0,0.0,0.11052631578947375
2026-09-30T02:12:43.510 0.8,0.0,0.0,0.0,0.0,0.11052631578947375
2026-09-30T02:12:43.560 0.8,0.0,0.0,0.0,0.0,0.11052631578947375
2026-09-30T02:12:43.610 0.8,0.0,0.0,0.0,0.0,0.11052631578947375
2026-09-30T02:12:43.660 0.8,0.0,0.0,0.0,0.0,0.11052631578947375
2026-09-30T02:12:43.710 0.8,0.0,0.0,0.0,0.0,0.11052631578947375
2026-09-30T02:12:43.760 0.8,0.0,0.0,0.0,0.0,0.11052631578947375
2026-09-30T02:12:43.810 0.8,0.0,0.0,0.0,0.0,0.11052631578947375
2026-09-30T02:12:43.860 0.8,0.0,0.0,0.0,0.0,0.11052631578947375
2026-09-30T02:12:43.910 0.8,0.0,0.0,0.0,0.0,0.11052631578947375
2026-09-30T02:12:43.960 0.8,0.0,0.0,0.0,0.0,0.11052631578947375
2026-09-30T02:12:44.010 0.8,0.0,0.0,0.0,0.0,0.11052631578947375
2026-09-30T02:12:44.071 0.8,0.0,0.0,0.0,0.0,0.11052631578947375
2026-09-30T02:12:44.111 0.8,0.0,0.0,0.0,0.0,0.11052631578947375
2026-09-30T02:12:44.160 0.8,0.0,0.0,0.0,0.0,0.11052631578947375
2026-09-30T02:12:44.210 0.8,0.0,0.0,0.0,0.0,0.11052631578947375
2026-09-30T02:12:44.260 0.8,0.0,0.0,0.0,0.0,0.11052631578947375
2026-09-30T02:12:44.310 0.8,0.0,0.0,0.0,0.0,0.11052631578947375
2026-09-30T02:12:44.360 0.8,0.0,0.0,0.0,0.0,0.11052631578947375
2026-09-30T02:12:44.411 0.8,0.0,0.0,0.0,0.0,0.11052631578947375
2026-09-30T02:12:44.461 0.8,0.0,0.0,0.0,0.0,0.11052631578947375
2026-09-30T02:12:44.510 0.8,0.0,0.0,0.0,0.0,0.11052631578947375
2026-09-30T02:12:44.560 0.8,0.0,0.0,0.0,0.0,0.11052631578947375
2026-09-30T02:12:44.610 0.8,0.0,0.0,0.0,0.0,0.11052631578947375
2026-09-30T02:12:44.660 0.8,0.0,0.0,0.0,0.0,0.11052631578947375
2026-09-30T02:12:44.711 0.8,0.0,0.0,0.0,0.0,0.11052631578947375
2026-09-30T02:12:44.761 0.8,0.0,0.0,0.0,0.0,0.11052631578947375
2026-09-30T02:12:44.810 0.8,0.0,0.0,0.0,0.0,0.11052631578947375
2026-09-30T02:12:44.860 0.8,0.0,0.0,0.0,0.0,0.11052631578947375
2026-09-30T02:12:44.911 0.8,0.0,0.0,0.0,0.0,0.11052631578947375
2026-09-30T02:12:44.960 0.8,0.0,0.0,0.0,0.0,0.11052631578947375
2026-09-30T02:12:45.010 0.8,0.0,0.0,0.0,0.0,0.11052631578947375
2026-09-30T02:12:45.060 0.8,0.0,0.0,0.0,0.0,0.11052631578947375
2026-09-30T02:12:45.110 0.8,0.0,0.0,0.0,0.0,0.11052631578947375
2026-09-30T02:12:45.160 0.8,0.0,0.0,0.0,0.0,0.11052631578947375
2026-09-30T02:12:45.210 0.8,0.0,0.0,0.0,0.0,0.11052631578947375
2026-09-30T02:12:45.261 0.8,0.0,0.0,0.0,0.0,0.11052631578947375
2026-09-30T02:12:45.310 0.8,0.0,0.0,0.0,0.0,0.11052631578947375
2026-09-30T02:12:45.361 0.8,0.0,0.0,0.0,0.0,0.11052631578947375
2026-09-30T02:12:45.411 0.8,0.0,0.0,0.0,0.0,0.11052631578947375
2026-09-30T02:12:45.460 0.8,0.0,0.0,0.0,0.0,0.11052631578947375
2026-09-30T02:12:45.520 0.8,0.0,0.0,0.0,0.0,0.11052631578947375
2026-09-30T02:12:45.560 0.8,0.0,0.0,0.0,0.0,0.11052631578947375
2026-09-30T02:12:45.610 0.8,0.0,0.0,0.0,0.0,0.11052631578947375
2026-09-30T02:12:45.660 0.8,0.0,0.0,0.0,0.0,0.11052631578947375
2026-09-30T02:12:45.711 0.8,0.0,0.0,0.0,0.0,0.11052631578947375
2026-09-30T02:12:45.760 0.8,0.0,0.0,0.0,0.0,0.11052631578947375
2026-09-30T02:12:45.810 0.8,0.0,0.0,0.0,0.0,0.03684210526315797
2026-09-30T02:12:45.860 0.8,0.0,0.0,0.0,0.0,0.03684210526315797
2026-09-30T02:12:45.920 0.8,0.0,0.0,0.0,0.0,0.11052631578947375
2026-09-30T02:12:45.960 0.8,0.0,0.0,0.0,0.0,0.11052631578947375
2026-09-30T02:12:46.010 0.8,0.0,0.0,0.0,0.0,0.11052631578947375
2026-09-30T02:12:46.060 0.8,0.0,0.0,0.0,0.0,0.03684210526315797
2026-09-30T02:12:46.110 0.8,0.0,0.0,0.0,0.0,0.03684210526315797
2026-09-30T02:12:46.160 0.8,0.0,0.0,0.0,0.0,0.11052631578947375
2026-09-30T02:12:46.211 0.8,0.0,0.0,0.0,0.0,0.11052631578947375
2026-09-30T02:12:46.260 0.8,0.0,0.0,0.0,0.0,0.03684210526315797
2026-09-30T02:12:46.311 0.8,0.0,0.0,0.0,0.0,0.03684210526315797
2026-09-30T02:12:46.360 0.8,0.0,0.0,0.0,0.0,0.03684210526315797
2026-09-30T02:12:46.410 0.8,0.0,0.0,0.0,0.0,0.03684210526315797
2026-09-30T02:12:46.460 0.8,0.0,0.0,0.0,0.0,0.03684210526315797
2026-09-30T02:12:46.510 0.7578947368421055,0.0,0.0,0.0,0.0,0.11052631578947375
2026-09-30T02:12:46.560 0.8,0.0,0.0,0.0,0.0,0.03684210526315797
2026-09-30T02:12:46.611 0.8,0.0,0.0,0.0,0.0,0.03684210526315797
2026-09-30T02:12:46.660 0.8,0.0,0.0,0.0,0.0,0.03684210526315797
2026-09-30T02:12:46.710 0.8,0.0,0.0,0.0,0.0,0.03684210526315797
2026-09-30T02:12:46.760 0.8,0.0,0.0,0.0,0.0,0.11052631578947375
2026-09-30T02:12:46.810 0.7578947368421055,0.0,0.0,0.0,0.0,0.03684210526315797
2026-09-30T02:12:46.860 0.7578947368421055,0.0,0.0,0.0,0.0,0.03684210526315797
2026-09-30T02:12:46.911 0.7578947368421055,0.0,0.0,0.0,0.0,0.03684210526315797
2026-09-30T02:12:46.960 0.7578947368421055,0.0,0.0,0.0,0.0,0.03684210526315797
2026-09-30T02:12:47.011 0.7578947368421055,0.0,0.0,0.0,0.0,0.03684210526315797
2026-09-30T02:12:47.060 0.7157894736842108,0.0,0.0,0.0,0.0,0.03684210526315797
2026-09-30T02:12:47.110 0.7157894736842108,0.0,0.0,0.0,0.0,0.03684210526315797
2026-09-30T02:12:47.160 0.7157894736842108,0.0,0.0,0.0,0.0,0.03684210526315797
2026-09-30T02:12:47.210 0.7157894736842108,0.0,0.0,0.0,0.0,0.03684210526315797
2026-09-30T02:12:47.260 0.7157894736842108,0.0,0.0,0.0,0.0,0.03684210526315797
2026-09-30T02:12:47.310 0.673684210526316,0.0,0.0,0.0,0.0,0.03684210526315797
2026-09-30T02:12:47.360 0.673684210526316,0.0,0.0,0.0,0.0,-0.1105263157894736
2026-09-30T02:12:47.410 0.673684210526316,0.0,0.0,0.0,0.0,-0.1105263157894736
2026-09-30T02:12:47.460 0.673684210526316,0.0,0.0,0.0,0.0,-0.1105263157894736
2026-09-30T02:12:47.510 0.6315789473684212,0.0,0.0,0.0,0.0,-0.1105263157894736
2026-09-30T02:12:47.560 0.6315789473684212,0.0,0.0,0.0,0.0,-0.1105263157894736
2026-09-30T02:12:47.611 0.6315789473684212,0.0,0.0,0.0,0.0,-0.1105263157894736
2026-09-30T02:12:47.660 0.6315789473684212,0.0,0.0,0.0,0.0,-0.1105263157894736
2026-09-30T02:12:47.711 0.6315789473684212,0.0,0.0,0.0,0.0,-0.1105263157894736
2026-09-30T02:12:47.760 0.5894736842105265,0.0,0.0,0.0,0.0,-0.1105263157894736
2026-09-30T02:12:47.810 0.5894736842105265,0.0,0.0,0.0,0.0,-0.1105263157894736
2026-09-30T02:12:47.861 0.5894736842105265,0.0,0.0,0.0,0.0,-0.1105263157894736
2026-09-30T02:12:47.911 0.5894736842105265,0.0,0.0,0.0,0.0,-0.1105263157894736
2026-09-30T02:12:47.960 0.5894736842105265,0.0,0.0,0.0,0.0,-0.1105263157894736
2026-09-30T02:12:48.011 0.5894736842105265,0.0,0.0,0.0,0.0,-0.1105263157894736
2026-09-30T02:12:48.060 0.5894736842105265,0.0,0.0,0.0,0.0,-0.1105263157894736
2026-09-30T02:12:48.110 0.5473684210526317,0.0,0.0,0.0,0.0,-0.1105263157894736
2026-09-30T02:12:48.160 0.5473684210526317,0.0,0.0,0.0,0.0,-0.1105263157894736
2026-09-30T02:12:48.221 0.5473684210526317,0.0,0.0,0.0,0.0,-0.1105263157894736
2026-09-30T02:12:48.260 0.5473684210526317,0.0,0.0,0.0,0.0,-0.1105263157894736
2026-09-30T02:12:48.311 0.5473684210526317,0.0,0.0,0.0,0.0,-0.1105263157894736
2026-09-30T02:12:48.361 0.5473684210526317,0.0,0.0,0.0,0.0,-0.1105263157894736
2026-09-30T02:12:48.411 0.5473684210526317,0.0,0.0,0.0,0.0,-0.1105263157894736
2026-09-30T02:12:48.460 0.505263157894737,0.0,0.0,0.0,0.0,-0.1105263157894736
2026-09-30T02:12:48.510 0.505263157894737,0.0,0.0,0.0,0.0,-0.1105263157894736
2026-09-30T02:12:48.560 0.505263157894737,0.0,0.0,0.0,0.0,-0.1105263157894736
2026-09-30T02:12:48.610 0.505263157894737,0.0,0.0,0.0,0.0,-0.1105263157894736
2026-09-30T02:12:48.660 0.505263157894737,0.0,0.0,0.0,0.0,-0.1105263157894736
2026-09-30T02:12:48.711 0.4631578947368422,0.0,0.0,0.0,0.0,-0.1105263157894736
2026-09-30T02:12:48.760 0.4631578947368422,0.0,0.0,0.0,0.0,-0.1105263157894736
2026-09-30T02:12:48.810 0.4631578947368422,0.0,0.0,0.0,0.0,-0.1105263157894736
2026-09-30T02:12:48.861 0.4631578947368422,0.0,0.0,0.0,0.0,-0.1105263157894736
2026-09-30T02:12:48.910 0.4631578947368422,0.0,0.0,0.0,0.0,-0.1105263157894736
2026-09-30T02:12:48.960 0.4631578947368422,0.0,0.0,0.0,0.0,-0.1105263157894736
2026-09-30T02:12:49.010 0.4631578947368422,0.0,0.0,0.0,0.0,-0.1105263157894736
2026-09-30T02:12:49.060 0.42105263157894746,0.0,0.0,0.0,0.0,-0.1105263157894736
2026-09-30T02:12:49.110 0.42105263157894746,0.0,0.0,0.0,0.0,-0.1105263157894736
2026-09-30T02:12:49.160 0.42105263157894746,0.0,0.0,0.0,0.0,-0.1105263157894736
2026-09-30T02:12:49.210 0.42105263157894746,0.0,0.0,0.0,0.0,-0.1105263157894736
2026-09-30T02:12:49.270 0.42105263157894746,0.0,0.0,0.0,0.0,-0.1105263157894736
2026-09-30T02:12:49.312 0.42105263157894746,0.0,0.0,0.0,0.0,-0.1105263157894736
2026-09-30T02:12:49.360 0.42105263157894746,0.0,0.0,0.0,0.0,-0.1105263157894736
2026-09-30T02:12:49.410 0.42105263157894746,0.0,0.0,0.0,0.0,-0.18421052631578938
2026-09-30T02:12:49.460 0.42105263157894746,0.0,0.0,0.0,0.0,-0.18421052631578938
2026-09-30T02:12:49.510 0.42105263157894746,0.0,0.0,0.0,0.0,-0.18421052631578938
2026-09-30T02:12:49.560 0.42105263157894746,0.0,0.0,0.0,0.0,-0.18421052631578938
2026-09-30T02:12:49.610 0.42105263157894746,0.0,0.0,0.0,0.0,-0.18421052631578938
2026-09-30T02:12:49.661 0.42105263157894746,0.0,0.0,0.0,0.0,-0.18421052631578938
2026-09-30T02:12:49.710 0.42105263157894746,0.0,0.0,0.0,0.0,-0.18421052631578938
2026-09-30T02:12:49.760 0.42105263157894746,0.0,0.0,0.0,0.0,-0.18421052631578938
2026-09-30T02:12:49.810 0.3789473684210527,0.0,0.0,0.0,0.0,-0.1105263157894736
2026-09-30T02:12:49.861 0.3789473684210527,0.0,0.0,0.0,0.0,-0.18421052631578938
2026-09-30T02:12:49.910 0.3789473684210527,0.0,0.0,0.0,0.0,-0.18421052631578938
2026-09-30T02:12:49.960 0.3789473684210527,0.0,0.0,0.0,0.0,-0.18421052631578938
2026-09-30T02:12:50.010 0.3789473684210527,0.0,0.0,0.0,0.0,-0.18421052631578938
2026-09-30T02:12:50.060 0.3789473684210527,0.0,0.0,0.0,0.0,-0.18421052631578938
2026-09-30T02:12:50.111 0.3789473684210527,0.0,0.0,0.0,0.0,-0.18421052631578938
2026-09-30T02:12:50.170 0.3789473684210527,0.0,0.0,0.0,0.0,-0.18421052631578938
2026-09-30T02:12:50.210 0.3789473684210527,0.0,0.0,0.0,0.0,-0.18421052631578938
2026-09-30T02:12:50.260 0.3789473684210527,0.0,0.0,0.0,0.0,-0.18421052631578938
2026-09-30T02:12:50.310 0.33684210526315794,0.0,0.0,0.0,0.0,-0.1105263157894736
2026-09-30T02:12:50.360 0.33684210526315794,0.0,0.0,0.0,0.0,-0.1105263157894736
2026-09-30T02:12:50.410 0.33684210526315794,0.0,0.0,0.0,0.0,-0.18421052631578938
2026-09-30T02:12:50.462 0.33684210526315794,0.0,0.0,0.0,0.0,-0.18421052631578938
2026-09-30T02:12:50.511 0.33684210526315794,0.0,0.0,0.0,0.0,-0.18421052631578938
2026-09-30T02:12:50.560 0.33684210526315794,0.0,0.0,0.0,0.0,-0.18421052631578938
2026-09-30T02:12:50.610 0.33684210526315794,0.0,0.0,0.0,0.0,-0.18421052631578938
2026-09-30T02:12:50.660 0.33684210526315794,0.0,0.0,0.0,0.0,-0.18421052631578938
2026-09-30T02:12:50.710 0.33684210526315794,0.0,0.0,0.0,0.0,-0.18421052631578938
2026-09-30T02:12:50.760 0.33684210526315794,0.0,0.0,0.0,0.0,-0.18421052631578938
2026-09-30T02:12:50.810 0.33684210526315794,0.0,0.0,0.0,0.0,-0.18421052631578938
2026-09-30T02:12:50.860 0.33684210526315794,0.0,0.0,0.0,0.0,-0.18421052631578938
2026-09-30T02:12:50.910 0.33684210526315794,0.0,0.0,0.0,0.0,-0.1105263157894736
2026-09-30T02:12:50.961 0.33684210526315794,0.0,0.0,0.0,0.0,-0.1105263157894736
2026-09-30T02:12:51.010 0.2947368421052632,0.0,0.0,0.0,0.0,-0.1105263157894736
2026-09-30T02:12:51.060 0.2947368421052632,0.0,0.0,0.0,0.0,-0.1105263157894736
2026-09-30T02:12:51.110 0.2947368421052632,0.0,0.0,0.0,0.0,-0.1105263157894736
2026-09-30T02:12:51.160 0.2947368421052632,0.0,0.0,0.0,0.0,-0.1105263157894736
2026-09-30T02:12:51.211 0.2947368421052632,0.0,0.0,0.0,0.0,-0.1105263157894736
2026-09-30T02:12:51.261 0.2947368421052632,0.0,0.0,0.0,0.0,-0.1105263157894736
2026-09-30T02:12:51.311 0.2947368421052632,0.0,0.0,0.0,0.0,-0.1105263157894736
2026-09-30T02:12:51.360 0.2947368421052632,0.0,0.0,0.0,0.0,-0.1105263157894736
2026-09-30T02:12:51.410 0.2947368421052632,0.0,0.0,0.0,0.0,-0.1105263157894736
2026-09-30T02:12:51.460 0.2947368421052632,0.0,0.0,0.0,0.0,-0.1105263157894736
2026-09-30T02:12:51.511 0.2947368421052632,0.0,0.0,0.0,0.0,-0.1105263157894736
2026-09-30T02:12:51.560 0.2947368421052632,0.0,0.0,0.0,0.0,-0.1105263157894736
2026-09-30T02:12:51.610 0.2947368421052632,0.0,0.0,0.0,0.0,-0.1105263157894736
2026-09-30T02:12:51.661 0.2947368421052632,0.0,0.0,0.0,0.0,-0.1105263157894736
2026-09-30T02:12:51.710 0.25263157894736843,0.0,0.0,0.0,0.0,-0.1105263157894736
2026-09-30T02:12:51.760 0.25263157894736843,0.0,0.0,0.0,0.0,-0.1105263157894736
2026-09-30T02:12:51.810 0.25263157894736843,0.0,0.0,0.0,0.0,-0.1105263157894736
2026-09-30T02:12:51.860 0.25263157894736843,0.0,0.0,0.0,0.0,-0.1105263157894736
2026-09-30T02:12:51.910 0.25263157894736843,0.0,0.0,0.0,0.0,-0.1105263157894736
2026-09-30T02:12:51.960 0.25263157894736843,0.0,0.0,0.0,0.0,-0.1105263157894736
2026-09-30T02:12:52.011 0.25263157894736843,0.0,0.0,0.0,0.0,-0.1105263157894736
2026-09-30T02:12:52.060 0.25263157894736843,0.0,0.0,0.0,0.0,-0.1105263157894736
2026-09-30T02:12:52.110 0.25263157894736843,0.0,0.0,0.0,0.0,-0.1105263157894736
2026-09-30T02:12:52.160 0.25263157894736843,0.0,0.0,0.0,0.0,-0.1105263157894736
2026-09-30T02:12:52.211 0.25263157894736843,0.0,0.0,0.0,0.0,-0.1105263157894736
2026-09-30T02:12:52.260 0.25263157894736843,0.0,0.0,0.0,0.0,-0.1105263157894736
2026-09-30T02:12:52.311 0.25263157894736843,0.0,0.0,0.0,0.0,-0.1105263157894736
2026-09-30T02:12:52.360 0.25263157894736843,0.0,0.0,0.0,0.0,-0.1105263157894736
2026-09-30T02:12:52.410 0.25263157894736843,0.0,0.0,0.0,0.0,-0.1105263157894736
2026-09-30T02:12:52.460 0.25263157894736843,0.0,0.0,0.0,0.0,-0.1105263157894736
2026-09-30T02:12:52.510 0.25263157894736843,0.0,0.0,0.0,0.0,-0.1105263157894736
2026-09-30T02:12:52.560 0.21052631578947367,0.0,0.0,0.0,0.0,-0.1105263157894736
2026-09-30T02:12:52.610 0.21052631578947367,0.0,0.0,0.0,0.0,-0.1105263157894736
2026-09-30T02:12:52.660 0.21052631578947367,0.0,0.0,0.0,0.0,-0.1105263157894736
2026-09-30T02:12:52.710 0.21052631578947367,0.0,0.0,0.0,0.0,-0.1105263157894736
2026-09-30T02:12:52.760 0.21052631578947367,0.0,0.0,0.0,0.0,-0.1105263157894736
2026-09-30T02:12:52.810 0.21052631578947367,0.0,0.0,0.0,0.0,-0.1105263157894736
2026-09-30T02:12:52.860 0.21052631578947367,0.0,0.0,0.0,0.0,-0.1105263157894736
2026-09-30T02:12:52.910 0.21052631578947367,0.0,0.0,0.0,0.0,-0.1105263157894736
2026-09-30T02:12:52.960 0.21052631578947367,0.0,0.0,0.0,0.0,-0.1105263157894736
2026-09-30T02:12:53.010 0.21052631578947367,0.0,0.0,0.0,0.0,-0.1105263157894736
2026-09-30T02:12:53.061 0.21052631578947367,0.0,0.0,0.0,0.0,-0.1105263157894736
2026-09-30T02:12:53.110 0.21052631578947367,0.0,0.0,0.0,0.0,-0.1105263157894736
2026-09-30T02:12:53.160 0.21052631578947367,0.0,0.0,0.0,0.0,-0.1105263157894736
2026-09-30T02:12:53.210 0.21052631578947367,0.0,0.0,0.0,0.0,-0.1105263157894736
2026-09-30T02:12:53.260 0.21052631578947367,0.0,0.0,0.0,0.0,-0.1105263157894736
2026-09-30T02:12:53.312 0.21052631578947367,0.0,0.0,0.0,0.0,-0.1105263157894736
2026-09-30T02:12:53.360 0.21052631578947367,0.0,0.0,0.0,0.0,-0.1105263157894736
2026-09-30T02:12:53.410 0.21052631578947367,0.0,0.0,0.0,0.0,-0.1105263157894736
2026-09-30T02:12:53.460 0.21052631578947367,0.0,0.0,0.0,0.0,-0.1105263157894736
2026-09-30T02:12:53.510 0.21052631578947367,0.0,0.0,0.0,0.0,-0.1105263157894736
2026-09-30T02:12:53.560 0.21052631578947367,0.0,0.0,0.0,0.0,-0.1105263157894736
2026-09-30T02:12:53.610 0.16842105263157894,0.0,0.0,0.0,0.0,-0.1105263157894736
2026-09-30T02:12:53.670 0.16842105263157894,0.0,0.0,0.0,0.0,-0.1105263157894736
2026-09-30T02:12:53.711 0.16842105263157894,0.0,0.0,0.0,0.0,-0.1105263157894736
2026-09-30T02:12:53.760 0.16842105263157894,0.0,0.0,0.0,0.0,-0.1105263157894736
2026-09-30T02:12:53.810 0.16842105263157894,0.0,0.0,0.0,0.0,-0.1105263157894736
2026-09-30T02:12:53.860 0.16842105263157894,0.0,0.0,0.0,0.0,-0.1105263157894736
2026-09-30T02:12:53.910 0.16842105263157894,0.0,0.0,0.0,0.0,-0.1105263157894736
2026-09-30T02:12:53.960 0.16842105263157894,0.0,0.0,0.0,0.0,-0.1105263157894736
2026-09-30T02:12:54.010 0.16842105263157894,0.0,0.0,0.0,0.0,-0.1105263157894736
2026-09-30T02:12:54.061 0.16842105263157894,0.0,0.0,0.0,0.0,-0.1105263157894736
2026-09-30T02:12:54.112 0.16842105263157894,0.0,0.0,0.0,0.0,-0.1105263157894736
2026-09-30T02:12:54.170 0.16842105263157894,0.0,0.0,0.0,0.0,-0.1105263157894736
2026-09-30T02:12:54.210 0.16842105263157894,0.0,0.0,0.0,0.0,-0.1105263157894736
2026-09-30T02:12:54.260 0.16842105263157894,0.0,0.0,0.0,0.0,-0.1105263157894736
2026-09-30T02:12:54.310 0.16842105263157894,0.0,0.0,0.0,0.0,-0.1105263157894736
2026-09-30T02:12:54.360 0.16842105263157894,0.0,0.0,0.0,0.0,-0.1105263157894736
2026-09-30T02:12:54.410 0.16842105263157894,0.0,0.0,0.0,0.0,-0.1105263157894736
2026-09-30T02:12:54.460 0.16842105263157894,0.0,0.0,0.0,0.0,-0.1105263157894736
2026-09-30T02:12:54.510 0.043421052631578944,0.0,0.0,0.0,0.0,-0.1105263157894736
2026-09-30T02:12:54.560 0.0,0.0,0.0,0.0,0.0,-0.1105263157894736
2026-09-30T02:12:54.610 0.0,0.0,0.0,0.0,0.0,-0.1105263157894736
2026-09-30T02:12:54.661 0.0,0.0,0.0,0.0,0.0,-0.1105263157894736
2026-09-30T02:12:54.711 0.0,0.0,0.0,0.0,0.0,-0.1105263157894736
2026-09-30T02:12:54.760 0.0,0.0,0.0,0.0,0.0,-0.1105263157894736
2026-09-30T02:12:54.811 0.0,0.0,0.0,0.0,0.0,-0.1105263157894736
2026-09-30T02:12:54.860 0.0,0.0,0.0,0.0,0.0,-0.1105263157894736
2026-09-30T02:12:54.910 0.0,0.0,0.0,0.0,0.0,0.0
2026-09-30T02:12:54.960 0.0,0.0,0.0,0.0,0.0,0.0
2026-09-30T02:12:55.010 0.0,0.0,0.0,0.0,0.0,0.0
2026-09-30T02:12:55.060 0.0,0.0,0.0,0.0,0.0,0.0
2026-09-30T02:12:55.110 0.0,0.0,0.0,0.0,0.0,0.0
2026-09-30T02:12:55.161 0.0,0.0,0.0,0.0,0.0,0.0
2026-09-30T02:12:55.211 0.0,0.0,0.0,0.0,0.0,0.0
2026-09-30T02:12:55.260 0.0,0.0,0.0,0.0,0.0,0.0
2026-09-30T02:12:55.310 0.0,0.0,0.0,0.0,0.0,0.0
2026-09-30T02:12:55.360 0.0,0.0,0.0,0.0,0.0,0.0
2026-09-30T02:12:55.410 0.0,0.0,0.0,0.0,0.0,0.0
2026-09-30T02:12:55.460 0.0,0.0,0.0,0.0,0.0,0.0
2026-09-30T02:12:55.510 0.0,0.0,0.0,0.0,0.0,0.0
2026-09-30T02:12:55.560 0.0,0.0,0.0,0.0,0.0,0.0
2026-09-30T02:12:55.621 0.0,0.0,0.0,0.0,0.0,0.0
2026-09-30T02:12:55.660 0.0,0.0,0.0,0.0,0.0,0.0
2026-09-30T02:12:55.711 0.0,0.0,0.0,0.0,0.0,0.0
2026-09-30T02:12:55.761 0.0,0.0,0.0,0.0,0.0,0.0
2026-09-30T02:12:55.810 0.0,0.0,0.0,0.0,0.0,0.0
2026-09-30T02:12:55.860 0.0,0.0,0.0,0.0,0.0,0.0
2026-09-30T02:12:55.910 0.0,0.0,0.0,0.0,0.0,0.0
2026-09-30T02:12:55.960 0.0,0.0,0.0,0.0,0.0,0.0
2026-09-30T02:12:56.010 0.0,0.0,0.0,0.0,0.0,0.0
2026-09-30T02:12:56.060 0.0,0.0,0.0,0.0,0.0,0.0
2026-09-30T02:12:56.110 0.0,0.0,0.0,0.0,0.0,0.0
2026-09-30T02:12:56.160 0.0,0.0,0.0,0.0,0.0,0.0
2026-09-30T02:12:56.210 0.0,0.0,0.0,0.0,0.0,0.0
2026-09-30T02:12:56.260 0.0,0.0,0.0,0.0,0.0,0.0
2026-09-30T02:12:56.310 0.0,0.0,0.0,0.0,0.0,0.0
2026-09-30T02:12:56.360 0.0,0.0,0.0,0.0,0.0,0.0
2026-09-30T02:12:56.411 0.0,0.0,0.0,0.0,0.0,0.0
2026-09-30T02:12:56.460 0.0,0.0,0.0,0.0,0.0,0.0
2026-09-30T02:12:56.510 0.0,0.0,0.0,0.0,0.0,0.0
2026-09-30T02:12:56.560 0.0,0.0,0.0,0.0,0.0,0.0
2026-09-30T02:12:56.610 0.0,0.0,0.0,0.0,0.0,0.0
2026-09-30T02:12:56.660 0.0,0.0,0.0,0.0,0.0,0.0
2026-09-30T02:12:56.710 0.0,0.0,0.0,0.0,0.0,0.0
2026-09-30T02:12:56.760 0.0,0.0,0.0,0.0,0.0,0.0
2026-09-30T02:12:56.811 0.0,0.0,0.0,0.0,0.0,0.0
2026-09-30T02:12:56.861 0.0,0.0,0.0,0.0,0.0,0.0
2026-09-30T02:12:56.910 0.0,0.0,0.0,0.0,0.0,0.0
2026-09-30T02:12:56.960 0.0,0.0,0.0,0.0,0.0,0.0
2026-09-30T02:12:57.021 0.0,0.0,0.0,0.0,0.0,0.0
2026-09-30T02:12:57.060 0.0,0.0,0.0,0.0,0.0,0.0
2026-09-30T02:12:57.110 0.0,0.0,0.0,0.0,0.0,0.0
2026-09-30T02:12:57.160 0.0,0.0,0.0,0.0,0.0,0.0
2026-09-30T02:12:57.211 0.0,0.0,0.0,0.0,0.0,0.0
2026-09-30T02:12:57.260 0.0,0.0,0.0,0.0,0.0,0.0
2026-09-30T02:12:57.311 0.0,0.0,0.0,0.0,0.0,0.0
2026-09-30T02:12:57.360 0.0,0.0,0.0,0.0,0.0,0.0
2026-09-30T02:12:57.410 0.0,0.0,0.0,0.0,0.0,0.0
2026-09-30T02:12:57.460 0.0,0.0,0.0,0.0,0.0,0.0
2026-09-30T02:12:57.510 0.0,0.0,0.0,0.0,0.0,0.0
2026-09-30T02:12:57.560 0.0,0.0,0.0,0.0,0.0,0.0
2026-09-30T02:12:57.611 0.0,0.0,0.0,0.0,0.0,0.0
2026-09-30T02:12:57.660 0.0,0.0,0.0,0.0,0.0,0.0
2026-09-30T02:12:57.710 0.0,0.0,0.0,0.0,0.0,0.0
2026-09-30T02:12:57.760 0.0,0.0,0.0,0.0,0.0,0.0
2026-09-30T02:12:57.810 0.0,0.0,0.0,0.0,0.0,0.0
2026-09-30T02:12:57.861 0.0,0.0,0.0,0.0,0.0,0.0
2026-09-30T02:12:57.910 0.0,0.0,0.0,0.0,0.0,0.0
2026-09-30T02:12:57.961 0.0,0.0,0.0,0.0,0.0,0.0
2026-09-30T02:12:58.011 0.0,0.0,0.0,0.0,0.0,0.0
2026-09-30T02:12:58.060 0.0,0.0,0.0,0.0,0.0,0.0
2026-09-30T02:12:58.110 0.0,0.0,0.0,0.0,0.0,0.0
2026-09-30T02:12:58.160 0.0,0.0,0.0,0.0,0.0,0.0
2026-09-30T02:12:58.210 0.0,0.0,0.0,0.0,0.0,0.0
2026-09-30T02:12:58.260 0.0,0.0,0.0,0.0,0.0,0.0
2026-09-30T02:12:58.310 0.0,0.0,0.0,0.0,0.0,0.0
