2026-09-30T02:18:11.795 4,200000000,map,-6.000000000000445,-1.0,0.0,0.0,0.0,0.9999999999991198,1.3267948966775328e-06,-2.3803181647963356e-12,0.0,0.0,0.0,0.0,0.0,0.0,0.0,0.0,0.0,0.0,0.0,0.0,0.0,0.0,0.0,0.0,0.0,0.0,0.0,0.0,0.0,0.0,0.0,0.0,0.0,0.0,0.0,0.0,0.0,0.0,0.0,0.0,0.0,0.0,-6.972200594645862e-14
2026-09-30T02:18:16.421 9,200000000,map,-6.039246466638212,-1.0061973200729968,0.0,0.0,0.0,-0.9690113097999181,0.24701635872922875,0.015124974920780687,0.0029612385506325722,0.0,0.0,0.0,0.0,0.002961238550631684,0.0007881600045096526,0.0,0.0,0.0,0.0,0.0,0.0,0.0,0.0,0.0,0.0,0.0,0.0,0.0,0.0,0.0,0.0,0.0,0.0,0.0,0.0,0.0,0.0,0.0,0.0,0.0,0.0,0.0,0.015406670635755073
2026-09-30T02:18:21.647 10,700000000,map,-6.104980267625966,-1.0369690773848408,0.0,0.0,0.0,-0.8246479808777526,0.5656462743042208,0.025730748576179963,0.013656379893774329,0.0,0.0,0.0,0.0,0.013656379893774329,0.012689934241059131,0.0,0.0,0.0,0.0,0.0,0.0,0.0,0.0,0.0,0.0,0.0,0.0,0.0,0.0,0.0,0.0,0.0,0.0,0.0,0.0,0.0,0.0,0.0,0.0,0.0,0.0,0.0,0.02604941688956616
2026-09-30T02:18:28.054 12,500000000,map,-6.131028856013371,-1.0793876757483312,0.0,0.0,0.0,-0.587746273826507,0.8090453124535465,0.02079992090682481,0.01559033295570611,0.0,0.0,0.0,0.0,0.01559033295570611,0.03721283194684144,0.0,0.0,0.0,0.0,0.0,0.0,0.0,0.0,0.0,0.0,0.0,0.0,0.0,0.0,0.0,0.0,0.0,0.0,0.0,0.0,0.0,0.0,0.0,0.0,0.0,0.0,0.0,0.03882862040923473
2026-09-30T02:18:32.753 13,800000000,map,-5.913721140752753,-1.4144169595109157,0.0,0.0,0.0,-0.3203757159645196,0.9472905576538919,0.035381495078780745,0.0057433366208083925,0.0,0.0,0.0,0.0,0.0057433366208083925,0.04363242057110561,0.0,0.0,0.0,0.0,0.0,0.0,0.0,0.0,0.0,0.0,0.0,0.0,0.0,0.0,0.0,0.0,0.0,0.0,0.0,0.0,0.0,0.0,0.0,0.0,0.0,0.0,0.0,0.038931485482099494
2026-09-30T02:18:41.957 15,800000000,map,-5.255009009086668,-1.7627732837099583,0.0,0.0,0.0,-0.1355372538592532,0.9907722507298498,0.09370958012701891,0.021885755933515938,0.0,0.0,0.0,0.0,0.02188575593351416,0.07897424909013484,0.0,0.0,0.0,0.0,0.0,0.0,0.0,0.0,0.0,0.0,0.0,0.0,0.0,0.0,0.0,0.0,0.0,0.0,0.0,0.0,0.0,0.0,0.0,0.0,0.0,0.0,0.0,0.07390427052434326
2026-09-30T02:18:49.673 17,900000000,map,-4.456885148777864,-1.7325103211437476,0.0,0.0,0.0,0.043368673156263596,0.9990591364822531,0.14319688754251558,0.03649288046391774,0.0,0.0,0.0,0.0,0.03649288046391863,0.08786763751058757,0.0,0.0,0.0,0.0,0.0,0.0,0.0,0.0,0.0,0.0,0.0,0.0,0.0,0.0,0.0,0.0,0.0,0.0,0.0,0.0,0.0,0.0,0.0,0.0,0.0,0.0,0.0,0.08105634208613026
2026-09-30T02:18:57.524 20,0,map,-3.603077039893964,-1.6784180516731908,0.0,0.0,0.0,-0.01420079885621575,0.99989916357193,0.1749562162310152,0.029970308296997317,0.0,0.0,0.0,0.0,0.029970308296997317,0.07027794462198145,0.0,0.0,0.0,0.0,0.0,0.0,0.0,0.0,0.0,0.0,0.0,0.0,0.0,0.0,0.0,0.0,0.0,0.0,0.0,0.0,0.0,0.0,0.0,0.0,0.0,0.0,0.0,0.07369295732874072
2026-09-30T02:19:05.086 22,100000000,map,-2.780320978552983,-1.722173597166182,0.0,0.0,0.0,-0.09669851627183759,0.9953137178552425,0.22040385273980156,0.029711471690240465,0.0,0.0,0.0,0.0,0.029711471690240465,0.0560207071793819,0.0,0.0,0.0,0.0,0.0,0.0,0.0,0.0,0.0,0.0,0.0,0.0,0.0,0.0,0.0,0.0,0.0,0.0,0.0,0.0,0.0,0.0,0.0,0.0,0.0,0.0,0.0,0.06133449411172297
2026-09-30T02:19:14.850 24,200000000,map,-2.001450687190881,-1.7955602126702601,0.0,0.0,0.0,-0.025406310148495734,0.999677207604854,0.2508367187161813,0.024922016168825945,0.0,0.0,0.0,0.0,0.0249220161688255,0.05699313241608994,0.0,0.0,0.0,0.0,0.0,0.0,0.0,0.0,0.0,0.0,0.0,0.0,0.0,0.0,0.0,0.0,0.0,0.0,0.0,0.0,0.0,0.0,0.0,0.0,0.0,0.0,0.0,0.0648150464257361
2026-09-30T02:19:22.357 26,300000000,map,-1.162172853248069,-1.6524762716942683,0.0,0.0,0.0,0.13807587491338105,0.9904216540276694,0.3056649743239501,0.015680850378460898,0.0,0.0,0.0,0.0,0.015680850378460898,0.03920549014908259,0.0,0.0,0.0,0.0,0.0,0.0,0.0,0.0,0.0,0.0,0.0,0.0,0.0,0.0,0.0,0.0,0.0,0.0,0.0,0.0,0.0,0.0,0.0,0.0,0.0,0.0,0.0,0.058216064301399105
2026-09-30T02:19:30.307 28,500000000,map,-0.3246436584077421,-1.333667018558928,0.0,0.0,0.0,0.25666095675269723,0.9665015019537166,0.29533891735505396,0.01642190001208238,0.0,0.0,0.0,0.0,0.01642190001208238,0.04291259001039416,0.0,0.0,0.0,0.0,0.0,0.0,0.0,0.0,0.0,0.0,0.0,0.0,0.0,0.0,0.0,0.0,0.0,0.0,0.0,0.0,0.0,0.0,0.0,0.0,0.0,0.0,0.0,0.053975018797928355
2026-09-30T02:19:42.760 31,400000000,map,-0.08478101981983578,-1.1890674948600577,0.0,0.0,0.0,0.15204509006028927,0.9883735582200479,0.24366517994369585,0.0227522930143933,0.0,0.0,0.0,0.0,0.0227522930143933,0.03192273787043054,0.0,0.0,0.0,0.0,0.0,0.0,0.0,0.0,0.0,0.0,0.0,0.0,0.0,0.0,0.0,0.0,0.0,0.0,0.0,0.0,0.0,0.0,0.0,0.0,0.0,0.0,0.0,0.030084722787203214
