2026-09-30T02:23:02.879 4,300000000,map,-6.000000000000445,-1.0,0.0,0.0,0.0,0.9999999999991198,1.3267948966775328e-06,-2.3803181647963356e-12,0.0,0.0,0.0,0.0,0.0,0.0,0.0,0.0,0.0,0.0,0.0,0.0,0.0,0.0,0.0,0.0,0.0,0.0,0.0,0.0,0.0,0.0,0.0,0.0,0.0,0.0,0.0,0.0,0.0,0.0,0.0,0.0,0.0,0.0,-6.972200594645862e-14
2026-09-30T02:23:07.572 9,200000000,map,-6.036026977843145,-1.005710214880034,0.0,0.0,0.0,-0.9712189291983587,0.238188563047837,0.0129440333470896,0.0024026259458489463,0.0,0.0,0.0,0.0,0.0024026259458489463,0.0005760883480649959,0.0,0.0,0.0,0.0,0.0,0.0,0.0,0.0,0.0,0.0,0.0,0.0,0.0,0.0,0.0,0.0,0.0,0.0,0.0,0.0,0.0,0.0,0.0,0.0,0.0,0.0,0.0,0.01562748737265191
2026-09-30T02:23:12.834 10,700000000,map,-6.089927589600354,-1.0431899707002597,0.0,0.0,0.0,-0.8406870696141397,0.5415212377955185,0.019652060456316178,0.011013890469051546,0.0,0.0,0.0,0.0,0.011013890469051546,0.010434207120490369,0.0,0.0,0.0,0.0,0.0,0.0,0.0,0.0,0.0,0.0,0.0,0.0,0.0,0.0,0.0,0.0,0.0,0.0,0.0,0.0,0.0,0.0,0.0,0.0,0.0,0.0,0.0,0.020450300991113834
2026-09-30T02:23:17.884 12,100000000,map,-6.118179221316821,-1.0993485803696672,0.0,0.0,0.0,-0.5997185031215041,0.800211045295991,0.016763161849119967,0.010760069004057016,0.0,0.0,0.0,0.0,0.010760069004057016,0.034261472515858316,0.0,0.0,0.0,0.0,0.0,0.0,0.0,0.0,0.0,0.0,0.0,0.0,0.0,0.0,0.0,0.0,0.0,0.0,0.0,0.0,0.0,0.0,0.0,0.0,0.0,0.0,0.0,0.03769982086731905
2026-09-30T02:23:24.667 13,400000000,map,-5.861620155732004,-1.4685245413453172,0.0,0.0,0.0,-0.3105529938398718,0.9505560677924751,0.026078799935632446,-0.0010075886050788796,0.0,0.0,0.0,0.0,-0.0010075886050788796,0.04268783909297813,0.0,0.0,0.0,0.0,0.0,0.0,0.0,0.0,0.0,0.0,0.0,0.0,0.0,0.0,0.0,0.0,0.0,0.0,0.0,0.0,0.0,0.0,0.0,0.0,0.0,0.0,0.0,0.028293012599882872
2026-09-30T02:23:32.230 15,500000000,map,-5.138257308994285,-1.7804234135547865,0.0,0.0,0.0,-0.14234014114967022,0.9898178035464364,0.06682469173728833,0.005823849990040486,0.0,0.0,0.0,0.0,0.0058238499900422624,0.05621450242845549,0.0,0.0,0.0,0.0,0.0,0.0,0.0,0.0,0.0,0.0,0.0,0.0,0.0,0.0,0.0,0.0,0.0,0.0,0.0,0.0,0.0,0.0,0.0,0.0,0.0,0.0,0.0,0.05993572571653316
2026-09-30T02:23:39.922 17,600000000,map,-4.362852424350659,-1.8820125841613864,0.0,0.0,0.0,-0.04210890697372968,0.9991130266158468,0.13075945371764774,0.025624223931055568,0.0,0.0,0.0,0.0,0.025624223931055568,0.07540487626505854,0.0,0.0,0.0,0.0,0.0,0.0,0.0,0.0,0.0,0.0,0.0,0.0,0.0,0.0,0.0,0.0,0.0,0.0,0.0,0.0,0.0,0.0,0.0,0.0,0.0,0.0,0.0,0.079214741624513
2026-09-30T02:23:47.480 19,700000000,map,-3.5242381313190694,-1.8609796177723208,0.0,0.0,0.0,0.02818440716160062,0.9996027406889945,0.16813953126355585,0.03761432783227914,0.0,0.0,0.0,0.0,0.03761432783227914,0.08140506939247238,0.0,0.0,0.0,0.0,0.0,0.0,0.0,0.0,0.0,0.0,0.0,0.0,0.0,0.0,0.0,0.0,0.0,0.0,0.0,0.0,0.0,0.0,0.0,0.0,0.0,0.0,0.0,0.07102255213028433
2026-09-30T02:23:57.222 21,800000000,map,-2.6838922473414977,-1.841751416963401,0.0,0.0,0.0,-0.08118013924556555,0.9966994456665814,0.2015308738093884,0.016912508473244436,0.0,0.0,0.0,0.0,0.016912508473244436,0.07115520413032694,0.0,0.0,0.0,0.0,0.0,0.0,0.0,0.0,0.0,0.0,0.0,0.0,0.0,0.0,0.0,0.0,0.0,0.0,0.0,0.0,0.0,0.0,0.0,0.0,0.0,0.0,0.0,0.06473681007507642
2026-09-30T02:24:05.055 23,900000000,map,-1.859320890316949,-1.8961768589720382,0.0,0.0,0.0,-0.022930122490583165,0.999737070175237,0.27862781482951515,0.013025322156915653,0.0,0.0,0.0,0.0,0.013025322156915653,0.044707932754605384,0.0,0.0,0.0,0.0,0.0,0.0,0.0,0.0,0.0,0.0,0.0,0.0,0.0,0.0,0.0,0.0,0.0,0.0,0.0,0.0,0.0,0.0,0.0,0.0,0.0,0.0,0.0,0.05546699398490278
2026-09-30T02:24:12.511 26,0,map,-1.006159865104592,-1.713342005514297,0.0,0.0,0.0,0.1647902461803971,0.9863286342613217,0.37010418193874983,0.015773393868647068,0.0,0.0,0.0,0.0,0.015773393868647068,0.03315926030859062,0.0,0.0,0.0,0.0,0.0,0.0,0.0,0.0,0.0,0.0,0.0,0.0,0.0,0.0,0.0,0.0,0.0,0.0,0.0,0.0,0.0,0.0,0.0,0.0,0.0,0.0,0.0,0.04911197990349781
2026-09-30T02:24:22.137 28,700000000,map,-0.2748012131496364,-1.2429086539633258,0.0,0.0,0.0,0.3763896048605944,0.9264614753743868,0.35662747106392545,0.03798100267203747,0.0,0.0,0.0,0.0,0.03798100267203747,0.05965105809753468,0.0,0.0,0.0,0.0,0.0,0.0,0.0,0.0,0.0,0.0,0.0,0.0,0.0,0.0,0.0,0.0,0.0,0.0,0.0,0.0,0.0,0.0,0.0,0.0,0.0,0.0,0.0,0.07087353226302924
