2026-09-30T00:36:56.900 4,900000000,map,-6.000000000000445,-1.0,0.0,0.0,0.0,0.9999999999991198,1.3267948966775328e-06,-2.3803181647963356e-12,0.0,0.0,0.0,0.0,0.0,0.0,0.0,0.0,0.0,0.0,0.0,0.0,0.0,0.0,0.0,0.0,0.0,0.0,0.0,0.0,0.0,0.0,0.0,0.0,0.0,0.0,0.0,0.0,0.0,0.0,0.0,0.0,0.0,0.0,-6.972200594645862e-14
2026-09-30T00:37:01.323 10,0,map,-6.02968144603813,-1.0043400006159546,0.0,0.0,0.0,-0.9714853094284555,0.23709975445937967,0.013179788027827044,0.002367538505741784,0.0,0.0,0.0,0.0,0.002367538505741784,0.0005411807399826607,0.0,0.0,0.0,0.0,0.0,0.0,0.0,0.0,0.0,0.0,0.0,0.0,0.0,0.0,0.0,0.0,0.0,0.0,0.0,0.0,0.0,0.0,0.0,0.0,0.0,0.0,0.0,0.013017601404638859
2026-09-30T00:37:05.732 11,500000000,map,-6.120796337821138,-1.070269880016071,0.0,0.0,0.0,-0.8011333409956068,0.598485897866622,0.025340813207570534,0.013520092604493605,0.0,0.0,0.0,0.0,0.013520092604493605,0.012937939049934677,0.0,0.0,0.0,0.0,0.0,0.0,0.0,0.0,0.0,0.0,0.0,0.0,0.0,0.0,0.0,0.0,0.0,0.0,0.0,0.0,0.0,0.0,0.0,0.0,0.0,0.0,0.0,0.03255498741960754
2026-09-30T00:37:09.193 12,700000000,map,-6.153598277678686,-1.1587372608944198,0.0,0.0,0.0,-0.5443365296611948,0.8388669396730373,0.02488611925826234,0.012606577431853339,0.0,0.0,0.0,0.0,0.012606577431853339,0.0371591220306795,0.0,0.0,0.0,0.0,0.0,0.0,0.0,0.0,0.0,0.0,0.0,0.0,0.0,0.0,0.0,0.0,0.0,0.0,0.0,0.0,0.0,0.0,0.0,0.0,0.0,0.0,0.0,0.027820100030662778
2026-09-30T00:37:13.403 13,500000000,map,-5.98922613429692,-1.3356982236705566,0.0,0.0,0.0,-0.27970309761520185,0.960086546715691,0.03310651600435932,0.0012238637952624032,0.0,0.0,0.0,0.0,0.0012238637952624032,0.0372627211266523,0.0,0.0,0.0,0.0,0.0,0.0,0.0,0.0,0.0,0.0,0.0,0.0,0.0,0.0,0.0,0.0,0.0,0.0,0.0,0.0,0.0,0.0,0.0,0.0,0.0,0.0,0.0,0.025675988593176904
2026-09-30T00:37:16.383 14,600000000,map,-5.149648477464891,-1.392539643555922,0.0,0.0,0.0,0.0612217776719194,0.9981241876333276,0.07159690711334932,-0.0006405624856808956,0.0,0.0,0.0,0.0,-0.0006405624856808956,0.03345724246039672,0.0,0.0,0.0,0.0,0.0,0.0,0.0,0.0,0.0,0.0,0.0,0.0,0.0,0.0,0.0,0.0,0.0,0.0,0.0,0.0,0.0,0.0,0.0,0.0,0.0,0.0,0.0,0.02966242326455824
2026-09-30T00:37:19.622 15,800000000,map,-4.190573717491325,-1.1612244593400947,0.0,0.0,0.0,0.1025869185165524,0.9947240442199425,0.1130692158955533,0.008377376315220175,0.0,0.0,0.0,0.0,0.008377376315220175,0.03559465963005759,0.0,0.0,0.0,0.0,0.0,0.0,0.0,0.0,0.0,0.0,0.0,0.0,0.0,0.0,0.0,0.0,0.0,0.0,0.0,0.0,0.0,0.0,0.0,0.0,0.0,0.0,0.0,0.026654346258905715
2026-09-30T00:37:22.642 17,0,map,-3.196776143898605,-1.0825885647908282,0.0,0.0,0.0,-0.021032181777055528,0.9997787991999515,0.11643090368485964,0.003874954403206843,0.0,0.0,0.0,0.0,0.003874954403206843,0.03076324520990381,0.0,0.0,0.0,0.0,0.0,0.0,0.0,0.0,0.0,0.0,0.0,0.0,0.0,0.0,0.0,0.0,0.0,0.0,0.0,0.0,0.0,0.0,0.0,0.0,0.0,0.0,0.0,0.027805686165104756
2026-09-30T00:37:25.625 18,200000000,map,-2.18825658150466,-1.1114749477952572,0.0,0.0,0.0,-0.014899109059861158,0.9998890021143458,0.1168632855300551,0.011379554792392721,0.0,0.0,0.0,0.0,0.011379554792392721,0.027682517397655815,0.0,0.0,0.0,0.0,0.0,0.0,0.0,0.0,0.0,0.0,0.0,0.0,0.0,0.0,0.0,0.0,0.0,0.0,0.0,0.0,0.0,0.0,0.0,0.0,0.0,0.0,0.0,0.024707560252403917
2026-09-30T00:37:28.570 19,400000000,map,-1.2024868622337084,-1.0761701235858376,0.0,0.0,0.0,-0.004602111949814535,0.999989410226729,0.14177800220144476,0.014188298755785977,0.0,0.0,0.0,0.0,0.014188298755785977,0.03049547651925688,0.0,0.0,0.0,0.0,0.0,0.0,0.0,0.0,0.0,0.0,0.0,0.0,0.0,0.0,0.0,0.0,0.0,0.0,0.0,0.0,0.0,0.0,0.0,0.0,0.0,0.0,0.0,0.034447471564387225
2026-09-30T00:37:32.909 21,100000000,map,-0.3732657128116604,-1.0182866524823242,0.0,0.0,0.0,0.037080328592333775,0.9993122881419424,0.12332197930110708,0.011090287346783134,0.0,0.0,0.0,0.0,0.011090287346783134,0.0224532923448848,0.0,0.0,0.0,0.0,0.0,0.0,0.0,0.0,0.0,0.0,0.0,0.0,0.0,0.0,0.0,0.0,0.0,0.0,0.0,0.0,0.0,0.0,0.0,0.0,0.0,0.0,0.0,0.02146955647933908
