2026-09-30T00:36:56.796 0.0,0.0,0.0,0.0,0.0,0.16
2026-09-30T00:36:56.844 0.0,0.0,0.0,0.0,0.0,0.25789473684210534
2026-09-30T00:36:56.894 0.0,0.0,0.0,0.0,0.0,0.25789473684210534
2026-09-30T00:36:56.945 0.0,0.0,0.0,0.0,0.0,0.25789473684210534
2026-09-30T00:36:56.994 0.0,0.0,0.0,0.0,0.0,0.25789473684210534
2026-09-30T00:36:57.045 0.0,0.0,0.0,0.0,0.0,0.25789473684210534
2026-09-30T00:36:57.094 0.0,0.0,0.0,0.0,0.0,0.25789473684210534
2026-09-30T00:36:57.144 0.0,0.0,0.0,0.0,0.0,0.25789473684210534
2026-09-30T00:36:57.195 0.0,0.0,0.0,0.0,0.0,0.25789473684210534
2026-09-30T00:36:57.244 0.0,0.0,0.0,0.0,0.0,0.25789473684210534
2026-09-30T00:36:57.294 0.0,0.0,0.0,0.0,0.0,0.25789473684210534
2026-09-30T00:36:57.344 0.0,0.0,0.0,0.0,0.0,0.25789473684210534
2026-09-30T00:36:57.395 0.0,0.0,0.0,0.0,0.0,0.25789473684210534
2026-09-30T00:36:57.445 0.0,0.0,0.0,0.0,0.0,0.25789473684210534
2026-09-30T00:36:57.495 0.0,0.0,0.0,0.0,0.0,0.25789473684210534
2026-09-30T00:36:57.544 0.0,0.0,0.0,0.0,0.0,0.25789473684210534
2026-09-30T00:36:57.594 0.0,0.0,0.0,0.0,0.0,0.25789473684210534
2026-09-30T00:36:57.644 0.0,0.0,0.0,0.0,0.0,0.25789473684210534
2026-09-30T00:36:57.694 0.0,0.0,0.0,0.0,0.0,0.25789473684210534
2026-09-30T00:36:57.745 0.0,0.0,0.0,0.0,0.0,0.25789473684210534
2026-09-30T00:36:57.794 0.0,0.0,0.0,0.0,0.0,0.25789473684210534
2026-09-30T00:36:57.855 0.0,0.0,0.0,0.0,0.0,0.25789473684210534
2026-09-30T00:36:57.894 0.0,0.0,0.0,0.0,0.0,0.25789473684210534
2026-09-30T00:36:57.955 0.0,0.0,0.0,0.0,0.0,0.25789473684210534
2026-09-30T00:36:57.994 0.0,0.0,0.0,0.0,0.0,0.25789473684210534
2026-09-30T00:36:58.044 0.0,0.0,0.0,0.0,0.0,0.25789473684210534
2026-09-30T00:36:58.094 0.0,0.0,0.0,0.0,0.0,0.25789473684210534
2026-09-30T00:36:58.144 0.0,0.0,0.0,0.0,0.0,0.25789473684210534
2026-09-30T00:36:58.194 0.0,0.0,0.0,0.0,0.0,0.25789473684210534
2026-09-30T00:36:58.245 0.0,0.0,0.0,0.0,0.0,0.25789473684210534
2026-09-30T00:36:58.294 0.0,0.0,0.0,0.0,0.0,0.25789473684210534
2026-09-30T00:36:58.345 0.0,0.0,0.0,0.0,0.0,0.25789473684210534
2026-09-30T00:36:58.394 0.0,0.0,0.0,0.0,0.0,0.25789473684210534
2026-09-30T00:36:58.444 0.0,0.0,0.0,0.0,0.0,0.25789473684210534
2026-09-30T00:36:58.494 0.0,0.0,0.0,0.0,0.0,0.25789473684210534
2026-09-30T00:36:58.544 0.0,0.0,0.0,0.0,0.0,0.25789473684210534
2026-09-30T00:36:58.595 0.0,0.0,0.0,0.0,0.0,0.25789473684210534
2026-09-30T00:36:58.645 0.0,0.0,0.0,0.0,0.0,0.25789473684210534
2026-09-30T00:36:58.694 0.0,0.0,0.0,0.0,0.0,0.25789473684210534
2026-09-30T00:36:58.745 0.0,0.0,0.0,0.0,0.0,0.25789473684210534
2026-09-30T00:36:58.794 0.0,0.0,0.0,0.0,0.0,0.25789473684210534
2026-09-30T00:36:58.844 0.0,0.0,0.0,0.0,0.0,0.25789473684210534
2026-09-30T00:36:58.895 0.0,0.0,0.0,0.0,0.0,0.25789473684210534
2026-09-30T00:36:58.944 0.0,0.0,0.0,0.0,0.0,0.25789473684210534
2026-09-30T00:36:58.994 0.0,0.0,0.0,0.0,0.0,0.25789473684210534
2026-09-30T00:36:59.044 0.0,0.0,0.0,0.0,0.0,0.25789473684210534
2026-09-30T00:36:59.094 0.0,0.0,0.0,0.0,0.0,0.4178947368421053
2026-09-30T00:36:59.144 0.0,0.0,0.0,0.0,0.0,0.5778947368421053
2026-09-30T00:36:59.194 0.0,0.0,0.0,0.0,0.0,0.7
2026-09-30T00:36:59.244 0.0,0.0,0.0,0.0,0.0,0.7
2026-09-30T00:36:59.295 0.0,0.0,0.0,0.0,0.0,0.7
2026-09-30T00:36:59.346 0.0,0.0,0.0,0.0,0.0,0.7
2026-09-30T00:36:59.394 0.0,0.0,0.0,0.0,0.0,0.7
2026-09-30T00:36:59.444 0.0,0.0,0.0,0.0,0.0,0.7
2026-09-30T00:36:59.495 0.0,0.0,0.0,0.0,0.0,0.7
2026-09-30T00:36:59.545 0.0,0.0,0.0,0.0,0.0,0.7
2026-09-30T00:36:59.594 0.0,0.0,0.0,0.0,0.0,0.7
2026-09-30T00:36:59.644 0.0,0.0,0.0,0.0,0.0,0.7
2026-09-30T00:36:59.694 0.0,0.0,0.0,0.0,0.0,0.7
2026-09-30T00:36:59.744 0.0,0.0,0.0,0.0,0.0,0.7
2026-09-30T00:36:59.795 0.0,0.0,0.0,0.0,0.0,0.7
2026-09-30T00:36:59.844 0.0,0.0,0.0,0.0,0.0,0.7
2026-09-30T00:36:59.894 0.0,0.0,0.0,0.0,0.0,0.7
2026-09-30T00:36:59.944 0.0,0.0,0.0,0.0,0.0,0.7
2026-09-30T00:36:59.995 0.0,0.0,0.0,0.0,0.0,0.7
2026-09-30T00:37:00.044 0.0,0.0,0.0,0.0,0.0,0.6263157894736843
2026-09-30T00:37:00.094 0.0,0.0,0.0,0.0,0.0,0.6263157894736843
2026-09-30T00:37:00.144 0.0,0.0,0.0,0.0,0.0,0.6263157894736843
2026-09-30T00:37:00.194 0.0,0.0,0.0,0.0,0.0,0.6263157894736843
2026-09-30T00:37:00.245 0.0,0.0,0.0,0.0,0.0,0.6263157894736843
2026-09-30T00:37:00.294 0.0,0.0,0.0,0.0,0.0,0.6263157894736843
2026-09-30T00:37:00.345 0.0,0.0,0.0,0.0,0.0,0.6263157894736843
2026-09-30T00:37:00.394 0.0,0.0,0.0,0.0,0.0,0.6263157894736843
2026-09-30T00:37:00.444 0.0,0.0,0.0,0.0,0.0,0.6263157894736843
2026-09-30T00:37:00.494 0.0,0.0,0.0,0.0,0.0,0.6263157894736843
2026-09-30T00:37:00.544 0.0,0.0,0.0,0.0,0.0,0.6263157894736843
2026-09-30T00:37:00.594 0.0,0.0,0.0,0.0,0.0,0.6263157894736843
2026-09-30T00:37:00.644 0.0,0.0,0.0,0.0,0.0,0.5526315789473685
2026-09-30T00:37:00.695 0.0,0.0,0.0,0.0,0.0,0.5526315789473685
2026-09-30T00:37:00.755 0.0,0.0,0.0,0.0,0.0,0.5526315789473685
2026-09-30T00:37:00.795 0.0,0.0,0.0,0.0,0.0,0.5526315789473685
2026-09-30T00:37:00.844 0.0,0.0,0.0,0.0,0.0,0.5526315789473685
2026-09-30T00:37:00.894 0.0,0.0,0.0,0.0,0.0,0.5526315789473685
2026-09-30T00:37:00.944 0.0,0.0,0.0,0.0,0.0,0.5526315789473685
2026-09-30T00:37:00.995 0.0,0.0,0.0,0.0,0.0,0.5526315789473685
2026-09-30T00:37:01.044 0.0,0.0,0.0,0.0,0.0,0.5526315789473685
2026-09-30T00:37:01.094 0.0,0.0,0.0,0.0,0.0,0.5526315789473685
2026-09-30T00:37:01.145 0.0,0.0,0.0,0.0,0.0,0.47894736842105273
2026-09-30T00:37:01.195 0.0,0.0,0.0,0.0,0.0,0.47894736842105273
2026-09-30T00:37:01.244 0.0,0.0,0.0,0.0,0.0,0.47894736842105273
2026-09-30T00:37:01.294 0.0,0.0,0.0,0.0,0.0,0.47894736842105273
2026-09-30T00:37:01.354 0.0,0.0,0.0,0.0,0.0,0.47894736842105273
2026-09-30T00:37:01.396 0.0,0.0,0.0,0.0,0.0,0.47894736842105273
2026-09-30T00:37:01.454 0.0,0.0,0.0,0.0,0.0,0.47894736842105273
2026-09-30T00:37:01.495 0.0,0.0,0.0,0.0,0.0,0.47894736842105273
2026-09-30T00:37:01.544 0.0,0.0,0.0,0.0,0.0,0.47894736842105273
2026-09-30T00:37:01.594 0.0,0.0,0.0,0.0,0.0,0.47894736842105273
2026-09-30T00:37:01.644 0.0,0.0,0.0,0.0,0.0,0.47894736842105273
2026-09-30T00:37:01.694 0.0,0.0,0.0,0.0,0.0,0.47894736842105273
2026-09-30T00:37:01.745 0.0,0.0,0.0,0.0,0.0,0.40526315789473694
2026-09-30T00:37:01.794 0.0,0.0,0.0,0.0,0.0,0.40526315789473694
2026-09-30T00:37:01.844 0.0,0.0,0.0,0.0,0.0,0.40526315789473694
2026-09-30T00:37:01.894 0.0,0.0,0.0,0.0,0.0,0.40526315789473694
2026-09-30T00:37:01.944 0.0,0.0,0.0,0.0,0.0,0.40526315789473694
2026-09-30T00:37:02.004 0.0,0.0,0.0,0.0,0.0,0.40526315789473694
2026-09-30T00:37:02.044 0.0,0.0,0.0,0.0,0.0,0.5652631578947369
2026-09-30T00:37:02.094 0.0,0.0,0.0,0.0,0.0,0.7
2026-09-30T00:37:02.144 0.0,0.0,0.0,0.0,0.0,0.7
2026-09-30T00:37:02.194 0.0,0.0,0.0,0.0,0.0,0.7
2026-09-30T00:37:02.244 0.0,0.0,0.0,0.0,0.0,0.7
2026-09-30T00:37:02.294 0.0,0.0,0.0,0.0,0.0,0.7
2026-09-30T00:37:02.344 0.0,0.0,0.0,0.0,0.0,0.7
2026-09-30T00:37:02.394 0.0,0.0,0.0,0.0,0.0,0.7
2026-09-30T00:37:02.445 0.0,0.0,0.0,0.0,0.0,0.7
2026-09-30T00:37:02.494 0.0,0.0,0.0,0.0,0.0,0.7
2026-09-30T00:37:02.544 0.0,0.0,0.0,0.0,0.0,0.7
2026-09-30T00:37:02.594 0.0,0.0,0.0,0.0,0.0,0.7
2026-09-30T00:37:02.644 0.0,0.0,0.0,0.0,0.0,0.6263157894736843
2026-09-30T00:37:02.694 0.0,0.0,0.0,0.0,0.0,0.6263157894736843
2026-09-30T00:37:02.744 0.0,0.0,0.0,0.0,0.0,0.6263157894736843
2026-09-30T00:37:02.794 0.0,0.0,0.0,0.0,0.0,0.6263157894736843
2026-09-30T00:37:02.844 0.0,0.0,0.0,0.0,0.0,0.6263157894736843
2026-09-30T00:37:02.894 0.0,0.0,0.0,0.0,0.0,0.6263157894736843
2026-09-30T00:37:02.944 0.0,0.0,0.0,0.0,0.0,0.6263157894736843
2026-09-30T00:37:02.994 0.0,0.0,0.0,0.0,0.0,0.6263157894736843
2026-09-30T00:37:03.044 0.0,0.0,0.0,0.0,0.0,0.5526315789473685
2026-09-30T00:37:03.095 0.0,0.0,0.0,0.0,0.0,0.5526315789473685
2026-09-30T00:37:03.144 0.0,0.0,0.0,0.0,0.0,0.5526315789473685
2026-09-30T00:37:03.194 0.0,0.0,0.0,0.0,0.0,0.5526315789473685
2026-09-30T00:37:03.244 0.0,0.0,0.0,0.0,0.0,0.5526315789473685
2026-09-30T00:37:03.294 0.0,0.0,0.0,0.0,0.0,0.5526315789473685
2026-09-30T00:37:03.344 0.0,0.0,0.0,0.0,0.0,0.5526315789473685
2026-09-30T00:37:03.395 0.0,0.0,0.0,0.0,0.0,0.5526315789473685
2026-09-30T00:37:03.445 0.0,0.0,0.0,0.0,0.0,0.5526315789473685
2026-09-30T00:37:03.495 0.0,0.0,0.0,0.0,0.0,0.5526315789473685
2026-09-30T00:37:03.544 0.0,0.0,0.0,0.0,0.0,0.5526315789473685
2026-09-30T00:37:03.594 0.0,0.0,0.0,0.0,0.0,0.47894736842105273
2026-09-30T00:37:03.645 0.0,0.0,0.0,0.0,0.0,0.47894736842105273
2026-09-30T00:37:03.694 0.0,0.0,0.0,0.0,0.0,0.47894736842105273
2026-09-30T00:37:03.744 0.0,0.0,0.0,0.0,0.0,0.47894736842105273
2026-09-30T00:37:03.795 0.0,0.0,0.0,0.0,0.0,0.47894736842105273
2026-09-30T00:37:03.844 0.0,0.0,0.0,0.0,0.0,0.47894736842105273
2026-09-30T00:37:03.895 0.0,0.0,0.0,0.0,0.0,0.47894736842105273
2026-09-30T00:37:03.945 0.0,0.0,0.0,0.0,0.0,0.47894736842105273
2026-09-30T00:37:03.995 0.0,0.0,0.0,0.0,0.0,0.47894736842105273
2026-09-30T00:37:04.044 0.0,0.0,0.0,0.0,0.0,0.47894736842105273
2026-09-30T00:37:04.095 0.0,0.0,0.0,0.0,0.0,0.47894736842105273
2026-09-30T00:37:04.145 0.0,0.0,0.0,0.0,0.0,0.47894736842105273
2026-09-30T00:37:04.195 0.0,0.0,0.0,0.0,0.0,0.47894736842105273
2026-09-30T00:37:04.244 0.0,0.0,0.0,0.0,0.0,0.40526315789473694
2026-09-30T00:37:04.294 0.0,0.0,0.0,0.0,0.0,0.40526315789473694
2026-09-30T00:37:04.344 0.0,0.0,0.0,0.0,0.0,0.40526315789473694
2026-09-30T00:37:04.394 0.0,0.0,0.0,0.0,0.0,0.40526315789473694
2026-09-30T00:37:04.445 0.0,0.0,0.0,0.0,0.0,0.40526315789473694
2026-09-30T00:37:04.494 0.0,0.0,0.0,0.0,0.0,0.40526315789473694
2026-09-30T00:37:04.544 0.0,0.0,0.0,0.0,0.0,0.40526315789473694
2026-09-30T00:37:04.594 0.0,0.0,0.0,0.0,0.0,0.40526315789473694
2026-09-30T00:37:04.645 0.0,0.0,0.0,0.0,0.0,0.40526315789473694
2026-09-30T00:37:04.694 0.0,0.0,0.0,0.0,0.0,0.40526315789473694
2026-09-30T00:37:04.744 0.0,0.0,0.0,0.0,0.0,0.5652631578947369
2026-09-30T00:37:04.794 0.0,0.0,0.0,0.0,0.0,0.7
2026-09-30T00:37:04.844 0.0,0.0,0.0,0.0,0.0,0.7
2026-09-30T00:37:04.894 0.0,0.0,0.0,0.0,0.0,0.7
2026-09-30T00:37:04.945 0.0,0.0,0.0,0.0,0.0,0.7
2026-09-30T00:37:04.995 0.0,0.0,0.0,0.0,0.0,0.7
2026-09-30T00:37:05.044 0.0,0.0,0.0,0.0,0.0,0.7
2026-09-30T00:37:05.094 0.0,0.0,0.0,0.0,0.0,0.7
2026-09-30T00:37:05.144 0.0,0.0,0.0,0.0,0.0,0.7
2026-09-30T00:37:05.195 0.0,0.0,0.0,0.0,0.0,0.7
2026-09-30T00:37:05.245 0.0,0.0,0.0,0.0,0.0,0.7
2026-09-30T00:37:05.294 0.0,0.0,0.0,0.0,0.0,0.7
2026-09-30T00:37:05.344 0.0,0.0,0.0,0.0,0.0,0.6263157894736843
2026-09-30T00:37:05.394 0.0,0.0,0.0,0.0,0.0,0.6263157894736843
2026-09-30T00:37:05.454 0.0,0.0,0.0,0.0,0.0,0.6263157894736843
2026-09-30T00:37:05.495 0.0,0.0,0.0,0.0,0.0,0.6263157894736843
2026-09-30T00:37:05.544 0.0,0.0,0.0,0.0,0.0,0.6263157894736843
2026-09-30T00:37:05.594 0.0,0.0,0.0,0.0,0.0,0.6263157894736843
2026-09-30T00:37:05.645 0.0,0.0,0.0,0.0,0.0,0.6263157894736843
2026-09-30T00:37:05.695 0.0,0.0,0.0,0.0,0.0,0.6263157894736843
2026-09-30T00:37:05.744 0.0,0.0,0.0,0.0,0.0,0.6263157894736843
2026-09-30T00:37:05.794 0.0,0.0,0.0,0.0,0.0,0.6263157894736843
2026-09-30T00:37:05.845 0.0,0.0,0.0,0.0,0.0,0.5526315789473685
2026-09-30T00:37:05.894 0.0,0.0,0.0,0.0,0.0,0.5526315789473685
2026-09-30T00:37:05.944 0.0,0.0,0.0,0.0,0.0,0.5526315789473685
2026-09-30T00:37:05.994 0.0,0.0,0.0,0.0,0.0,0.5526315789473685
2026-09-30T00:37:06.044 0.0,0.0,0.0,0.0,0.0,0.5526315789473685
2026-09-30T00:37:06.095 0.0,0.0,0.0,0.0,0.0,0.5526315789473685
2026-09-30T00:37:06.144 0.0,0.0,0.0,0.0,0.0,0.5526315789473685
2026-09-30T00:37:06.194 0.0,0.0,0.0,0.0,0.0,0.7
2026-09-30T00:37:06.244 0.0,0.0,0.0,0.0,0.0,0.7
2026-09-30T00:37:06.296 0.0,0.0,0.0,0.0,0.0,0.7
2026-09-30T00:37:06.346 0.0,0.0,0.0,0.0,0.0,0.7
2026-09-30T00:37:06.394 0.0,0.0,0.0,0.0,0.0,0.7
2026-09-30T00:37:06.444 0.0,0.0,0.0,0.0,0.0,0.7
2026-09-30T00:37:06.494 0.0,0.0,0.0,0.0,0.0,0.7
2026-09-30T00:37:06.544 0.0,0.0,0.0,0.0,0.0,0.7
2026-09-30T00:37:06.594 0.0,0.0,0.0,0.0,0.0,0.6263157894736843
2026-09-30T00:37:06.645 0.0,0.0,0.0,0.0,0.0,0.6263157894736843
2026-09-30T00:37:06.694 0.0,0.0,0.0,0.0,0.0,0.6263157894736843
2026-09-30T00:37:06.745 0.0,0.0,0.0,0.0,0.0,0.6263157894736843
2026-09-30T00:37:06.795 0.042105263157894736,0.0,0.0,0.0,0.0,0.7
2026-09-30T00:37:06.844 0.042105263157894736,0.0,0.0,0.0,0.0,0.7
2026-09-30T00:37:06.894 0.042105263157894736,0.0,0.0,0.0,0.0,0.7
2026-09-30T00:37:06.955 0.042105263157894736,0.0,0.0,0.0,0.0,0.7
2026-09-30T00:37:06.995 0.042105263157894736,0.0,0.0,0.0,0.0,0.7
2026-09-30T00:37:07.045 0.042105263157894736,0.0,0.0,0.0,0.0,0.7
2026-09-30T00:37:07.094 0.042105263157894736,0.0,0.0,0.0,0.0,0.7
2026-09-30T00:37:07.144 0.042105263157894736,0.0,0.0,0.0,0.0,0.7
2026-09-30T00:37:07.194 0.042105263157894736,0.0,0.0,0.0,0.0,0.7
2026-09-30T00:37:07.244 0.042105263157894736,0.0,0.0,0.0,0.0,0.7
2026-09-30T00:37:07.294 0.042105263157894736,0.0,0.0,0.0,0.0,0.7
2026-09-30T00:37:07.344 0.042105263157894736,0.0,0.0,0.0,0.0,0.6263157894736843
2026-09-30T00:37:07.395 0.042105263157894736,0.0,0.0,0.0,0.0,0.6263157894736843
2026-09-30T00:37:07.444 0.042105263157894736,0.0,0.0,0.0,0.0,0.6263157894736843
2026-09-30T00:37:07.494 0.042105263157894736,0.0,0.0,0.0,0.0,0.6263157894736843
2026-09-30T00:37:07.544 0.042105263157894736,0.0,0.0,0.0,0.0,0.6263157894736843
2026-09-30T00:37:07.594 0.042105263157894736,0.0,0.0,0.0,0.0,0.6263157894736843
2026-09-30T00:37:07.645 0.042105263157894736,0.0,0.0,0.0,0.0,0.6263157894736843
2026-09-30T00:37:07.696 0.042105263157894736,0.0,0.0,0.0,0.0,0.6263157894736843
2026-09-30T00:37:07.745 0.042105263157894736,0.0,0.0,0.0,0.0,0.6263157894736843
2026-09-30T00:37:07.795 0.042105263157894736,0.0,0.0,0.0,0.0,0.6263157894736843
2026-09-30T00:37:07.844 0.042105263157894736,0.0,0.0,0.0,0.0,0.6263157894736843
2026-09-30T00:37:07.894 0.042105263157894736,0.0,0.0,0.0,0.0,0.6263157894736843
2026-09-30T00:37:07.944 0.042105263157894736,0.0,0.0,0.0,0.0,0.6263157894736843
2026-09-30T00:37:07.995 0.042105263157894736,0.0,0.0,0.0,0.0,0.5526315789473685
2026-09-30T00:37:08.045 0.042105263157894736,0.0,0.0,0.0,0.0,0.5526315789473685
2026-09-30T00:37:08.097 0.042105263157894736,0.0,0.0,0.0,0.0,0.5526315789473685
2026-09-30T00:37:08.144 0.042105263157894736,0.0,0.0,0.0,0.0,0.6263157894736843
2026-09-30T00:37:08.194 0.042105263157894736,0.0,0.0,0.0,0.0,0.6263157894736843
2026-09-30T00:37:08.244 0.042105263157894736,0.0,0.0,0.0,0.0,0.6263157894736843
2026-09-30T00:37:08.294 0.042105263157894736,0.0,0.0,0.0,0.0,0.6263157894736843
2026-09-30T00:37:08.344 0.042105263157894736,0.0,0.0,0.0,0.0,0.6263157894736843
2026-09-30T00:37:08.395 0.042105263157894736,0.0,0.0,0.0,0.0,0.6263157894736843
2026-09-30T00:37:08.444 0.042105263157894736,0.0,0.0,0.0,0.0,0.6263157894736843
2026-09-30T00:37:08.494 0.042105263157894736,0.0,0.0,0.0,0.0,0.6263157894736843
2026-09-30T00:37:08.545 0.042105263157894736,0.0,0.0,0.0,0.0,0.6263157894736843
2026-09-30T00:37:08.594 0.042105263157894736,0.0,0.0,0.0,0.0,0.6263157894736843
2026-09-30T00:37:08.644 0.042105263157894736,0.0,0.0,0.0,0.0,0.6263157894736843
2026-09-30T00:37:08.694 0.042105263157894736,0.0,0.0,0.0,0.0,0.6263157894736843
2026-09-30T00:37:08.745 0.042105263157894736,0.0,0.0,0.0,0.0,0.6263157894736843
2026-09-30T00:37:08.795 0.042105263157894736,0.0,0.0,0.0,0.0,0.6263157894736843
2026-09-30T00:37:08.845 0.12631578947368421,0.0,0.0,0.0,0.0,0.7
2026-09-30T00:37:08.896 0.08421052631578947,0.0,0.0,0.0,0.0,0.7
2026-09-30T00:37:08.944 0.08421052631578947,0.0,0.0,0.0,0.0,0.7
2026-09-30T00:37:08.995 0.08421052631578947,0.0,0.0,0.0,0.0,0.7
2026-09-30T00:37:09.044 0.08421052631578947,0.0,0.0,0.0,0.0,0.7
2026-09-30T00:37:09.105 0.08421052631578947,0.0,0.0,0.0,0.0,0.7
2026-09-30T00:37:09.144 0.12631578947368421,0.0,0.0,0.0,0.0,0.7
2026-09-30T00:37:09.194 0.12631578947368421,0.0,0.0,0.0,0.0,0.7
2026-09-30T00:37:09.244 0.04210526315789473,0.0,0.0,0.0,0.0,0.7
2026-09-30T00:37:09.294 0.042105263157894736,0.0,0.0,0.0,0.0,0.7
2026-09-30T00:37:09.344 0.042105263157894736,0.0,0.0,0.0,0.0,0.7
2026-09-30T00:37:09.394 0.042105263157894736,0.0,0.0,0.0,0.0,0.7
2026-09-30T00:37:09.444 0.042105263157894736,0.0,0.0,0.0,0.0,0.7
2026-09-30T00:37:09.495 0.042105263157894736,0.0,0.0,0.0,0.0,0.7
2026-09-30T00:37:09.545 0.042105263157894736,0.0,0.0,0.0,0.0,0.7
2026-09-30T00:37:09.604 0.042105263157894736,0.0,0.0,0.0,0.0,0.7
2026-09-30T00:37:09.655 0.042105263157894736,0.0,0.0,0.0,0.0,0.7
2026-09-30T00:37:09.695 0.042105263157894736,0.0,0.0,0.0,0.0,0.7
2026-09-30T00:37:09.747 0.042105263157894736,0.0,0.0,0.0,0.0,0.7
2026-09-30T00:37:09.794 0.042105263157894736,0.0,0.0,0.0,0.0,0.7
2026-09-30T00:37:09.845 0.042105263157894736,0.0,0.0,0.0,0.0,0.7
2026-09-30T00:37:09.895 0.16710526315789473,0.0,0.0,0.0,0.0,0.7
2026-09-30T00:37:09.944 0.29210526315789476,0.0,0.0,0.0,0.0,0.7
2026-09-30T00:37:09.994 0.41710526315789476,0.0,0.0,0.0,0.0,0.7
2026-09-30T00:37:10.044 0.5421052631578948,0.0,0.0,0.0,0.0,0.7
2026-09-30T00:37:10.094 0.6671052631578948,0.0,0.0,0.0,0.0,0.7
2026-09-30T00:37:10.144 0.7157894736842108,0.0,0.0,0.0,0.0,0.7
2026-09-30T00:37:10.195 0.8,0.0,0.0,0.0,0.0,0.7
2026-09-30T00:37:10.244 0.7578947368421055,0.0,0.0,0.0,0.0,0.7
2026-09-30T00:37:10.304 0.8,0.0,0.0,0.0,0.0,0.7
2026-09-30T00:37:10.345 0.7578947368421055,0.0,0.0,0.0,0.0,0.7
2026-09-30T00:37:10.395 0.8,0.0,0.0,0.0,0.0,0.7
2026-09-30T00:37:10.444 0.7578947368421055,0.0,0.0,0.0,0.0,0.7
2026-09-30T00:37:10.494 0.7578947368421055,0.0,0.0,0.0,0.0,0.7
2026-09-30T00:37:10.544 0.7578947368421055,0.0,0.0,0.0,0.0,0.7
2026-09-30T00:37:10.595 0.7578947368421055,0.0,0.0,0.0,0.0,0.7
2026-09-30T00:37:11.530 0.8,0.0,0.0,0.0,0.0,0.7
2026-09-30T00:37:11.580 0.8,0.0,0.0,0.0,0.0,0.7
2026-09-30T00:37:12.750 0.7578947368421055,0.0,0.0,0.0,0.0,0.7
2026-09-30T00:37:12.800 0.8,0.0,0.0,0.0,0.0,0.7
2026-09-30T00:37:12.850 0.8,0.0,0.0,0.0,0.0,0.7
2026-09-30T00:37:12.900 0.7578947368421055,0.0,0.0,0.0,0.0,0.7
2026-09-30T00:37:12.950 0.8,0.0,0.0,0.0,0.0,0.7
2026-09-30T00:37:13.000 0.8,0.0,0.0,0.0,0.0,0.7
2026-09-30T00:37:13.050 0.8,0.0,0.0,0.0,0.0,0.7
2026-09-30T00:37:13.100 0.8,0.0,0.0,0.0,0.0,0.7
2026-09-30T00:37:13.150 0.8,0.0,0.0,0.0,0.0,0.7
2026-09-30T00:37:13.200 0.8,0.0,0.0,0.0,0.0,0.7
2026-09-30T00:37:13.250 0.8,0.0,0.0,0.0,0.0,0.7
2026-09-30T00:37:13.300 0.8,0.0,0.0,0.0,0.0,0.7
2026-09-30T00:37:13.350 0.8,0.0,0.0,0.0,0.0,0.7
2026-09-30T00:37:13.401 0.8,0.0,0.0,0.0,0.0,0.7
2026-09-30T00:37:13.460 0.8,0.0,0.0,0.0,0.0,0.7
2026-09-30T00:37:13.500 0.8,0.0,0.0,0.0,0.0,0.7
2026-09-30T00:37:13.550 0.8,0.0,0.0,0.0,0.0,0.7
2026-09-30T00:37:13.600 0.8,0.0,0.0,0.0,0.0,0.7
2026-09-30T00:37:13.650 0.8,0.0,0.0,0.0,0.0,0.7
2026-09-30T00:37:13.700 0.8,0.0,0.0,0.0,0.0,0.7
2026-09-30T00:37:13.750 0.8,0.0,0.0,0.0,0.0,0.7
2026-09-30T00:37:13.800 0.8,0.0,0.0,0.0,0.0,0.5526315789473685
2026-09-30T00:37:13.850 0.8,0.0,0.0,0.0,0.0,0.5526315789473685
2026-09-30T00:37:13.900 0.8,0.0,0.0,0.0,0.0,0.5526315789473685
2026-09-30T00:37:13.950 0.8,0.0,0.0,0.0,0.0,0.47894736842105273
2026-09-30T00:37:14.002 0.8,0.0,0.0,0.0,0.0,0.5526315789473685
2026-09-30T00:37:14.052 0.8,0.0,0.0,0.0,0.0,0.47894736842105273
2026-09-30T00:37:14.103 0.8,0.0,0.0,0.0,0.0,0.47894736842105273
2026-09-30T00:37:14.150 0.8,0.0,0.0,0.0,0.0,0.40526315789473694
2026-09-30T00:37:14.200 0.8,0.0,0.0,0.0,0.0,0.47894736842105273
2026-09-30T00:37:14.250 0.8,0.0,0.0,0.0,0.0,0.40526315789473694
2026-09-30T00:37:14.311 0.8,0.0,0.0,0.0,0.0,0.40526315789473694
2026-09-30T00:37:14.350 0.8,0.0,0.0,0.0,0.0,0.40526315789473694
2026-09-30T00:37:14.400 0.8,0.0,0.0,0.0,0.0,0.40526315789473694
2026-09-30T00:37:14.450 0.8,0.0,0.0,0.0,0.0,0.40526315789473694
2026-09-30T00:37:14.500 0.8,0.0,0.0,0.0,0.0,0.33157894736842114
2026-09-30T00:37:14.551 0.8,0.0,0.0,0.0,0.0,0.33157894736842114
2026-09-30T00:37:14.600 0.8,0.0,0.0,0.0,0.0,0.33157894736842114
2026-09-30T00:37:14.650 0.8,0.0,0.0,0.0,0.0,0.33157894736842114
2026-09-30T00:37:14.700 0.8,0.0,0.0,0.0,0.0,0.33157894736842114
2026-09-30T00:37:14.750 0.8,0.0,0.0,0.0,0.0,0.33157894736842114
2026-09-30T00:37:14.800 0.8,0.0,0.0,0.0,0.0,0.25789473684210534
2026-09-30T00:37:14.850 0.8,0.0,0.0,0.0,0.0,0.33157894736842114
2026-09-30T00:37:14.900 0.8,0.0,0.0,0.0,0.0,0.33157894736842114
2026-09-30T00:37:14.950 0.8,0.0,0.0,0.0,0.0,0.33157894736842114
2026-09-30T00:37:15.000 0.8,0.0,0.0,0.0,0.0,0.33157894736842114
2026-09-30T00:37:15.050 0.8,0.0,0.0,0.0,0.0,0.33157894736842114
2026-09-30T00:37:15.100 0.8,0.0,0.0,0.0,0.0,0.33157894736842114
2026-09-30T00:37:15.150 0.8,0.0,0.0,0.0,0.0,0.33157894736842114
2026-09-30T00:37:15.200 0.8,0.0,0.0,0.0,0.0,0.33157894736842114
2026-09-30T00:37:15.250 0.8,0.0,0.0,0.0,0.0,0.25789473684210534
2026-09-30T00:37:15.301 0.8,0.0,0.0,0.0,0.0,0.25789473684210534
2026-09-30T00:37:15.350 0.8,0.0,0.0,0.0,0.0,0.33157894736842114
2026-09-30T00:37:15.400 0.8,0.0,0.0,0.0,0.0,0.25789473684210534
2026-09-30T00:37:15.450 0.8,0.0,0.0,0.0,0.0,0.25789473684210534
2026-09-30T00:37:15.500 0.8,0.0,0.0,0.0,0.0,0.25789473684210534
2026-09-30T00:37:15.550 0.8,0.0,0.0,0.0,0.0,0.25789473684210534
2026-09-30T00:37:15.601 0.8,0.0,0.0,0.0,0.0,0.25789473684210534
2026-09-30T00:37:15.650 0.8,0.0,0.0,0.0,0.0,0.25789473684210534
2026-09-30T00:37:15.700 0.8,0.0,0.0,0.0,0.0,0.25789473684210534
2026-09-30T00:37:15.750 0.8,0.0,0.0,0.0,0.0,0.18421052631578955
2026-09-30T00:37:15.800 0.8,0.0,0.0,0.0,0.0,0.18421052631578955
2026-09-30T00:37:15.853 0.8,0.0,0.0,0.0,0.0,0.18421052631578955
2026-09-30T00:37:15.900 0.8,0.0,0.0,0.0,0.0,0.18421052631578955
2026-09-30T00:37:15.950 0.8,0.0,0.0,0.0,0.0,0.18421052631578955
2026-09-30T00:37:16.000 0.8,0.0,0.0,0.0,0.0,0.18421052631578955
2026-09-30T00:37:16.050 0.8,0.0,0.0,0.0,0.0,0.11052631578947375
2026-09-30T00:37:16.100 0.8,0.0,0.0,0.0,0.0,0.11052631578947375
2026-09-30T00:37:16.150 0.8,0.0,0.0,0.0,0.0,0.11052631578947375
2026-09-30T00:37:16.200 0.8,0.0,0.0,0.0,0.0,0.11052631578947375
2026-09-30T00:37:16.250 0.8,0.0,0.0,0.0,0.0,0.11052631578947375
2026-09-30T00:37:16.300 0.8,0.0,0.0,0.0,0.0,0.11052631578947375
2026-09-30T00:37:16.350 0.8,0.0,0.0,0.0,0.0,0.11052631578947375
2026-09-30T00:37:16.400 0.8,0.0,0.0,0.0,0.0,0.03684210526315797
2026-09-30T00:37:16.450 0.8,0.0,0.0,0.0,0.0,0.0
2026-09-30T00:37:16.500 0.8,0.0,0.0,0.0,0.0,0.0
2026-09-30T00:37:16.550 0.8,0.0,0.0,0.0,0.0,0.03684210526315797
2026-09-30T00:37:16.600 0.8,0.0,0.0,0.0,0.0,0.03684210526315797
2026-09-30T00:37:16.650 0.8,0.0,0.0,0.0,0.0,0.0
2026-09-30T00:37:16.700 0.8,0.0,0.0,0.0,0.0,0.0
2026-09-30T00:37:16.750 0.8,0.0,0.0,0.0,0.0,0.0
2026-09-30T00:37:16.801 0.8,0.0,0.0,0.0,0.0,0.0
2026-09-30T00:37:16.850 0.8,0.0,0.0,0.0,0.0,0.0
2026-09-30T00:37:16.900 0.8,0.0,0.0,0.0,0.0,-0.036842105263157815
2026-09-30T00:37:16.950 0.8,0.0,0.0,0.0,0.0,-0.036842105263157815
2026-09-30T00:37:17.000 0.8,0.0,0.0,0.0,0.0,-0.036842105263157815
2026-09-30T00:37:17.050 0.8,0.0,0.0,0.0,0.0,-0.036842105263157815
2026-09-30T00:37:17.100 0.8,0.0,0.0,0.0,0.0,-0.036842105263157815
2026-09-30T00:37:17.150 0.8,0.0,0.0,0.0,0.0,-0.036842105263157815
2026-09-30T00:37:17.201 0.8,0.0,0.0,0.0,0.0,-0.036842105263157815
2026-09-30T00:37:17.250 0.8,0.0,0.0,0.0,0.0,-0.036842105263157815
2026-09-30T00:37:17.300 0.8,0.0,0.0,0.0,0.0,-0.036842105263157815
2026-09-30T00:37:17.350 0.8,0.0,0.0,0.0,0.0,-0.036842105263157815
2026-09-30T00:37:17.401 0.8,0.0,0.0,0.0,0.0,-0.036842105263157815
2026-09-30T00:37:17.450 0.8,0.0,0.0,0.0,0.0,-0.036842105263157815
2026-09-30T00:37:17.500 0.8,0.0,0.0,0.0,0.0,-0.036842105263157815
2026-09-30T00:37:17.551 0.8,0.0,0.0,0.0,0.0,-0.036842105263157815
2026-09-30T00:37:17.600 0.8,0.0,0.0,0.0,0.0,-0.036842105263157815
2026-09-30T00:37:17.650 0.8,0.0,0.0,0.0,0.0,-0.036842105263157815
2026-09-30T00:37:17.701 0.8,0.0,0.0,0.0,0.0,-0.1105263157894736
2026-09-30T00:37:17.750 0.8,0.0,0.0,0.0,0.0,-0.036842105263157815
2026-09-30T00:37:17.800 0.8,0.0,0.0,0.0,0.0,-0.036842105263157815
2026-09-30T00:37:17.850 0.8,0.0,0.0,0.0,0.0,-0.036842105263157815
2026-09-30T00:37:17.900 0.8,0.0,0.0,0.0,0.0,-0.036842105263157815
2026-09-30T00:37:17.950 0.8,0.0,0.0,0.0,0.0,-0.036842105263157815
2026-09-30T00:37:18.000 0.8,0.0,0.0,0.0,0.0,-0.1105263157894736
2026-09-30T00:37:18.050 0.8,0.0,0.0,0.0,0.0,-0.1105263157894736
2026-09-30T00:37:18.101 0.8,0.0,0.0,0.0,0.0,-0.036842105263157815
2026-09-30T00:37:18.160 0.8,0.0,0.0,0.0,0.0,-0.036842105263157815
2026-09-30T00:37:18.200 0.8,0.0,0.0,0.0,0.0,-0.036842105263157815
2026-09-30T00:37:18.250 0.8,0.0,0.0,0.0,0.0,-0.036842105263157815
2026-09-30T00:37:18.300 0.8,0.0,0.0,0.0,0.0,-0.036842105263157815
2026-09-30T00:37:18.350 0.8,0.0,0.0,0.0,0.0,-0.036842105263157815
2026-09-30T00:37:18.400 0.8,0.0,0.0,0.0,0.0,-0.1105263157894736
2026-09-30T00:37:18.450 0.8,0.0,0.0,0.0,0.0,-0.036842105263157815
2026-09-30T00:37:18.510 0.8,0.0,0.0,0.0,0.0,-0.036842105263157815
2026-09-30T00:37:18.561 0.8,0.0,0.0,0.0,0.0,-0.036842105263157815
2026-09-30T00:37:18.600 0.8,0.0,0.0,0.0,0.0,-0.036842105263157815
2026-09-30T00:37:18.650 0.8,0.0,0.0,0.0,0.0,-0.036842105263157815
2026-09-30T00:37:18.700 0.8,0.0,0.0,0.0,0.0,-0.036842105263157815
2026-09-30T00:37:18.750 0.8,0.0,0.0,0.0,0.0,-0.036842105263157815
2026-09-30T00:37:18.801 0.8,0.0,0.0,0.0,0.0,-0.1105263157894736
2026-09-30T00:37:18.850 0.8,0.0,0.0,0.0,0.0,-0.1105263157894736
2026-09-30T00:37:18.900 0.8,0.0,0.0,0.0,0.0,-0.1105263157894736
2026-09-30T00:37:18.950 0.8,0.0,0.0,0.0,0.0,-0.18421052631578938
2026-09-30T00:37:19.000 0.8,0.0,0.0,0.0,0.0,-0.18421052631578938
2026-09-30T00:37:19.050 0.8,0.0,0.0,0.0,0.0,-0.18421052631578938
2026-09-30T00:37:19.100 0.8,0.0,0.0,0.0,0.0,-0.18421052631578938
2026-09-30T00:37:19.150 0.8,0.0,0.0,0.0,0.0,-0.18421052631578938
2026-09-30T00:37:19.200 0.8,0.0,0.0,0.0,0.0,-0.18421052631578938
2026-09-30T00:37:19.250 0.8,0.0,0.0,0.0,0.0,-0.18421052631578938
2026-09-30T00:37:19.300 0.8,0.0,0.0,0.0,0.0,-0.18421052631578938
2026-09-30T00:37:19.360 0.8,0.0,0.0,0.0,0.0,-0.18421052631578938
2026-09-30T00:37:19.400 0.8,0.0,0.0,0.0,0.0,-0.18421052631578938
2026-09-30T00:37:19.450 0.8,0.0,0.0,0.0,0.0,-0.18421052631578938
2026-09-30T00:37:19.500 0.8,0.0,0.0,0.0,0.0,-0.18421052631578938
2026-09-30T00:37:19.550 0.8,0.0,0.0,0.0,0.0,-0.18421052631578938
2026-09-30T00:37:19.600 0.8,0.0,0.0,0.0,0.0,-0.18421052631578938
2026-09-30T00:37:19.650 0.8,0.0,0.0,0.0,0.0,-0.2578947368421052
2026-09-30T00:37:19.700 0.8,0.0,0.0,0.0,0.0,-0.2578947368421052
2026-09-30T00:37:19.750 0.8,0.0,0.0,0.0,0.0,-0.2578947368421052
2026-09-30T00:37:19.800 0.8,0.0,0.0,0.0,0.0,-0.2578947368421052
2026-09-30T00:37:19.850 0.8,0.0,0.0,0.0,0.0,-0.2578947368421052
2026-09-30T00:37:19.900 0.8,0.0,0.0,0.0,0.0,-0.2578947368421052
2026-09-30T00:37:19.950 0.8,0.0,0.0,0.0,0.0,-0.2578947368421052
2026-09-30T00:37:20.000 0.7578947368421055,0.0,0.0,0.0,0.0,-0.2578947368421052
2026-09-30T00:37:20.050 0.7578947368421055,0.0,0.0,0.0,0.0,-0.2578947368421052
2026-09-30T00:37:20.100 0.8,0.0,0.0,0.0,0.0,-0.2578947368421052
2026-09-30T00:37:20.150 0.8,0.0,0.0,0.0,0.0,-0.2578947368421052
2026-09-30T00:37:20.200 0.8,0.0,0.0,0.0,0.0,-0.2578947368421052
2026-09-30T00:37:20.250 0.8,0.0,0.0,0.0,0.0,-0.18421052631578938
2026-09-30T00:37:20.300 0.8,0.0,0.0,0.0,0.0,-0.18421052631578938
2026-09-30T00:37:20.350 0.8,0.0,0.0,0.0,0.0,-0.18421052631578938
2026-09-30T00:37:20.400 0.8,0.0,0.0,0.0,0.0,-0.18421052631578938
2026-09-30T00:37:20.450 0.8,0.0,0.0,0.0,0.0,-0.18421052631578938
2026-09-30T00:37:20.500 0.8,0.0,0.0,0.0,0.0,-0.18421052631578938
2026-09-30T00:37:20.550 0.8,0.0,0.0,0.0,0.0,-0.18421052631578938
2026-09-30T00:37:20.600 0.8,0.0,0.0,0.0,0.0,-0.18421052631578938
2026-09-30T00:37:20.650 0.8,0.0,0.0,0.0,0.0,-0.18421052631578938
2026-09-30T00:37:20.700 0.8,0.0,0.0,0.0,0.0,-0.18421052631578938
2026-09-30T00:37:20.750 0.8,0.0,0.0,0.0,0.0,-0.18421052631578938
2026-09-30T00:37:20.800 0.8,0.0,0.0,0.0,0.0,-0.18421052631578938
2026-09-30T00:37:20.850 0.8,0.0,0.0,0.0,0.0,-0.18421052631578938
2026-09-30T00:37:20.902 0.8,0.0,0.0,0.0,0.0,-0.18421052631578938
2026-09-30T00:37:20.950 0.7578947368421055,0.0,0.0,0.0,0.0,-0.18421052631578938
2026-09-30T00:37:21.000 0.8,0.0,0.0,0.0,0.0,-0.1105263157894736
2026-09-30T00:37:21.050 0.8,0.0,0.0,0.0,0.0,-0.1105263157894736
2026-09-30T00:37:21.110 0.8,0.0,0.0,0.0,0.0,-0.1105263157894736
2026-09-30T00:37:21.161 0.8,0.0,0.0,0.0,0.0,-0.1105263157894736
2026-09-30T00:37:21.200 0.8,0.0,0.0,0.0,0.0,-0.1105263157894736
2026-09-30T00:37:21.250 0.8,0.0,0.0,0.0,0.0,-0.1105263157894736
2026-09-30T00:37:21.300 0.8,0.0,0.0,0.0,0.0,-0.036842105263157815
2026-09-30T00:37:21.350 0.8,0.0,0.0,0.0,0.0,-0.1105263157894736
2026-09-30T00:37:21.400 0.8,0.0,0.0,0.0,0.0,-0.1105263157894736
2026-09-30T00:37:21.450 0.8,0.0,0.0,0.0,0.0,-0.1105263157894736
2026-09-30T00:37:21.500 0.8,0.0,0.0,0.0,0.0,-0.036842105263157815
2026-09-30T00:37:21.550 0.8,0.0,0.0,0.0,0.0,-0.036842105263157815
2026-09-30T00:37:21.611 0.8,0.0,0.0,0.0,0.0,-0.036842105263157815
2026-09-30T00:37:21.650 0.8,0.0,0.0,0.0,0.0,-0.036842105263157815
2026-09-30T00:37:21.700 0.8,0.0,0.0,0.0,0.0,-0.036842105263157815
2026-09-30T00:37:21.751 0.8,0.0,0.0,0.0,0.0,-0.036842105263157815
2026-09-30T00:37:21.801 0.8,0.0,0.0,0.0,0.0,-0.036842105263157815
2026-09-30T00:37:21.850 0.8,0.0,0.0,0.0,0.0,-0.036842105263157815
2026-09-30T00:37:21.900 0.8,0.0,0.0,0.0,0.0,-0.036842105263157815
2026-09-30T00:37:21.950 0.8,0.0,0.0,0.0,0.0,-0.036842105263157815
2026-09-30T00:37:22.000 0.8,0.0,0.0,0.0,0.0,0.0
2026-09-30T00:37:22.050 0.8,0.0,0.0,0.0,0.0,0.0
2026-09-30T00:37:22.100 0.8,0.0,0.0,0.0,0.0,0.0
2026-09-30T00:37:22.150 0.8,0.0,0.0,0.0,0.0,0.0
2026-09-30T00:37:22.200 0.8,0.0,0.0,0.0,0.0,0.0
2026-09-30T00:37:22.250 0.8,0.0,0.0,0.0,0.0,0.0
2026-09-30T00:37:22.300 0.8,0.0,0.0,0.0,0.0,0.0
2026-09-30T00:37:22.350 0.8,0.0,0.0,0.0,0.0,0.0
2026-09-30T00:37:22.400 0.8,0.0,0.0,0.0,0.0,0.0
2026-09-30T00:37:22.450 0.8,0.0,0.0,0.0,0.0,0.0
2026-09-30T00:37:22.500 0.8,0.0,0.0,0.0,0.0,0.0
2026-09-30T00:37:22.550 0.8,0.0,0.0,0.0,0.0,0.0
2026-09-30T00:37:22.600 0.8,0.0,0.0,0.0,0.0,0.0
2026-09-30T00:37:22.650 0.8,0.0,0.0,0.0,0.0,0.0
2026-09-30T00:37:22.700 0.8,0.0,0.0,0.0,0.0,0.0
2026-09-30T00:37:22.750 0.8,0.0,0.0,0.0,0.0,0.03684210526315797
2026-09-30T00:37:22.800 0.8,0.0,0.0,0.0,0.0,0.03684210526315797
2026-09-30T00:37:22.850 0.8,0.0,0.0,0.0,0.0,0.03684210526315797
2026-09-30T00:37:22.900 0.8,0.0,0.0,0.0,0.0,0.03684210526315797
2026-09-30T00:37:22.950 0.8,0.0,0.0,0.0,0.0,0.03684210526315797
2026-09-30T00:37:23.000 0.8,0.0,0.0,0.0,0.0,0.03684210526315797
2026-09-30T00:37:23.050 0.8,0.0,0.0,0.0,0.0,0.03684210526315797
2026-09-30T00:37:23.100 0.8,0.0,0.0,0.0,0.0,0.03684210526315797
2026-09-30T00:37:23.160 0.8,0.0,0.0,0.0,0.0,0.03684210526315797
2026-09-30T00:37:23.200 0.8,0.0,0.0,0.0,0.0,0.03684210526315797
2026-09-30T00:37:23.250 0.8,0.0,0.0,0.0,0.0,0.03684210526315797
2026-09-30T00:37:23.300 0.8,0.0,0.0,0.0,0.0,0.03684210526315797
2026-09-30T00:37:23.350 0.8,0.0,0.0,0.0,0.0,0.03684210526315797
2026-09-30T00:37:23.400 0.8,0.0,0.0,0.0,0.0,0.03684210526315797
2026-09-30T00:37:23.450 0.7578947368421055,0.0,0.0,0.0,0.0,0.11052631578947375
2026-09-30T00:37:23.502 0.8,0.0,0.0,0.0,0.0,0.03684210526315797
2026-09-30T00:37:23.550 0.7578947368421055,0.0,0.0,0.0,0.0,0.11052631578947375
2026-09-30T00:37:23.600 0.7578947368421055,0.0,0.0,0.0,0.0,0.11052631578947375
2026-09-30T00:37:23.650 0.7578947368421055,0.0,0.0,0.0,0.0,0.11052631578947375
2026-09-30T00:37:23.700 0.8,0.0,0.0,0.0,0.0,0.11052631578947375
2026-09-30T00:37:23.750 0.8,0.0,0.0,0.0,0.0,0.11052631578947375
2026-09-30T00:37:23.800 0.8,0.0,0.0,0.0,0.0,0.11052631578947375
2026-09-30T00:37:23.850 0.7578947368421055,0.0,0.0,0.0,0.0,0.11052631578947375
2026-09-30T00:37:23.900 0.7578947368421055,0.0,0.0,0.0,0.0,0.11052631578947375
2026-09-30T00:37:23.950 0.8,0.0,0.0,0.0,0.0,0.03684210526315797
2026-09-30T00:37:24.010 0.7578947368421055,0.0,0.0,0.0,0.0,0.11052631578947375
2026-09-30T00:37:24.050 0.7578947368421055,0.0,0.0,0.0,0.0,0.11052631578947375
2026-09-30T00:37:24.100 0.8,0.0,0.0,0.0,0.0,0.03684210526315797
2026-09-30T00:37:24.150 0.8,0.0,0.0,0.0,0.0,0.03684210526315797
2026-09-30T00:37:24.200 0.8,0.0,0.0,0.0,0.0,0.03684210526315797
2026-09-30T00:37:24.250 0.8,0.0,0.0,0.0,0.0,0.03684210526315797
2026-09-30T00:37:24.300 0.8,0.0,0.0,0.0,0.0,0.03684210526315797
2026-09-30T00:37:24.350 0.8,0.0,0.0,0.0,0.0,0.03684210526315797
2026-09-30T00:37:24.400 0.8,0.0,0.0,0.0,0.0,0.03684210526315797
2026-09-30T00:37:24.450 0.8,0.0,0.0,0.0,0.0,0.03684210526315797
2026-09-30T00:37:24.500 0.8,0.0,0.0,0.0,0.0,0.03684210526315797
2026-09-30T00:37:24.550 0.8,0.0,0.0,0.0,0.0,0.03684210526315797
2026-09-30T00:37:24.600 0.8,0.0,0.0,0.0,0.0,0.03684210526315797
2026-09-30T00:37:24.650 0.8,0.0,0.0,0.0,0.0,0.03684210526315797
2026-09-30T00:37:24.701 0.8,0.0,0.0,0.0,0.0,0.03684210526315797
2026-09-30T00:37:24.750 0.8,0.0,0.0,0.0,0.0,0.03684210526315797
2026-09-30T00:37:24.800 0.8,0.0,0.0,0.0,0.0,0.03684210526315797
2026-09-30T00:37:24.850 0.8,0.0,0.0,0.0,0.0,0.03684210526315797
2026-09-30T00:37:24.900 0.8,0.0,0.0,0.0,0.0,0.03684210526315797
2026-09-30T00:37:24.950 0.8,0.0,0.0,0.0,0.0,0.03684210526315797
2026-09-30T00:37:25.000 0.8,0.0,0.0,0.0,0.0,0.03684210526315797
2026-09-30T00:37:25.050 0.8,0.0,0.0,0.0,0.0,0.03684210526315797
2026-09-30T00:37:25.100 0.8,0.0,0.0,0.0,0.0,0.0
2026-09-30T00:37:25.150 0.8,0.0,0.0,0.0,0.0,0.0
2026-09-30T00:37:25.200 0.8,0.0,0.0,0.0,0.0,0.0
2026-09-30T00:37:25.250 0.8,0.0,0.0,0.0,0.0,0.03684210526315797
2026-09-30T00:37:25.300 0.8,0.0,0.0,0.0,0.0,0.03684210526315797
2026-09-30T00:37:25.350 0.8,0.0,0.0,0.0,0.0,0.03684210526315797
2026-09-30T00:37:25.400 0.8,0.0,0.0,0.0,0.0,0.03684210526315797
2026-09-30T00:37:25.450 0.8,0.0,0.0,0.0,0.0,0.03684210526315797
2026-09-30T00:37:25.500 0.8,0.0,0.0,0.0,0.0,0.03684210526315797
2026-09-30T00:37:25.550 0.8,0.0,0.0,0.0,0.0,0.03684210526315797
2026-09-30T00:37:25.602 0.8,0.0,0.0,0.0,0.0,0.03684210526315797
2026-09-30T00:37:25.650 0.8,0.0,0.0,0.0,0.0,0.03684210526315797
2026-09-30T00:37:25.700 0.8,0.0,0.0,0.0,0.0,0.03684210526315797
2026-09-30T00:37:25.760 0.8,0.0,0.0,0.0,0.0,0.03684210526315797
2026-09-30T00:37:25.800 0.8,0.0,0.0,0.0,0.0,0.03684210526315797
2026-09-30T00:37:25.850 0.8,0.0,0.0,0.0,0.0,0.03684210526315797
2026-09-30T00:37:25.900 0.8,0.0,0.0,0.0,0.0,0.03684210526315797
2026-09-30T00:37:25.950 0.8,0.0,0.0,0.0,0.0,0.03684210526315797
2026-09-30T00:37:26.000 0.8,0.0,0.0,0.0,0.0,0.03684210526315797
2026-09-30T00:37:26.050 0.8,0.0,0.0,0.0,0.0,0.03684210526315797
2026-09-30T00:37:26.100 0.8,0.0,0.0,0.0,0.0,0.03684210526315797
2026-09-30T00:37:26.160 0.8,0.0,0.0,0.0,0.0,0.03684210526315797
2026-09-30T00:37:26.200 0.8,0.0,0.0,0.0,0.0,0.03684210526315797
2026-09-30T00:37:26.250 0.8,0.0,0.0,0.0,0.0,0.03684210526315797
2026-09-30T00:37:26.300 0.8,0.0,0.0,0.0,0.0,0.03684210526315797
2026-09-30T00:37:26.351 0.8,0.0,0.0,0.0,0.0,0.03684210526315797
2026-09-30T00:37:26.401 0.8,0.0,0.0,0.0,0.0,0.03684210526315797
2026-09-30T00:37:26.450 0.8,0.0,0.0,0.0,0.0,0.03684210526315797
2026-09-30T00:37:26.500 0.8,0.0,0.0,0.0,0.0,0.03684210526315797
2026-09-30T00:37:26.550 0.8,0.0,0.0,0.0,0.0,0.03684210526315797
2026-09-30T00:37:26.600 0.8,0.0,0.0,0.0,0.0,0.03684210526315797
2026-09-30T00:37:26.650 0.8,0.0,0.0,0.0,0.0,0.03684210526315797
2026-09-30T00:37:26.711 0.8,0.0,0.0,0.0,0.0,0.03684210526315797
2026-09-30T00:37:26.750 0.8,0.0,0.0,0.0,0.0,0.03684210526315797
2026-09-30T00:37:26.800 0.8,0.0,0.0,0.0,0.0,0.03684210526315797
2026-09-30T00:37:26.850 0.8,0.0,0.0,0.0,0.0,0.0
2026-09-30T00:37:26.900 0.8,0.0,0.0,0.0,0.0,0.0
2026-09-30T00:37:26.950 0.8,0.0,0.0,0.0,0.0,0.0
2026-09-30T00:37:27.000 0.8,0.0,0.0,0.0,0.0,0.0
2026-09-30T00:37:27.062 0.8,0.0,0.0,0.0,0.0,0.0
2026-09-30T00:37:27.110 0.8,0.0,0.0,0.0,0.0,0.0
2026-09-30T00:37:27.150 0.8,0.0,0.0,0.0,0.0,0.0
2026-09-30T00:37:27.202 0.8,0.0,0.0,0.0,0.0,0.0
2026-09-30T00:37:27.250 0.8,0.0,0.0,0.0,0.0,0.0
2026-09-30T00:37:27.300 0.8,0.0,0.0,0.0,0.0,0.0
2026-09-30T00:37:27.350 0.8,0.0,0.0,0.0,0.0,0.0
2026-09-30T00:37:27.400 0.8,0.0,0.0,0.0,0.0,0.0
2026-09-30T00:37:27.450 0.8,0.0,0.0,0.0,0.0,0.0
2026-09-30T00:37:27.500 0.8,0.0,0.0,0.0,0.0,0.0
2026-09-30T00:37:27.550 0.8,0.0,0.0,0.0,0.0,0.0
2026-09-30T00:37:27.610 0.8,0.0,0.0,0.0,0.0,0.0
2026-09-30T00:37:27.650 0.8,0.0,0.0,0.0,0.0,0.0
2026-09-30T00:37:27.700 0.8,0.0,0.0,0.0,0.0,0.0
2026-09-30T00:37:27.750 0.8,0.0,0.0,0.0,0.0,0.03684210526315797
2026-09-30T00:37:27.812 0.8,0.0,0.0,0.0,0.0,0.03684210526315797
2026-09-30T00:37:27.850 0.8,0.0,0.0,0.0,0.0,0.0
2026-09-30T00:37:27.900 0.8,0.0,0.0,0.0,0.0,0.03684210526315797
2026-09-30T00:37:27.950 0.8,0.0,0.0,0.0,0.0,0.03684210526315797
2026-09-30T00:37:28.000 0.8,0.0,0.0,0.0,0.0,0.03684210526315797
2026-09-30T00:37:28.050 0.8,0.0,0.0,0.0,0.0,0.03684210526315797
2026-09-30T00:37:28.102 0.8,0.0,0.0,0.0,0.0,0.03684210526315797
2026-09-30T00:37:28.150 0.8,0.0,0.0,0.0,0.0,0.03684210526315797
2026-09-30T00:37:28.200 0.8,0.0,0.0,0.0,0.0,0.03684210526315797
2026-09-30T00:37:28.250 0.8,0.0,0.0,0.0,0.0,0.03684210526315797
2026-09-30T00:37:28.300 0.7578947368421055,0.0,0.0,0.0,0.0,0.03684210526315797
2026-09-30T00:37:28.350 0.7578947368421055,0.0,0.0,0.0,0.0,0.03684210526315797
2026-09-30T00:37:28.400 0.7578947368421055,0.0,0.0,0.0,0.0,0.03684210526315797
2026-09-30T00:37:28.450 0.7578947368421055,0.0,0.0,0.0,0.0,0.03684210526315797
2026-09-30T00:37:28.500 0.7157894736842108,0.0,0.0,0.0,0.0,0.03684210526315797
2026-09-30T00:37:28.550 0.7157894736842108,0.0,0.0,0.0,0.0,0.03684210526315797
2026-09-30T00:37:28.600 0.673684210526316,0.0,0.0,0.0,0.0,0.03684210526315797
2026-09-30T00:37:28.660 0.673684210526316,0.0,0.0,0.0,0.0,0.03684210526315797
2026-09-30T00:37:28.700 0.673684210526316,0.0,0.0,0.0,0.0,0.03684210526315797
2026-09-30T00:37:28.750 0.7157894736842108,0.0,0.0,0.0,0.0,0.0
2026-09-30T00:37:28.800 0.7157894736842108,0.0,0.0,0.0,0.0,0.03684210526315797
2026-09-30T00:37:28.850 0.7157894736842108,0.0,0.0,0.0,0.0,0.03684210526315797
2026-09-30T00:37:28.900 0.6315789473684212,0.0,0.0,0.0,0.0,0.0
2026-09-30T00:37:28.950 0.673684210526316,0.0,0.0,0.0,0.0,0.03684210526315797
2026-09-30T00:37:29.000 0.673684210526316,0.0,0.0,0.0,0.0,0.03684210526315797
2026-09-30T00:37:29.050 0.5894736842105265,0.0,0.0,0.0,0.0,0.0
2026-09-30T00:37:29.100 0.6315789473684212,0.0,0.0,0.0,0.0,0.03684210526315797
2026-09-30T00:37:29.150 0.6315789473684212,0.0,0.0,0.0,0.0,0.03684210526315797
2026-09-30T00:37:29.200 0.6315789473684212,0.0,0.0,0.0,0.0,0.03684210526315797
2026-09-30T00:37:29.251 0.6315789473684212,0.0,0.0,0.0,0.0,0.03684210526315797
2026-09-30T00:37:29.301 0.6315789473684212,0.0,0.0,0.0,0.0,0.03684210526315797
2026-09-30T00:37:29.352 0.5894736842105265,0.0,0.0,0.0,0.0,0.03684210526315797
2026-09-30T00:37:29.400 0.5894736842105265,0.0,0.0,0.0,0.0,0.03684210526315797
2026-09-30T00:37:29.450 0.5894736842105265,0.0,0.0,0.0,0.0,0.03684210526315797
2026-09-30T00:37:29.510 0.5894736842105265,0.0,0.0,0.0,0.0,0.03684210526315797
2026-09-30T00:37:29.550 0.5894736842105265,0.0,0.0,0.0,0.0,0.03684210526315797
2026-09-30T00:37:29.600 0.5473684210526317,0.0,0.0,0.0,0.0,0.03684210526315797
2026-09-30T00:37:29.650 0.5473684210526317,0.0,0.0,0.0,0.0,0.03684210526315797
2026-09-30T00:37:29.700 0.5473684210526317,0.0,0.0,0.0,0.0,0.03684210526315797
2026-09-30T00:37:29.750 0.5473684210526317,0.0,0.0,0.0,0.0,0.03684210526315797
2026-09-30T00:37:29.800 0.5473684210526317,0.0,0.0,0.0,0.0,0.03684210526315797
2026-09-30T00:37:29.860 0.5473684210526317,0.0,0.0,0.0,0.0,0.03684210526315797
2026-09-30T00:37:29.900 0.505263157894737,0.0,0.0,0.0,0.0,0.03684210526315797
2026-09-30T00:37:29.950 0.4631578947368422,0.0,0.0,0.0,0.0,0.03684210526315797
2026-09-30T00:37:30.002 0.505263157894737,0.0,0.0,0.0,0.0,0.03684210526315797
2026-09-30T00:37:30.050 0.505263157894737,0.0,0.0,0.0,0.0,0.03684210526315797
2026-09-30T00:37:30.100 0.505263157894737,0.0,0.0,0.0,0.0,0.03684210526315797
2026-09-30T00:37:30.150 0.505263157894737,0.0,0.0,0.0,0.0,0.03684210526315797
2026-09-30T00:37:30.200 0.42105263157894746,0.0,0.0,0.0,0.0,0.03684210526315797
2026-09-30T00:37:30.250 0.42105263157894746,0.0,0.0,0.0,0.0,0.03684210526315797
2026-09-30T00:37:30.300 0.4631578947368422,0.0,0.0,0.0,0.0,0.03684210526315797
2026-09-30T00:37:30.350 0.4631578947368422,0.0,0.0,0.0,0.0,0.03684210526315797
2026-09-30T00:37:30.400 0.4631578947368422,0.0,0.0,0.0,0.0,0.03684210526315797
2026-09-30T00:37:30.450 0.4631578947368422,0.0,0.0,0.0,0.0,0.03684210526315797
2026-09-30T00:37:30.510 0.3789473684210527,0.0,0.0,0.0,0.0,0.03684210526315797
2026-09-30T00:37:30.551 0.3789473684210527,0.0,0.0,0.0,0.0,0.03684210526315797
2026-09-30T00:37:30.602 0.3789473684210527,0.0,0.0,0.0,0.0,0.03684210526315797
2026-09-30T00:37:30.650 0.42105263157894746,0.0,0.0,0.0,0.0,0.03684210526315797
2026-09-30T00:37:30.700 0.42105263157894746,0.0,0.0,0.0,0.0,0.03684210526315797
2026-09-30T00:37:30.750 0.42105263157894746,0.0,0.0,0.0,0.0,0.03684210526315797
2026-09-30T00:37:30.800 0.42105263157894746,0.0,0.0,0.0,0.0,0.03684210526315797
2026-09-30T00:37:30.850 0.42105263157894746,0.0,0.0,0.0,0.0,0.03684210526315797
2026-09-30T00:37:30.900 0.42105263157894746,0.0,0.0,0.0,0.0,0.11052631578947375
2026-09-30T00:37:30.950 0.3789473684210527,0.0,0.0,0.0,0.0,0.11052631578947375
2026-09-30T00:37:31.000 0.3789473684210527,0.0,0.0,0.0,0.0,0.03684210526315797
2026-09-30T00:37:31.050 0.3789473684210527,0.0,0.0,0.0,0.0,0.03684210526315797
2026-09-30T00:37:31.100 0.3789473684210527,0.0,0.0,0.0,0.0,0.03684210526315797
2026-09-30T00:37:31.150 0.3789473684210527,0.0,0.0,0.0,0.0,0.03684210526315797
2026-09-30T00:37:31.200 0.3789473684210527,0.0,0.0,0.0,0.0,0.03684210526315797
2026-09-30T00:37:31.250 0.3789473684210527,0.0,0.0,0.0,0.0,0.03684210526315797
2026-09-30T00:37:31.300 0.3789473684210527,0.0,0.0,0.0,0.0,0.11052631578947375
2026-09-30T00:37:31.350 0.33684210526315794,0.0,0.0,0.0,0.0,0.03684210526315797
2026-09-30T00:37:31.400 0.33684210526315794,0.0,0.0,0.0,0.0,0.03684210526315797
2026-09-30T00:37:31.450 0.33684210526315794,0.0,0.0,0.0,0.0,0.03684210526315797
2026-09-30T00:37:31.500 0.33684210526315794,0.0,0.0,0.0,0.0,0.03684210526315797
2026-09-30T00:37:31.550 0.33684210526315794,0.0,0.0,0.0,0.0,0.03684210526315797
2026-09-30T00:37:31.600 0.33684210526315794,0.0,0.0,0.0,0.0,0.03684210526315797
2026-09-30T00:37:31.650 0.33684210526315794,0.0,0.0,0.0,0.0,0.03684210526315797
2026-09-30T00:37:31.700 0.33684210526315794,0.0,0.0,0.0,0.0,0.03684210526315797
2026-09-30T00:37:31.760 0.33684210526315794,0.0,0.0,0.0,0.0,0.11052631578947375
2026-09-30T00:37:31.810 0.2947368421052632,0.0,0.0,0.0,0.0,0.03684210526315797
2026-09-30T00:37:31.850 0.2947368421052632,0.0,0.0,0.0,0.0,0.03684210526315797
2026-09-30T00:37:31.900 0.2947368421052632,0.0,0.0,0.0,0.0,0.03684210526315797
2026-09-30T00:37:31.950 0.2947368421052632,0.0,0.0,0.0,0.0,0.03684210526315797
2026-09-30T00:37:32.000 0.2947368421052632,0.0,0.0,0.0,0.0,0.03684210526315797
2026-09-30T00:37:32.050 0.2947368421052632,0.0,0.0,0.0,0.0,0.03684210526315797
2026-09-30T00:37:32.100 0.2947368421052632,0.0,0.0,0.0,0.0,0.03684210526315797
2026-09-30T00:37:32.150 0.2947368421052632,0.0,0.0,0.0,0.0,0.03684210526315797
2026-09-30T00:37:32.200 0.2947368421052632,0.0,0.0,0.0,0.0,0.03684210526315797
2026-09-30T00:37:32.250 0.2947368421052632,0.0,0.0,0.0,0.0,0.03684210526315797
2026-09-30T00:37:32.310 0.2947368421052632,0.0,0.0,0.0,0.0,0.03684210526315797
2026-09-30T00:37:32.350 0.2947368421052632,0.0,0.0,0.0,0.0,0.11052631578947375
2026-09-30T00:37:32.400 0.25263157894736843,0.0,0.0,0.0,0.0,0.03684210526315797
2026-09-30T00:37:32.450 0.25263157894736843,0.0,0.0,0.0,0.0,0.03684210526315797
2026-09-30T00:37:32.500 0.25263157894736843,0.0,0.0,0.0,0.0,0.03684210526315797
2026-09-30T00:37:32.550 0.25263157894736843,0.0,0.0,0.0,0.0,0.03684210526315797
2026-09-30T00:37:32.600 0.25263157894736843,0.0,0.0,0.0,0.0,0.03684210526315797
2026-09-30T00:37:32.650 0.25263157894736843,0.0,0.0,0.0,0.0,0.03684210526315797
2026-09-30T00:37:32.700 0.25263157894736843,0.0,0.0,0.0,0.0,0.0
2026-09-30T00:37:32.750 0.25263157894736843,0.0,0.0,0.0,0.0,0.0
2026-09-30T00:37:32.800 0.25263157894736843,0.0,0.0,0.0,0.0,0.0
2026-09-30T00:37:32.850 0.25263157894736843,0.0,0.0,0.0,0.0,0.0
2026-09-30T00:37:32.910 0.25263157894736843,0.0,0.0,0.0,0.0,0.0
2026-09-30T00:37:32.950 0.21052631578947367,0.0,0.0,0.0,0.0,-0.1105263157894736
2026-09-30T00:37:33.000 0.21052631578947367,0.0,0.0,0.0,0.0,-0.1105263157894736
2026-09-30T00:37:33.052 0.21052631578947367,0.0,0.0,0.0,0.0,-0.1105263157894736
2026-09-30T00:37:33.100 0.21052631578947367,0.0,0.0,0.0,0.0,-0.1105263157894736
2026-09-30T00:37:33.160 0.21052631578947367,0.0,0.0,0.0,0.0,-0.1105263157894736
2026-09-30T00:37:33.201 0.21052631578947367,0.0,0.0,0.0,0.0,-0.036842105263157815
2026-09-30T00:37:33.250 0.16842105263157894,0.0,0.0,0.0,0.0,-0.1105263157894736
2026-09-30T00:37:33.300 0.16842105263157894,0.0,0.0,0.0,0.0,-0.1105263157894736
2026-09-30T00:37:33.350 0.16842105263157894,0.0,0.0,0.0,0.0,-0.1105263157894736
2026-09-30T00:37:33.400 0.16842105263157894,0.0,0.0,0.0,0.0,-0.1105263157894736
2026-09-30T00:37:33.450 0.16842105263157894,0.0,0.0,0.0,0.0,-0.1105263157894736
2026-09-30T00:37:33.500 0.16842105263157894,0.0,0.0,0.0,0.0,-0.1105263157894736
2026-09-30T00:37:33.550 0.16842105263157894,0.0,0.0,0.0,0.0,-0.1105263157894736
2026-09-30T00:37:33.600 0.16842105263157894,0.0,0.0,0.0,0.0,-0.1105263157894736
2026-09-30T00:37:33.651 0.16842105263157894,0.0,0.0,0.0,0.0,-0.1105263157894736
2026-09-30T00:37:33.700 0.16842105263157894,0.0,0.0,0.0,0.0,-0.1105263157894736
2026-09-30T00:37:33.750 0.16842105263157894,0.0,0.0,0.0,0.0,-0.1105263157894736
2026-09-30T00:37:33.810 0.16842105263157894,0.0,0.0,0.0,0.0,-0.1105263157894736
2026-09-30T00:37:33.850 0.16842105263157894,0.0,0.0,0.0,0.0,-0.1105263157894736
2026-09-30T00:37:33.900 0.16842105263157894,0.0,0.0,0.0,0.0,-0.1105263157894736
2026-09-30T00:37:33.950 0.16842105263157894,0.0,0.0,0.0,0.0,-0.1105263157894736
2026-09-30T00:37:34.000 0.16842105263157894,0.0,0.0,0.0,0.0,-0.1105263157894736
2026-09-30T00:37:34.050 0.16842105263157894,0.0,0.0,0.0,0.0,-0.1105263157894736
2026-09-30T00:37:34.100 0.16842105263157894,0.0,0.0,0.0,0.0,-0.1105263157894736
2026-09-30T00:37:34.150 0.16842105263157894,0.0,0.0,0.0,0.0,-0.1105263157894736
2026-09-30T00:37:34.200 0.16842105263157894,0.0,0.0,0.0,0.0,-0.1105263157894736
2026-09-30T00:37:34.250 0.12631578947368421,0.0,0.0,0.0,0.0,-0.1105263157894736
2026-09-30T00:37:34.300 0.12631578947368421,0.0,0.0,0.0,0.0,-0.1105263157894736
2026-09-30T00:37:34.350 0.12631578947368421,0.0,0.0,0.0,0.0,-0.1105263157894736
2026-09-30T00:37:34.400 0.12631578947368421,0.0,0.0,0.0,0.0,-0.1105263157894736
2026-09-30T00:37:34.450 0.12631578947368421,0.0,0.0,0.0,0.0,-0.1105263157894736
2026-09-30T00:37:34.500 0.0013157894736842146,0.0,0.0,0.0,0.0,-0.036842105263157815
2026-09-30T00:37:34.550 0.0,0.0,0.0,0.0,0.0,-0.036842105263157815
2026-09-30T00:37:34.610 0.0,0.0,0.0,0.0,0.0,-0.036842105263157815
2026-09-30T00:37:34.650 0.0,0.0,0.0,0.0,0.0,-0.036842105263157815
2026-09-30T00:37:34.700 0.0,0.0,0.0,0.0,0.0,-0.036842105263157815
2026-09-30T00:37:34.750 0.0,0.0,0.0,0.0,0.0,-0.036842105263157815
2026-09-30T00:37:34.800 0.0,0.0,0.0,0.0,0.0,-0.036842105263157815
2026-09-30T00:37:34.852 0.0,0.0,0.0,0.0,0.0,-0.036842105263157815
2026-09-30T00:37:34.900 0.0,0.0,0.0,0.0,0.0,-0.036842105263157815
2026-09-30T00:37:34.950 0.0,0.0,0.0,0.0,0.0,-0.036842105263157815
2026-09-30T00:37:35.000 0.0,0.0,0.0,0.0,0.0,-0.036842105263157815
2026-09-30T00:37:35.050 0.0,0.0,0.0,0.0,0.0,-0.036842105263157815
2026-09-30T00:37:35.100 0.0,0.0,0.0,0.0,0.0,-0.036842105263157815
2026-09-30T00:37:35.150 0.0,0.0,0.0,0.0,0.0,-0.036842105263157815
2026-09-30T00:37:35.200 0.0,0.0,0.0,0.0,0.0,-0.036842105263157815
2026-09-30T00:37:35.250 0.0,0.0,0.0,0.0,0.0,-0.036842105263157815
2026-09-30T00:37:35.300 0.0,0.0,0.0,0.0,0.0,-0.036842105263157815
2026-09-30T00:37:35.350 0.0,0.0,0.0,0.0,0.0,-0.036842105263157815
2026-09-30T00:37:35.400 0.0,0.0,0.0,0.0,0.0,-0.036842105263157815
2026-09-30T00:37:35.450 0.0,0.0,0.0,0.0,0.0,-0.036842105263157815
2026-09-30T00:37:35.500 0.0,0.0,0.0,0.0,0.0,-0.036842105263157815
2026-09-30T00:37:35.553 0.0,0.0,0.0,0.0,0.0,-0.036842105263157815
2026-09-30T00:37:35.600 0.0,0.0,0.0,0.0,0.0,-0.036842105263157815
2026-09-30T00:37:35.650 0.0,0.0,0.0,0.0,0.0,-0.036842105263157815
2026-09-30T00:37:35.700 0.0,0.0,0.0,0.0,0.0,-0.036842105263157815
2026-09-30T00:37:35.751 0.0,0.0,0.0,0.0,0.0,-0.036842105263157815
2026-09-30T00:37:35.811 0.0,0.0,0.0,0.0,0.0,-0.036842105263157815
2026-09-30T00:37:35.850 0.0,0.0,0.0,0.0,0.0,-0.036842105263157815
2026-09-30T00:37:35.900 0.0,0.0,0.0,0.0,0.0,-0.036842105263157815
2026-09-30T00:37:35.950 0.0,0.0,0.0,0.0,0.0,-0.036842105263157815
2026-09-30T00:37:36.000 0.0,0.0,0.0,0.0,0.0,-0.036842105263157815
2026-09-30T00:37:36.050 0.0,0.0,0.0,0.0,0.0,-0.036842105263157815
2026-09-30T00:37:36.100 0.0,0.0,0.0,0.0,0.0,-0.036842105263157815
2026-09-30T00:37:36.150 0.0,0.0,0.0,0.0,0.0,-0.036842105263157815
2026-09-30T00:37:36.200 0.0,0.0,0.0,0.0,0.0,-0.036842105263157815
2026-09-30T00:37:36.250 0.0,0.0,0.0,0.0,0.0,-0.036842105263157815
2026-09-30T00:37:36.300 0.0,0.0,0.0,0.0,0.0,-0.036842105263157815
2026-09-30T00:37:36.350 0.0,0.0,0.0,0.0,0.0,0.0
2026-09-30T00:37:36.400 0.0,0.0,0.0,0.0,0.0,0.0
2026-09-30T00:37:36.450 0.0,0.0,0.0,0.0,0.0,0.0
2026-09-30T00:37:36.500 0.0,0.0,0.0,0.0,0.0,0.0
2026-09-30T00:37:36.550 0.0,0.0,0.0,0.0,0.0,0.0
2026-09-30T00:37:36.610 0.0,0.0,0.0,0.0,0.0,0.0
2026-09-30T00:37:36.650 0.0,0.0,0.0,0.0,0.0,0.0
2026-09-30T00:37:36.700 0.0,0.0,0.0,0.0,0.0,0.0
2026-09-30T00:37:36.750 0.0,0.0,0.0,0.0,0.0,0.0
2026-09-30T00:37:36.800 0.0,0.0,0.0,0.0,0.0,0.0
2026-09-30T00:37:36.850 0.0,0.0,0.0,0.0,0.0,0.0
2026-09-30T00:37:36.900 0.0,0.0,0.0,0.0,0.0,0.0
2026-09-30T00:37:36.950 0.0,0.0,0.0,0.0,0.0,0.0
2026-09-30T00:37:37.000 0.0,0.0,0.0,0.0,0.0,0.0
2026-09-30T00:37:37.050 0.0,0.0,0.0,0.0,0.0,0.0
2026-09-30T00:37:37.100 0.0,0.0,0.0,0.0,0.0,0.0
2026-09-30T00:37:37.150 0.0,0.0,0.0,0.0,0.0,0.0
2026-09-30T00:37:37.200 0.0,0.0,0.0,0.0,0.0,0.0
2026-09-30T00:37:37.250 0.0,0.0,0.0,0.0,0.0,0.0
2026-09-30T00:37:37.300 0.0,0.0,0.0,0.0,0.0,0.0
2026-09-30T00:37:37.350 0.0,0.0,0.0,0.0,0.0,0.0
2026-09-30T00:37:37.400 0.0,0.0,0.0,0.0,0.0,0.0
2026-09-30T00:37:37.451 0.0,0.0,0.0,0.0,0.0,0.0
2026-09-30T00:37:37.500 0.0,0.0,0.0,0.0,0.0,0.0
2026-09-30T00:37:37.550 0.0,0.0,0.0,0.0,0.0,0.0
2026-09-30T00:37:37.600 0.0,0.0,0.0,0.0,0.0,0.0
2026-09-30T00:37:37.661 0.0,0.0,0.0,0.0,0.0,0.0
2026-09-30T00:37:37.700 0.0,0.0,0.0,0.0,0.0,0.0
2026-09-30T00:37:37.750 0.0,0.0,0.0,0.0,0.0,0.0
2026-09-30T00:37:37.800 0.0,0.0,0.0,0.0,0.0,0.0
2026-09-30T00:37:37.851 0.0,0.0,0.0,0.0,0.0,0.0
2026-09-30T00:37:37.900 0.0,0.0,0.0,0.0,0.0,0.0
2026-09-30T00:37:37.950 0.0,0.0,0.0,0.0,0.0,0.0
2026-09-30T00:37:38.000 0.0,0.0,0.0,0.0,0.0,0.0
