2026-09-30T01:22:54.437 0.0,0.0,0.0,0.0,0.0,-0.7
2026-09-30T01:22:54.486 0.0,0.0,0.0,0.0,0.0,-0.7
2026-09-30T01:22:54.536 0.0,0.0,0.0,0.0,0.0,-0.7
2026-09-30T01:22:54.585 0.0,0.0,0.0,0.0,0.0,-0.7
2026-09-30T01:22:54.636 0.0,0.0,0.0,0.0,0.0,-0.7
2026-09-30T01:22:54.685 0.0,0.0,0.0,0.0,0.0,-0.7
2026-09-30T01:22:54.736 0.0,0.0,0.0,0.0,0.0,-0.7
2026-09-30T01:22:54.786 0.0,0.0,0.0,0.0,0.0,-0.7
2026-09-30T01:22:54.836 0.0,0.0,0.0,0.0,0.0,-0.7
2026-09-30T01:22:54.886 0.0,0.0,0.0,0.0,0.0,-0.7
2026-09-30T01:22:54.936 0.0,0.0,0.0,0.0,0.0,-0.7
2026-09-30T01:22:54.986 0.0,0.0,0.0,0.0,0.0,-0.7
2026-09-30T01:22:55.036 0.0,0.0,0.0,0.0,0.0,-0.7
2026-09-30T01:22:55.086 0.0,0.0,0.0,0.0,0.0,-0.7
2026-09-30T01:22:55.136 0.0,0.0,0.0,0.0,0.0,-0.7
2026-09-30T01:22:55.187 0.0,0.0,0.0,0.0,0.0,-0.7
2026-09-30T01:22:55.236 0.0,0.0,0.0,0.0,0.0,-0.6263157894736842
2026-09-30T01:22:55.285 0.0,0.0,0.0,0.0,0.0,-0.6263157894736842
2026-09-30T01:22:55.336 0.0,0.0,0.0,0.0,0.0,-0.6263157894736842
2026-09-30T01:22:55.396 0.0,0.0,0.0,0.0,0.0,-0.6263157894736842
2026-09-30T01:22:55.435 0.0,0.0,0.0,0.0,0.0,-0.6263157894736842
2026-09-30T01:22:55.485 0.0,0.0,0.0,0.0,0.0,-0.6263157894736842
2026-09-30T01:22:55.536 0.0,0.0,0.0,0.0,0.0,-0.6263157894736842
2026-09-30T01:22:55.585 0.0,0.0,0.0,0.0,0.0,-0.6263157894736842
2026-09-30T01:22:55.637 0.0,0.0,0.0,0.0,0.0,-0.6263157894736842
2026-09-30T01:22:55.685 0.0,0.0,0.0,0.0,0.0,-0.6263157894736842
2026-09-30T01:22:55.746 0.0,0.0,0.0,0.0,0.0,-0.6263157894736842
2026-09-30T01:22:55.786 0.0,0.0,0.0,0.0,0.0,-0.6263157894736842
2026-09-30T01:22:55.835 0.0,0.0,0.0,0.0,0.0,-0.6263157894736842
2026-09-30T01:22:55.886 0.0,0.0,0.0,0.0,0.0,-0.7
2026-09-30T01:22:55.935 0.0,0.0,0.0,0.0,0.0,-0.7
2026-09-30T01:22:55.986 0.0,0.0,0.0,0.0,0.0,-0.7
2026-09-30T01:22:56.036 0.0,0.0,0.0,0.0,0.0,-0.7
2026-09-30T01:22:56.086 0.0,0.0,0.0,0.0,0.0,-0.7
2026-09-30T01:22:56.136 0.0,0.0,0.0,0.0,0.0,-0.7
2026-09-30T01:22:56.196 0.0,0.0,0.0,0.0,0.0,-0.5399999999999999
2026-09-30T01:22:56.236 0.0,0.0,0.0,0.0,0.0,-0.3799999999999999
2026-09-30T01:22:56.286 0.0,0.0,0.0,0.0,0.0,-0.2199999999999999
2026-09-30T01:22:56.336 0.0,0.0,0.0,0.0,0.0,-0.05999999999999989
2026-09-30T01:22:56.386 0.0,0.0,0.0,0.0,0.0,0.10000000000000012
2026-09-30T01:22:56.436 0.0,0.0,0.0,0.0,0.0,0.2600000000000001
2026-09-30T01:22:56.486 0.0,0.0,0.0,0.0,0.0,0.42000000000000015
2026-09-30T01:22:56.535 0.0,0.0,0.0,0.0,0.0,0.5800000000000002
2026-09-30T01:22:56.585 0.0,0.0,0.0,0.0,0.0,0.7
2026-09-30T01:22:56.636 0.0,0.0,0.0,0.0,0.0,0.7
2026-09-30T01:22:56.686 0.0,0.0,0.0,0.0,0.0,0.7
2026-09-30T01:22:56.736 0.0,0.0,0.0,0.0,0.0,0.7
2026-09-30T01:22:56.786 0.0,0.0,0.0,0.0,0.0,0.7
2026-09-30T01:22:56.835 0.0,0.0,0.0,0.0,0.0,0.7
2026-09-30T01:22:56.886 0.0,0.0,0.0,0.0,0.0,0.7
2026-09-30T01:22:56.935 0.0,0.0,0.0,0.0,0.0,0.7
2026-09-30T01:22:56.996 0.0,0.0,0.0,0.0,0.0,0.7
2026-09-30T01:22:57.035 0.0,0.0,0.0,0.0,0.0,0.7
2026-09-30T01:22:57.086 0.0,0.0,0.0,0.0,0.0,0.7
2026-09-30T01:22:57.135 0.0,0.0,0.0,0.0,0.0,0.7
2026-09-30T01:22:57.185 0.0,0.0,0.0,0.0,0.0,0.7
2026-09-30T01:22:57.236 0.0,0.0,0.0,0.0,0.0,0.7
2026-09-30T01:22:57.286 0.0,0.0,0.0,0.0,0.0,0.7
2026-09-30T01:22:57.336 0.0,0.0,0.0,0.0,0.0,0.7
2026-09-30T01:22:57.386 0.0,0.0,0.0,0.0,0.0,0.7
2026-09-30T01:22:57.436 0.0,0.0,0.0,0.0,0.0,0.7
2026-09-30T01:22:57.486 0.0,0.0,0.0,0.0,0.0,0.7
2026-09-30T01:22:57.546 0.0,0.0,0.0,0.0,0.0,0.7
2026-09-30T01:22:57.586 0.0,0.0,0.0,0.0,0.0,0.7
2026-09-30T01:22:57.635 0.0,0.0,0.0,0.0,0.0,0.7
2026-09-30T01:22:57.686 0.0,0.0,0.0,0.0,0.0,0.7
2026-09-30T01:22:57.736 0.0,0.0,0.0,0.0,0.0,0.7
2026-09-30T01:22:57.786 0.0,0.0,0.0,0.0,0.0,0.7
2026-09-30T01:22:57.836 0.0,0.0,0.0,0.0,0.0,0.7
2026-09-30T01:22:57.886 0.0,0.0,0.0,0.0,0.0,0.7
2026-09-30T01:22:57.936 0.0,0.0,0.0,0.0,0.0,0.7
2026-09-30T01:22:57.985 0.0,0.0,0.0,0.0,0.0,0.7
2026-09-30T01:22:58.035 0.0,0.0,0.0,0.0,0.0,0.7
2026-09-30T01:22:58.086 0.0,0.0,0.0,0.0,0.0,0.7
2026-09-30T01:22:58.136 0.0,0.0,0.0,0.0,0.0,0.7
2026-09-30T01:22:58.185 0.0,0.0,0.0,0.0,0.0,0.7
2026-09-30T01:22:58.235 0.0,0.0,0.0,0.0,0.0,0.6263157894736843
2026-09-30T01:22:58.286 0.0,0.0,0.0,0.0,0.0,0.6263157894736843
2026-09-30T01:22:58.346 0.0,0.0,0.0,0.0,0.0,0.6263157894736843
2026-09-30T01:22:58.386 0.0,0.0,0.0,0.0,0.0,0.6263157894736843
2026-09-30T01:22:58.436 0.0,0.0,0.0,0.0,0.0,0.6263157894736843
2026-09-30T01:22:58.485 0.0,0.0,0.0,0.0,0.0,0.6263157894736843
2026-09-30T01:22:58.535 0.0,0.0,0.0,0.0,0.0,0.6263157894736843
2026-09-30T01:22:58.587 0.0,0.0,0.0,0.0,0.0,0.6263157894736843
2026-09-30T01:22:58.636 0.0,0.0,0.0,0.0,0.0,0.6263157894736843
2026-09-30T01:22:58.686 0.0,0.0,0.0,0.0,0.0,0.6263157894736843
2026-09-30T01:22:58.736 0.0,0.0,0.0,0.0,0.0,0.6263157894736843
2026-09-30T01:22:58.786 0.0,0.0,0.0,0.0,0.0,0.6263157894736843
2026-09-30T01:22:58.836 0.0,0.0,0.0,0.0,0.0,0.6263157894736843
2026-09-30T01:22:58.886 0.0,0.0,0.0,0.0,0.0,0.6263157894736843
2026-09-30T01:22:58.936 0.0,0.0,0.0,0.0,0.0,0.6263157894736843
2026-09-30T01:22:58.986 0.0,0.0,0.0,0.0,0.0,0.6263157894736843
2026-09-30T01:22:59.036 0.0,0.0,0.0,0.0,0.0,0.6263157894736843
2026-09-30T01:22:59.086 0.0,0.0,0.0,0.0,0.0,0.6263157894736843
2026-09-30T01:22:59.135 0.0,0.0,0.0,0.0,0.0,0.6263157894736843
2026-09-30T01:22:59.185 0.0,0.0,0.0,0.0,0.0,0.6263157894736843
2026-09-30T01:22:59.235 0.0,0.0,0.0,0.0,0.0,0.5526315789473685
2026-09-30T01:22:59.286 0.0,0.0,0.0,0.0,0.0,0.39263157894736844
2026-09-30T01:22:59.336 0.0,0.0,0.0,0.0,0.0,0.23263157894736844
2026-09-30T01:22:59.386 0.0,0.0,0.0,0.0,0.0,0.07263157894736844
2026-09-30T01:22:59.436 0.0,0.0,0.0,0.0,0.0,-0.08736842105263157
2026-09-30T01:22:59.486 0.0,0.0,0.0,0.0,0.0,-0.24736842105263157
2026-09-30T01:22:59.536 0.0,0.0,0.0,0.0,0.0,-0.4073684210526316
2026-09-30T01:22:59.586 0.0,0.0,0.0,0.0,0.0,-0.5673684210526316
2026-09-30T01:22:59.636 0.0,0.0,0.0,0.0,0.0,-0.6263157894736842
2026-09-30T01:22:59.686 0.0,0.0,0.0,0.0,0.0,-0.6263157894736842
2026-09-30T01:22:59.736 0.0,0.0,0.0,0.0,0.0,-0.6263157894736842
2026-09-30T01:22:59.786 0.0,0.0,0.0,0.0,0.0,-0.46631578947368413
2026-09-30T01:22:59.835 0.0,0.0,0.0,0.0,0.0,-0.3063157894736841
2026-09-30T01:22:59.886 0.0,0.0,0.0,0.0,0.0,-0.1463157894736841
2026-09-30T01:22:59.936 0.0,0.0,0.0,0.0,0.0,0.01368421052631591
2026-09-30T01:22:59.986 0.0,0.0,0.0,0.0,0.0,0.1736842105263159
2026-09-30T01:23:00.036 0.0,0.0,0.0,0.0,0.0,0.3336842105263159
2026-09-30T01:23:00.086 0.0,0.0,0.0,0.0,0.0,0.49368421052631595
2026-09-30T01:23:00.136 0.0,0.0,0.0,0.0,0.0,0.5526315789473685
2026-09-30T01:23:00.196 0.0,0.0,0.0,0.0,0.0,0.5526315789473685
2026-09-30T01:23:00.236 0.0,0.0,0.0,0.0,0.0,0.5526315789473685
2026-09-30T01:23:00.285 0.0,0.0,0.0,0.0,0.0,0.5526315789473685
2026-09-30T01:23:00.336 0.0,0.0,0.0,0.0,0.0,0.5526315789473685
2026-09-30T01:23:00.386 0.0,0.0,0.0,0.0,0.0,0.5526315789473685
2026-09-30T01:23:00.436 0.0,0.0,0.0,0.0,0.0,0.5526315789473685
2026-09-30T01:23:00.486 0.0,0.0,0.0,0.0,0.0,0.5526315789473685
2026-09-30T01:23:00.536 0.0,0.0,0.0,0.0,0.0,0.5526315789473685
2026-09-30T01:23:00.586 0.0,0.0,0.0,0.0,0.0,0.5526315789473685
2026-09-30T01:23:00.636 0.0,0.0,0.0,0.0,0.0,0.5526315789473685
2026-09-30T01:23:00.686 0.0,0.0,0.0,0.0,0.0,0.5526315789473685
2026-09-30T01:23:00.736 0.0,0.0,0.0,0.0,0.0,0.5526315789473685
2026-09-30T01:23:00.786 0.0,0.0,0.0,0.0,0.0,0.5526315789473685
2026-09-30T01:23:00.836 0.0,0.0,0.0,0.0,0.0,0.5526315789473685
2026-09-30T01:23:00.886 0.0,0.0,0.0,0.0,0.0,0.5526315789473685
2026-09-30T01:23:00.936 0.0,0.0,0.0,0.0,0.0,0.5526315789473685
2026-09-30T01:23:00.986 0.0,0.0,0.0,0.0,0.0,0.5526315789473685
2026-09-30T01:23:01.036 0.0,0.0,0.0,0.0,0.0,0.5526315789473685
2026-09-30T01:23:01.086 0.0,0.0,0.0,0.0,0.0,0.5526315789473685
2026-09-30T01:23:01.136 0.0,0.0,0.0,0.0,0.0,0.5526315789473685
2026-09-30T01:23:01.186 0.0,0.0,0.0,0.0,0.0,0.5526315789473685
2026-09-30T01:23:01.236 0.0,0.0,0.0,0.0,0.0,0.5526315789473685
2026-09-30T01:23:01.286 0.0,0.0,0.0,0.0,0.0,0.5526315789473685
2026-09-30T01:23:01.336 0.0,0.0,0.0,0.0,0.0,0.47894736842105273
2026-09-30T01:23:01.386 0.0,0.0,0.0,0.0,0.0,0.47894736842105273
2026-09-30T01:23:02.288 0.0,0.0,0.0,0.0,0.0,0.47894736842105273
2026-09-30T01:23:02.338 0.0,0.0,0.0,0.0,0.0,0.47894736842105273
2026-09-30T01:23:03.555 0.0,0.0,0.0,0.0,0.0,0.47894736842105273
2026-09-30T01:23:03.605 0.0,0.0,0.0,0.0,0.0,0.47894736842105273
2026-09-30T01:23:03.655 0.0,0.0,0.0,0.0,0.0,0.47894736842105273
2026-09-30T01:23:03.705 0.0,0.0,0.0,0.0,0.0,0.47894736842105273
2026-09-30T01:23:03.755 0.0,0.0,0.0,0.0,0.0,0.47894736842105273
2026-09-30T01:23:03.805 0.0,0.0,0.0,0.0,0.0,0.47894736842105273
2026-09-30T01:23:03.855 0.0,0.0,0.0,0.0,0.0,0.47894736842105273
2026-09-30T01:23:03.905 0.0,0.0,0.0,0.0,0.0,0.47894736842105273
2026-09-30T01:23:03.955 0.0,0.0,0.0,0.0,0.0,0.47894736842105273
2026-09-30T01:23:04.005 0.0,0.0,0.0,0.0,0.0,0.47894736842105273
2026-09-30T01:23:04.055 0.0,0.0,0.0,0.0,0.0,0.40526315789473694
2026-09-30T01:23:04.105 0.0,0.0,0.0,0.0,0.0,0.40526315789473694
2026-09-30T01:23:04.155 0.0,0.0,0.0,0.0,0.0,0.40526315789473694
2026-09-30T01:23:04.204 0.0,0.0,0.0,0.0,0.0,0.40526315789473694
2026-09-30T01:23:04.255 0.0,0.0,0.0,0.0,0.0,0.40526315789473694
2026-09-30T01:23:04.305 0.0,0.0,0.0,0.0,0.0,0.40526315789473694
2026-09-30T01:23:04.357 0.0,0.0,0.0,0.0,0.0,0.40526315789473694
2026-09-30T01:23:04.405 0.0,0.0,0.0,0.0,0.0,0.40526315789473694
2026-09-30T01:23:04.455 0.0,0.0,0.0,0.0,0.0,0.40526315789473694
2026-09-30T01:23:04.505 0.0,0.0,0.0,0.0,0.0,0.40526315789473694
2026-09-30T01:23:04.555 0.0,0.0,0.0,0.0,0.0,0.40526315789473694
2026-09-30T01:23:04.605 0.0,0.0,0.0,0.0,0.0,0.40526315789473694
2026-09-30T01:23:04.655 0.0,0.0,0.0,0.0,0.0,0.40526315789473694
2026-09-30T01:23:04.705 0.0,0.0,0.0,0.0,0.0,0.33157894736842114
2026-09-30T01:23:04.755 0.0,0.0,0.0,0.0,0.0,0.33157894736842114
2026-09-30T01:23:04.805 0.0,0.0,0.0,0.0,0.0,0.33157894736842114
2026-09-30T01:23:04.855 0.0,0.0,0.0,0.0,0.0,0.33157894736842114
2026-09-30T01:23:04.905 0.0,0.0,0.0,0.0,0.0,0.33157894736842114
2026-09-30T01:23:04.955 0.0,0.0,0.0,0.0,0.0,0.33157894736842114
2026-09-30T01:23:05.005 0.0,0.0,0.0,0.0,0.0,0.33157894736842114
2026-09-30T01:23:05.055 0.0,0.0,0.0,0.0,0.0,0.33157894736842114
2026-09-30T01:23:05.105 0.0,0.0,0.0,0.0,0.0,0.33157894736842114
2026-09-30T01:23:05.155 0.0,0.0,0.0,0.0,0.0,0.4915789473684211
2026-09-30T01:23:05.205 0.0,0.0,0.0,0.0,0.0,0.6515789473684211
2026-09-30T01:23:05.255 0.0,0.0,0.0,0.0,0.0,0.4915789473684211
2026-09-30T01:23:05.305 0.0,0.0,0.0,0.0,0.0,0.3315789473684211
2026-09-30T01:23:05.355 0.0,0.0,0.0,0.0,0.0,0.17157894736842108
2026-09-30T01:23:05.415 0.0,0.0,0.0,0.0,0.0,0.011578947368421078
2026-09-30T01:23:05.455 0.0,0.0,0.0,0.0,0.0,0.0
2026-09-30T01:23:05.505 0.0,0.0,0.0,0.0,0.0,0.0
2026-09-30T01:23:05.555 0.0,0.0,0.0,0.0,0.0,0.0
2026-09-30T01:23:05.605 0.0,0.0,0.0,0.0,0.0,0.0
2026-09-30T01:23:05.655 0.0,0.0,0.0,0.0,0.0,0.0
2026-09-30T01:23:05.705 0.0,0.0,0.0,0.0,0.0,0.0
2026-09-30T01:23:05.757 0.0,0.0,0.0,0.0,0.0,0.0
2026-09-30T01:23:05.805 0.0,0.0,0.0,0.0,0.0,0.0
2026-09-30T01:23:05.855 0.0,0.0,0.0,0.0,0.0,0.0
2026-09-30T01:23:05.905 0.0,0.0,0.0,0.0,0.0,0.0
2026-09-30T01:23:05.955 0.0,0.0,0.0,0.0,0.0,0.0
2026-09-30T01:23:06.005 0.0,0.0,0.0,0.0,0.0,0.0
2026-09-30T01:23:06.055 0.0,0.0,0.0,0.0,0.0,0.0
2026-09-30T01:23:06.105 0.0,0.0,0.0,0.0,0.0,0.0
2026-09-30T01:23:06.155 0.0,0.0,0.0,0.0,0.0,0.0
2026-09-30T01:23:06.205 0.0,0.0,0.0,0.0,0.0,0.0
2026-09-30T01:23:06.255 0.0,0.0,0.0,0.0,0.0,0.0
2026-09-30T01:23:06.305 0.0,0.0,0.0,0.0,0.0,0.0
2026-09-30T01:23:06.355 0.0,0.0,0.0,0.0,0.0,0.0
2026-09-30T01:23:06.405 0.0,0.0,0.0,0.0,0.0,0.0
2026-09-30T01:23:06.455 0.0,0.0,0.0,0.0,0.0,0.0
2026-09-30T01:23:06.505 0.0,0.0,0.0,0.0,0.0,0.0
2026-09-30T01:23:06.555 0.0,0.0,0.0,0.0,0.0,0.0
2026-09-30T01:23:06.605 0.0,0.0,0.0,0.0,0.0,0.0
2026-09-30T01:23:06.656 0.0,0.0,0.0,0.0,0.0,0.0
2026-09-30T01:23:06.705 0.0,0.0,0.0,0.0,0.0,0.0
2026-09-30T01:23:06.755 0.0,0.0,0.0,0.0,0.0,0.0
2026-09-30T01:23:06.805 0.0,0.0,0.0,0.0,0.0,0.0
2026-09-30T01:23:06.865 0.0,0.0,0.0,0.0,0.0,0.0
2026-09-30T01:23:06.905 0.0,0.0,0.0,0.0,0.0,0.0
2026-09-30T01:23:06.955 0.0,0.0,0.0,0.0,0.0,0.0
2026-09-30T01:23:07.005 0.0,0.0,0.0,0.0,0.0,0.0
2026-09-30T01:23:07.055 0.0,0.0,0.0,0.0,0.0,0.0
2026-09-30T01:23:07.115 0.0,0.0,0.0,0.0,0.0,0.0
2026-09-30T01:23:07.155 0.0,0.0,0.0,0.0,0.0,0.0
2026-09-30T01:23:07.206 0.0,0.0,0.0,0.0,0.0,0.0
2026-09-30T01:23:07.265 0.0,0.0,0.0,0.0,0.0,0.0
2026-09-30T01:23:07.305 0.0,0.0,0.0,0.0,0.0,0.0
2026-09-30T01:23:07.355 0.0,0.0,0.0,0.0,0.0,0.0
2026-09-30T01:23:07.405 0.0,0.0,0.0,0.0,0.0,0.0
2026-09-30T01:23:07.455 0.0,0.0,0.0,0.0,0.0,0.0
2026-09-30T01:23:07.505 0.0,0.0,0.0,0.0,0.0,0.0
2026-09-30T01:23:07.555 0.0,0.0,0.0,0.0,0.0,0.0
2026-09-30T01:23:07.605 0.0,0.0,0.0,0.0,0.0,0.0
2026-09-30T01:23:07.655 0.0,0.0,0.0,0.0,0.0,0.0
2026-09-30T01:23:07.705 0.0,0.0,0.0,0.0,0.0,0.0
2026-09-30T01:23:07.755 0.0,0.0,0.0,0.0,0.0,0.0
2026-09-30T01:23:07.815 0.0,0.0,0.0,0.0,0.0,0.0
2026-09-30T01:23:07.856 0.0,0.0,0.0,0.0,0.0,0.0
2026-09-30T01:23:07.905 0.0,0.0,0.0,0.0,0.0,0.0
2026-09-30T01:23:07.955 0.0,0.0,0.0,0.0,0.0,0.0
2026-09-30T01:23:08.015 0.0,0.0,0.0,0.0,0.0,0.0
2026-09-30T01:23:08.055 0.0,0.0,0.0,0.0,0.0,0.0
2026-09-30T01:23:08.115 0.0,0.0,0.0,0.0,0.0,0.0
2026-09-30T01:23:08.155 0.0,0.0,0.0,0.0,0.0,0.0
2026-09-30T01:23:08.217 0.0,0.0,0.0,0.0,0.0,0.0
2026-09-30T01:23:08.255 0.0,0.0,0.0,0.0,0.0,0.0
2026-09-30T01:23:08.305 0.0,0.0,0.0,0.0,0.0,0.0
