2026-09-30T01:22:51.270 0.009359824979306026,-4.18600619879374e-07,-1.4739288718195635e-05,-3.650286155595687e-07,-5.3321493305368745e-08,-1.2903976354789286e-05,0.9999999999166757
2026-09-30T01:22:51.367 0.00937508379266302,-1.2038528105141804e-07,-1.4733612244098026e-05,-3.7142696874216185e-07,1.152227511497602e-08,-5.96229135042056e-06,0.9999999999821565
2026-09-30T01:22:51.436 0.009396541463020672,-2.393244138649492e-07,-1.4752637935255148e-05,-2.627473029295694e-07,1.1676224883825152e-07,-5.408950934737108e-06,0.9999999999853303
2026-09-30T01:22:51.503 0.009415614907949642,-7.15921437880787e-07,-1.4797696202694892e-05,-3.7176010976301476e-07,8.14796634853739e-08,1.239547188984321e-06,0.9999999999991593
2026-09-30T01:22:51.565 0.009433257807624761,-2.388621585661742e-07,-1.4855393978475863e-05,-4.012109868091871e-07,8.416183128165393e-08,-1.5248886513186917e-06,0.9999999999987533
2026-09-30T01:22:51.618 0.009452808136236505,-7.15453173692042e-07,-1.487140389085093e-05,-4.2627001793909455e-07,1.1850560211452419e-07,-3.15870953290945e-06,0.9999999999949134
2026-09-30T01:22:51.670 0.009470928063207616,-4.172018033958033e-07,-1.4810646426910524e-05,-2.788830153718033e-07,7.68330544734202e-08,-1.527954353090341e-07,0.9999999999999465
2026-09-30T01:22:51.728 0.009489524498397356,-2.381537574939999e-07,-1.4959258869497482e-05,-3.264459553398005e-07,7.904006833727689e-08,-1.1956201452167807e-06,0.9999999999992288
2026-09-30T01:22:51.781 0.009508121146380371,-1.1871033175738289e-07,-1.497376101922176e-05,-2.813179666395346e-07,5.3665507036664606e-08,-2.1185665715683785e-06,0.9999999999977148
2026-09-30T01:22:51.830 0.009524810564415499,1.1991838350193316e-07,-1.4910741755317187e-05,-2.1360491216223872e-07,-4.2028283784900856e-08,-1.2794497974345004e-05,0.9999999999181267
2026-09-30T01:22:51.893 0.009543883870984357,-5.950972360002201e-07,-1.5045206839168888e-05,-3.42444431984938e-07,7.601628134563539e-08,-7.274496712896794e-06,0.9999999999734793
2026-09-30T01:22:51.955 0.009562003707466432,-5.948691004930779e-07,-1.504405389675487e-05,-3.1941558839637084e-07,5.552748194135408e-08,-4.659196097949187e-06,0.9999999999890934
2026-09-30T01:22:52.018 0.009580123569009709,-7.13850251793325e-07,-1.5027999792274198e-05,-3.2704000430565285e-07,4.039270819044305e-08,1.578677206459256e-06,0.9999999999986996
2026-09-30T01:22:52.073 0.009600627510117114,-1.1754565967092431e-07,-1.5075320025415345e-05,-1.4278005774524342e-07,9.371208416919983e-08,-2.104476522431603e-06,0.999999999997771
2026-09-30T01:22:52.125 0.009619224047802997,-5.941486953106743e-07,-1.5164327790487927e-05,-2.916483250918691e-07,9.115043697232448e-08,-3.984424268228161e-06,0.9999999999920155
2026-09-30T01:22:52.184 0.009637343841667107,-9.515484338954104e-07,-1.5192977074714734e-05,-3.200860860847857e-07,8.717635965623155e-08,-8.634135987972238e-07,0.9999999999995722
2026-09-30T01:22:52.257 0.009656894156770858,-3.5525584314929684e-07,-1.5208987162576282e-05,-2.8178849267231103e-07,1.25370078588712e-07,-1.2414202682750163e-06,0.9999999999991819
2026-09-30T01:22:52.306 0.009672152951070202,-4.1466837567927694e-07,-1.521821177255134e-05,-2.65621255971616e-07,1.1757587575063431e-07,-3.1591864639229554e-06,0.9999999999949676
2026-09-30T01:22:52.361 0.009692180113992753,-7.124394530710621e-07,-1.5234975644245798e-05,-3.020314488403676e-07,2.6537779248071666e-08,-9.80423536714167e-07,0.9999999999994734
2026-09-30T01:22:52.416 0.009711730405536186,-1.1614686505889073e-07,-1.5265886874675502e-05,-3.45816110744104e-07,1.2314542950299194e-07,-9.957191656896972e-07,0.9999999999994369
2026-09-30T01:22:52.469 0.00972889649971392,-2.3514003413907777e-07,-1.5307929480324184e-05,-2.1381150125286228e-07,9.941388536430257e-08,-2.1321997932639313e-06,0.9999999999976991
2026-09-30T01:22:52.520 0.009749400360088062,-7.11719058824427e-07,-1.5414854108251486e-05,-2.818779412708796e-07,1.6751327817420008e-07,-1.6293989866606124e-06,0.9999999999986188
2026-09-30T01:22:52.568 0.009765613011491545,-4.1349169401470474e-07,-1.5306377496320043e-05,-2.605201888076268e-07,5.273346016006092e-08,-1.20308473776847e-05,0.999999999927594
2026-09-30T01:22:52.620 0.009782779197659205,-3.5367091784712623e-07,-1.528881556094384e-05,-1.996280986092637e-07,5.238496186195289e-08,-8.048436596041238e-06,0.99999999996759
2026-09-30T01:22:52.678 0.009802329311226338,-5.91843378495811e-07,-1.5438935795429333e-05,-3.364796756732898e-07,1.3189690581924675e-07,7.052937938810191e-06,0.9999999999750627
2026-09-30T01:22:52.737 0.009822356633817987,-4.7238192335534174e-07,-1.535139173739142e-05,-2.4248763026002914e-07,1.2805417885575628e-07,-3.3423918322773876e-06,0.9999999999943766
2026-09-30T01:22:52.799 0.009839999474068823,-8.893923238025397e-07,-1.5453792794638128e-05,-2.3045503471510717e-07,6.750160643403241e-09,-5.531595457888887e-06,0.9999999999846741
2026-09-30T01:22:52.851 0.009858596021056583,-2.335071060657006e-07,-1.5527899602378287e-05,-3.2723285058848727e-07,7.331320217344828e-09,-9.550499429644913e-06,0.9999999999543404
2026-09-30T01:22:52.906 0.009874808635845654,-7.697447735131813e-07,-1.5449225139093672e-05,-3.759352656186657e-07,6.146424640942243e-08,-7.526067519510006e-06,0.9999999999716066
2026-09-30T01:22:52.963 0.00989483570302606,-9.48306572299404e-07,-1.552559360055926e-05,-2.6193647700304477e-07,5.8903840610912175e-08,-6.4613568836854395e-06,0.9999999999790894
2026-09-30T01:22:53.029 0.009913909015144573,-2.328107145716399e-07,-1.5645157775824784e-05,-3.483968590434466e-07,-9.199668115603836e-09,-8.348773282609068e-06,0.9999999999650883
2026-09-30T01:22:53.089 0.009931552035623046,5.829999330021207e-09,-1.5628349799767965e-05,-3.411087103483986e-07,1.2863606644887292e-07,-7.630216100411247e-06,0.9999999999708234
2026-09-30T01:22:53.126 0.009950148711669039,-2.3235444082341349e-07,-1.5627950748428588e-05,-2.0857261350262244e-07,5.5760866682536226e-08,-6.993394185791763e-06,0.9999999999755229
2026-09-30T01:22:53.186 0.009967314859721398,-8.87789407371707e-07,-1.5640190981197714e-05,-2.70403835461906e-07,-3.459930654064433e-07,-6.320095524102478e-05,0.9999999980027232
2026-09-30T01:22:53.238 0.00998638840489518,-1.8412235786171012e-06,-1.562564460037083e-05,-2.557341901891581e-07,-3.878421086884759e-07,-0.00017211818695585119,0.9999999851875568
2026-09-30T01:22:53.293 0.01000355455519887,-2.675472479477392e-06,-1.563788480389221e-05,-6.418127607150076e-07,-3.0659543148767197e-07,-0.0002792922041510294,0.9999999609976786
2026-09-30T01:22:53.340 0.010023104747701834,-3.569296024401572e-06,-1.5743301503431483e-05,-5.071746362400854e-07,-5.354140385377945e-07,-0.0004788448825725893,0.9999998853535107
2026-09-30T01:22:53.397 0.010042178442195841,-7.026125262345212e-06,-1.5654249000295348e-05,-1.0467914188821345e-06,2.0526925755346194e-06,-0.0008668065554201154,0.9999996243204725
2026-09-30T01:22:53.439 0.010061728436617864,-1.0900181073142095e-05,-1.590867663805375e-05,-2.5981902240380784e-06,5.690848017547119e-07,-0.001395056784175705,0.9999990269042738
2026-09-30T01:22:53.493 0.010085094244972911,-1.215158435268984e-05,-1.5438980159512456e-05,-2.585232640685279e-06,-8.57489586186885e-07,-0.002202368558092556,0.999997574779717
2026-09-30T01:22:53.535 0.010105597935625639,-1.4118279518513368e-05,-1.56651136842538e-05,-6.068481413836849e-06,1.4150989678072124e-06,-0.003304437656375162,0.999994540311569
2026-09-30T01:22:53.589 0.010131824019929693,-1.6204111891804066e-05,-1.5676777211833934e-05,-6.958109037182787e-06,2.6986261347135427e-06,-0.004706579651561331,0.9999889239648035
2026-09-30T01:22:53.633 0.010163771600341783,-1.8230267642139737e-05,-1.6040214189090647e-05,-1.0409206248354124e-05,4.507384229355442e-06,-0.006441004702770725,0.999979256449728
2026-09-30T01:22:53.685 0.010199534688560162,-2.138886352278734e-05,-1.590304357436734e-05,-1.3879712887754444e-05,5.446250575895172e-06,-0.0085225254258197,0.999963682509549
2026-09-30T01:22:53.722 0.010243403739921957,-2.460696202010351e-05,-1.5942602329362406e-05,-1.7398269013911338e-05,6.24694390291313e-06,-0.010956524858374951,0.9999399753091701
2026-09-30T01:22:53.772 0.010294902024863837,-2.8897848087675887e-05,-1.6098531787994327e-05,-2.2680962149568408e-05,8.222230110958581e-06,-0.013753369147128946,0.9999054176546258
2026-09-30T01:22:53.818 0.010358321839429254,-3.342700257769629e-05,-1.588587975264811e-05,-2.7337617149053e-05,8.810853590489948e-06,-0.016920661658624474,0.9998568349439123
2026-09-30T01:22:53.861 0.010436046379600944,-4.02805581575871e-05,-1.5949164662889067e-05,-3.2786750869297716e-05,1.0808497191883956e-05,-0.02045772887866623,0.9997907181692238
2026-09-30T01:22:53.901 0.010529983641106617,-4.677628171969569e-05,-1.5859269543243352e-05,-3.842788743592332e-05,1.4715477860483213e-05,-0.02422459997788662,0.9997065404720845
2026-09-30T01:22:53.956 0.010637748735076561,-5.2973808007921424e-05,-1.6059459010648284e-05,-4.442650191513859e-05,1.6597979384128878e-05,-0.028022778238703805,0.9996072837122474
2026-09-30T01:22:53.992 0.010759342250222095,-6.072088094454032e-05,-1.6192105341241332e-05,-5.018339110955922e-05,1.6981309838954144e-05,-0.031742747996784816,0.9994960705990169
2026-09-30T01:22:54.048 0.010894287112580494,-7.174604126139715e-05,-1.642036689047238e-05,-5.593738263960761e-05,1.589529580607686e-05,-0.03545594712553444,0.9993712385454067
2026-09-30T01:22:54.085 0.011037814971085311,-8.533409325273082e-05,-1.6721803332047864e-05,-6.187502183016078e-05,1.6489300133035315e-05,-0.03930545836980563,0.999227239841831
2026-09-30T01:22:54.138 0.011188018886016874,-0.00010196189804391799,-1.684007944402853e-05,-6.826719411689263e-05,1.74460581139814e-05,-0.04338509184054616,0.999058421135227
2026-09-30T01:22:54.180 0.011349190328057182,-0.00012073533193806779,-1.6811783028434192e-05,-7.506954056994271e-05,1.8143637111435754e-05,-0.04772725763606548,0.9988604021152871
2026-09-30T01:22:54.235 0.011519898299507197,-0.00014219085480579526,-1.694757620123802e-05,-8.187256834483165e-05,1.794417807779527e-05,-0.052291600005976824,0.9986318548612917
2026-09-30T01:22:54.272 0.011701096619355755,-0.00016668608249247654,-1.715955990867885e-05,-8.941406925754948e-05,1.631256750544316e-05,-0.05702287601931788,0.9983728678953119
2026-09-30T01:22:54.325 0.011889924357968588,-0.00019386342313908438,-1.73836060585497e-05,-9.72514635028584e-05,1.3287878795653962e-05,-0.061886079463523994,0.9980832147342322
2026-09-30T01:22:54.365 0.01208781207740587,-0.00022414009124327935,-1.7592174087684423e-05,-0.0001050749874134469,9.189356709516467e-06,-0.0668580504490228,0.9977624917609194
2026-09-30T01:22:54.416 0.012293805901505805,-0.00025823135457375907,-1.791786630206219e-05,-0.00011333025730684555,5.02989034284061e-06,-0.07192255008119548,0.9974102134632324
2026-09-30T01:22:54.455 0.012502660874490734,-0.0002951240001769918,-1.8188477068382458e-05,-0.00012178648817253786,4.633755824634244e-07,-0.07706638356275543,0.997025956378466
2026-09-30T01:22:54.522 0.01271580733887355,-0.00033463919612753687,-1.8510576204084992e-05,-0.00013038788291519265,-3.937661509884572e-06,-0.08228094551808632,0.9966091656151596
2026-09-30T01:22:54.559 0.01292990770463671,-0.0003773134262222115,-1.871497354267533e-05,-0.00013896327915066366,-8.377719890799881e-06,-0.08755859923800521,0.9961593609049203
2026-09-30T01:22:54.613 0.013144008057799667,-0.00042272946998180456,-1.8949172717936525e-05,-0.00014771118742867495,-1.2761295126930146e-05,-0.09289155125786681,0.9956762213307404
2026-09-30T01:22:54.652 0.013357154437261253,-0.0004704701069325731,-1.939047964878795e-05,-0.00015688324215071175,-1.7571359526999963e-05,-0.09827341623106438,0.9951594398593482
2026-09-30T01:22:54.701 0.01355981075750552,-0.0005175552248251409,-1.9591683086782667e-05,-0.00016569770318098067,-2.00923864454314e-05,-0.10370289837888906,0.9946083053184228
2026-09-30T01:22:54.742 0.013744347246066926,-0.0005631504547312152,-1.977913856835447e-05,-0.00017481734909213404,-2.2754757212689773e-05,-0.10917886469305586,0.9940221045959948
2026-09-30T01:22:54.798 0.013910286606730238,-0.0006063021283898326,-2.0235214028214722e-05,-0.00018418511434449412,-2.5642672979142688e-05,-0.1146957198320511,0.9934006529444727
2026-09-30T01:22:54.839 0.01405810663152429,-0.0006461757746586899,-2.0349716687630034e-05,-0.00019340630172714443,-2.7826845763520085e-05,-0.12024751109239999,0.9927439236257013
2026-09-30T01:22:54.886 0.014187330033693078,-0.0006844403296494665,-2.041991519491298e-05,-0.00020269355768479536,-3.053978016946983e-05,-0.12583030439909326,0.9920517589710101
2026-09-30T01:22:54.926 0.01429938677082612,-0.0007184135663973631,-2.0775896915494173e-05,-0.0002124818941777332,-3.286248449155741e-05,-0.13143714801240544,0.9913244826462558
2026-09-30T01:22:54.978 0.014389986368825183,-0.0007476783062967564,-2.074032513140646e-05,-0.00022160181632332215,-3.485412736490411e-05,-0.13706513713006271,0.9905620111135607
2026-09-30T01:22:55.015 0.014446253268378591,-0.000768002781767949,-2.0873988983070448e-05,-0.00023086962380763283,-3.537834510693626e-05,-0.1427109928501572,0.9897643749738176
2026-09-30T01:22:55.069 0.014476294005581756,-0.0007800425418097018,-2.099599032107621e-05,-0.00024041787222688798,-3.707721930779763e-05,-0.14837028941968983,0.988931847015781
2026-09-30T01:22:55.111 0.014479632145148328,-0.0007838571970237302,-2.0852255781944154e-05,-0.0002498537013148745,-3.8482748660648085e-05,-0.15403895912910637,0.988064742394256
2026-09-30T01:22:55.162 0.014459604967513438,-0.0007805195890603007,-2.0820591264893248e-05,-0.0002592000622855357,-3.966754295479028e-05,-0.15971336607367517,0.9871633967784816
2026-09-30T01:22:55.210 0.014419550524145154,-0.000768718373685898,-2.0772164211795014e-05,-0.0002687893741153927,-4.083338882980664e-05,-0.16538848829360528,0.9862284593464451
2026-09-30T01:22:55.256 0.014355654122546323,-0.0007484535989278991,-2.0700943182076337e-05,-0.0002780765216244083,-4.160856708170966e-05,-0.17106092875102308,0.9852604120723681
2026-09-30T01:22:55.290 0.014274591485843618,-0.0007206192504099546,-2.0617483050501433e-05,-0.00028746209832188416,-4.2339778405214725e-05,-0.17672767709062853,0.9842597440325576
2026-09-30T01:22:55.344 0.014177793291647447,-0.0006854537286817436,-2.0419737570311117e-05,-0.0002966285451099342,-4.317305861968269e-05,-0.18232316835717002,0.9832386141867071
2026-09-30T01:22:55.385 0.014070027750412812,-0.000643731834110201,-2.021955391345865e-05,-0.0003056509923025994,-4.369846983513074e-05,-0.18777684537879183,0.9822116681283642
2026-09-30T01:22:55.434 0.013953678646379865,-0.0005974800946496304,-2.028892196505462e-05,-0.00031458082024730054,-4.4189626200142826e-05,-0.19309754450237746,0.9811795133375629
2026-09-30T01:22:55.467 0.013830654292520528,-0.0005467580908190224,-2.0019910590341834e-05,-0.0003228638787750191,-4.409915540370371e-05,-0.19832012002384242,0.9801372474342096
2026-09-30T01:22:55.519 0.01370095388027966,-0.0004909697762636243,-1.991915873413017e-05,-0.0003313720852674106,-4.432312420869749e-05,-0.2034688750774294,0.9790813577546695
2026-09-30T01:22:55.556 0.013565054719380479,-0.0004321417028502717,-1.9704298286221786e-05,-0.0003394738784278842,-4.441697132134332e-05,-0.2085635840290234,0.978008749552675
2026-09-30T01:22:55.610 0.01342295665449921,-0.0003672936383541012,-1.9449835446919933e-05,-0.00034775689536331486,-4.427052203382815e-05,-0.2136144388205719,0.9769179845988274
2026-09-30T01:22:55.645 0.013274182762790788,-0.0002989289838725724,-1.92295215895253e-05,-0.0003560705308269303,-4.455978492151819e-05,-0.21863203431103617,0.9758073092579398
2026-09-30T01:22:55.699 0.013122071056107092,-0.00022633244162534514,-1.894432634355324e-05,-0.0003644998687537907,-4.499873926991802e-05,-0.22362198817801346,0.9746758802382829
2026-09-30T01:22:55.736 0.012966144288058748,-0.00015063650591569516,-1.8861716159923246e-05,-0.00037249655767002284,-4.530516764301255e-05,-0.2285895013673762,0.9735228292435523
2026-09-30T01:22:55.787 0.012806403108578798,-7.106631628505345e-05,-1.85644591734671e-05,-0.00038067781036788906,-4.561208676423056e-05,-0.23353718109745952,0.9723477968551143
2026-09-30T01:22:55.827 0.012644754198973889,1.2795383717112675e-05,-1.847280316462456e-05,-0.00038888824475469264,-4.568484116236334e-05,-0.23846693484189257,0.971150538107219
2026-09-30T01:22:55.888 0.012478337349176753,0.00010029290707074738,-1.8075585598406642e-05,-0.00039683034125493217,-4.601823026769811e-05,-0.24338069998925516,0.9699307579826216
2026-09-30T01:22:55.925 0.012311443410250658,0.00019100907521397046,-1.7811724911689964e-05,-0.0004049503406430074,-4.607208289933928e-05,-0.24827969808339367,0.9686883014738041
2026-09-30T01:22:55.974 0.012138827384550422,0.0002855398685814512,-1.7538817688065553e-05,-0.00041274720837985784,-4.652208466517672e-05,-0.2531653153301871,0.9674229429723096
2026-09-30T01:22:56.007 0.011965257537452662,0.00038436218435463975,-1.732400787651644e-05,-0.0004211853585785288,-4.678639045445169e-05,-0.25809924189691147,0.9661183166394098
2026-09-30T01:22:56.060 0.011787396389987414,0.0004874759805533249,-1.69235996854506e-05,-0.00042948898326105613,-4.696539417927625e-05,-0.26315151400228154,0.9647544216077851
2026-09-30T01:22:56.099 0.011606674177668764,0.0005960733680531128,-1.6503767668317682e-05,-0.0004380065421881256,-4.785199691917441e-05,-0.2683116707472915,0.963332057600728
2026-09-30T01:22:56.152 0.01142022956328655,0.0007092006364788647,-1.6268604084654085e-05,-0.00044700007748578306,-4.8366878299509935e-05,-0.27354248875850024,0.9618598155112738
2026-09-30T01:22:56.185 0.011234261859288395,0.0008276923289538026,-1.5944788453085595e-05,-0.0004557662364024439,-4.937437310152666e-05,-0.2788170868482556,0.9603441164086763
2026-09-30T01:22:56.243 0.011044479538569798,0.0009495218335221906,-1.5540436214061146e-05,-0.00046471566231826955,-4.9861882252973995e-05,-0.2841192820015533,0.9587888271919254
2026-09-30T01:22:56.291 0.01085374341551133,0.0010760004883676446,-1.5179280303039326e-05,-0.00047348462504606177,-5.03087130838579e-05,-0.28943548462087654,0.9571974057234075
2026-09-30T01:22:56.339 0.010664914518945074,0.0012045057251380536,-1.488074501405117e-05,-0.0004820677872336799,-5.0837128057132614e-05,-0.2946976260552734,0.9555904322583086
2026-09-30T01:22:56.379 0.010478469672379082,0.001334203084807317,-1.4660485283246984e-05,-0.0004903360567842466,-5.0411048800113665e-05,-0.29981275274524727,0.9539979404173757
2026-09-30T01:22:56.431 0.010297269932254518,0.0014640197197928286,-1.4508123373001967e-05,-0.0004983611039146283,-4.960565918606051e-05,-0.3047165510573674,0.9524429498333176
2026-09-30T01:22:56.470 0.010120361627401882,0.001591929060162808,-1.443705223426653e-05,-0.000505488655341872,-4.8781204054112006e-05,-0.309363751652528,0.9509436425283501
2026-09-30T01:22:56.521 0.009952513343443778,0.0017154277708929797,-1.4335601617743329e-05,-0.000512631543740449,-4.8249907174910744e-05,-0.3137213923362589,0.9495149408363441
2026-09-30T01:22:56.566 0.009795632428129666,0.0018343966667074905,-1.420678722422043e-05,-0.0005187801773743493,-4.7125893390515504e-05,-0.317766436628622,0.9481688775733075
2026-09-30T01:22:56.605 0.009649718871407224,0.001947762863997735,-1.4065510020779507e-05,-0.0005245440841590962,-4.6110223968622136e-05,-0.3214844298584866,0.946914718486261
2026-09-30T01:22:56.643 0.009512864878334911,0.002053738199352225,-1.4206776846019701e-05,-0.0005301912990516004,-4.500405588623037e-05,-0.3248641362840448,0.9457605457134712
2026-09-30T01:22:56.701 0.009392223988832878,0.0021502962050121816,-1.4030949474246626e-05,-0.0005346478969825384,-4.458608796542089e-05,-0.32790034130961765,0.944712166923208
2026-09-30T01:22:56.744 0.009241541642542539,0.002269265178835638,-1.4105651025041105e-05,-0.000538957261075931,-4.430038044471797e-05,-0.33056744382793424,0.9437822167447385
2026-09-30T01:22:56.793 0.009132344987217414,0.0023571210504466757,-1.391811426646069e-05,-0.000542253473908952,-4.34292256714104e-05,-0.33289330974375264,0.9429643410028411
2026-09-30T01:22:56.835 0.00901647221618046,0.0024527254417944493,-1.391373860766577e-05,-0.0005458217673621613,-4.3657678391922945e-05,-0.33485594385313905,0.9422691744076258
2026-09-30T01:22:56.890 0.008929210753154546,0.0025253228005617592,-1.3433055000073508e-05,-0.0005469574402002328,-4.407240881626136e-05,-0.33647215683125703,0.941693255031862
2026-09-30T01:22:56.930 0.00885053152695267,0.002590171663463856,-1.3547085426526565e-05,-0.0005494798642346948,-4.2976024100483114e-05,-0.3377354785256429,0.9412409058099819
2026-09-30T01:22:56.986 0.008757070399714496,0.0026674181063940385,-1.351853690805734e-05,-0.000550685544640259,-4.3228681820213556e-05,-0.338626360689343,0.9409207632542727
2026-09-30T01:22:57.022 0.008700802812808736,0.0027142666487471683,-1.3608394533331587e-05,-0.0005515903565081322,-4.2445270573435765e-05,-0.33918908887737204,0.9407180533682853
2026-09-30T01:22:57.077 0.008682682816324717,0.002730717302573833,-1.357974788140204e-05,-0.0005525851654034145,-4.233287930614513e-05,-0.339422649494818,0.940633806466406
2026-09-30T01:22:57.114 0.00867505297991407,0.002740373158933652,-1.377630257558839e-05,-0.0005523815243059204,-4.172351857904774e-05,-0.339302635393534,0.9406771044034197
2026-09-30T01:22:57.168 0.008688881610899315,0.0027296444970015122,-1.3649153367119505e-05,-0.0005515193753218464,-4.2193351915644846e-05,-0.33887068009927485,0.9408327992875009
2026-09-30T01:22:57.203 0.00873704321708674,0.0026917365493468156,-1.332296325449237e-05,-0.0005489137261324922,-4.308888983908066e-05,-0.3381500899489975,0.9410920324307043
2026-09-30T01:22:57.265 0.008813337502638257,0.0026309407721899956,-1.3652198117674822e-05,-0.0005488544497308017,-4.224306657622966e-05,-0.33712905980627655,0.9414582805459052
2026-09-30T01:22:57.302 0.008926825243286262,0.002539031838707939,-1.4159443577882387e-05,-0.0005468275338152271,-4.1417698151041725e-05,-0.33582118314021087,0.9419255980270053
2026-09-30T01:22:57.352 0.009052235467838303,0.0024403281259798167,-1.3746764196672534e-05,-0.0005432964015663093,-4.257332208743904e-05,-0.33420532969239064,0.942500132955817
2026-09-30T01:22:57.390 0.00916906119677787,0.002349134490275366,-1.4169880428963614e-05,-0.0005409101058263776,-4.192504610559435e-05,-0.3322630794982931,0.9431865942966211
2026-09-30T01:22:57.442 0.009289225201689334,0.00225639117587731,-1.4344954494616993e-05,-0.0005371082656795471,-4.2719556826979655e-05,-0.32998555348157715,0.943985828380494
2026-09-30T01:22:57.477 0.009422740824094592,0.0021538728678408845,-1.4496433575694946e-05,-0.0005332367612565582,-4.242324841386612e-05,-0.32738473115901406,0.9448909734264396
2026-09-30T01:22:57.533 0.009561500963340316,0.0020477783470711102,-1.5118140722218912e-05,-0.0005296854742374037,-4.242470087194097e-05,-0.3244523569772563,0.9459018900950279
2026-09-30T01:22:57.570 0.009709799078930714,0.0019382268771125102,-1.499496763374312e-05,-0.0005240370084549829,-4.271534240863396e-05,-0.3211867937371586,0.9470157163898903
2026-09-30T01:22:57.622 0.00986906395855526,0.001821642197084065,-1.5246761208139449e-05,-0.0005194166224451632,-4.48630905811543e-05,-0.3175905423930015,0.9482278078479847
2026-09-30T01:22:57.657 0.010022130308003628,0.001715071019387283,-1.5190732478115144e-05,-0.0005129370867240716,-4.549150382032344e-05,-0.313640568003293,0.949541641492694
2026-09-30T01:22:57.711 0.010188071078521472,0.0016011090278012616,-1.5318971219367958e-05,-0.0005061424802093675,-4.6262046639815354e-05,-0.309348373101213,0.9509486451639991
2026-09-30T01:22:57.747 0.0103664099103026,0.0014811867278544874,-1.53177997418769e-05,-0.0004987167130995194,-4.7295588750815394e-05,-0.3047566349933134,0.9524301247190367
2026-09-30T01:22:57.799 0.010557146843417096,0.0013539928173647393,-1.5172316688590334e-05,-0.0004906882681276349,-4.936456576667733e-05,-0.29994397239304027,0.9539566920008719
2026-09-30T01:22:57.839 0.01075598952028509,0.0012235803580554043,-1.536747505656168e-05,-0.00048261717506773035,-4.9741826030627766e-05,-0.29497711243061114,0.9555041955682412
2026-09-30T01:22:57.889 0.01096055428452032,0.001093048761503061,-1.554187828075788e-05,-0.0004747170430328371,-5.119440326236072e-05,-0.2899005797211266,0.9570566471741455
2026-09-30T01:22:57.937 0.011168933471583016,0.00096335167797481,-1.5886225650266437e-05,-0.0004661292673742477,-5.169095843607598e-05,-0.28474742580230783,0.9586024637723972
2026-09-30T01:22:57.979 0.011379696768820701,0.0008356811823804042,-1.6264145286743972e-05,-0.0004580178141304278,-5.2724429794134234e-05,-0.2795378557793415,0.9601345606872531
2026-09-30T01:22:58.018 0.011593798160144414,0.0007096796588936051,-1.6483430138452215e-05,-0.0004496447441148215,-5.3288745809051055e-05,-0.274287635702829,0.9616475902743509
2026-09-30T01:22:58.071 0.01180837622415506,0.0005854662807369443,-1.6792876068118523e-05,-0.0004409045085209466,-5.361437097843932e-05,-0.26900910384682786,0.9631375315998438
2026-09-30T01:22:58.108 0.01202152365572114,0.0004635178610603669,-1.7159665148314014e-05,-0.00043250473798304404,-5.462792149664661e-05,-0.26370729625681727,0.9646026497249326
2026-09-30T01:22:58.158 0.012237532207497985,0.0003447881282383415,-1.744157147998984e-05,-0.00042411858896601465,-5.493758792559261e-05,-0.2583883226812923,0.9660410404362914
2026-09-30T01:22:58.193 0.012455447858960142,0.0002288002330648497,-1.7860604263531114e-05,-0.00041557573200895216,-5.577404863221947e-05,-0.25305719005580185,0.9674512301646674
2026-09-30T01:22:58.244 0.012672409912027725,0.00011436204665948674,-1.821852487013695e-05,-0.000406881390100866,-5.651644308956751e-05,-0.2477181601170522,0.9688320517002152
2026-09-30T01:22:58.280 0.012891756279808687,2.546494660281091e-06,-1.8475907558090835e-05,-0.0003983967050039582,-5.765076116591271e-05,-0.24237230546515906,0.9701832319206299
2026-09-30T01:22:58.335 0.013113009618670622,-0.00010754049866789604,-1.8959823387581884e-05,-0.0003900437499611614,-5.892530838654604e-05,-0.23708560862541947,0.9714886816512046
2026-09-30T01:22:58.370 0.013332832670237826,-0.00021470688238250346,-1.927756533632147e-05,-0.0003815438559003801,-5.912660256618725e-05,-0.2319274497433295,0.97273301012348
2026-09-30T01:22:58.428 0.013551701754996854,-0.00031913146447457773,-1.975771244163299e-05,-0.00037313189353265576,-5.941272790311847e-05,-0.22689112308431228,0.9739200560149982
2026-09-30T01:22:58.470 0.013772001440227897,-0.00042141026133097215,-2.0165615975291598e-05,-0.0003653322167438598,-6.038091427862303e-05,-0.22194198296033552,0.9750598028255245
2026-09-30T01:22:58.519 0.013996115910242562,-0.0005216624522241175,-2.0505045568156993e-05,-0.00035736431949405143,-6.163280756163277e-05,-0.21705580064948313,0.9761591304170402
2026-09-30T01:22:58.561 0.014221660532332816,-0.0006197092532887572,-2.1055353307913752e-05,-0.00034990474799132703,-6.270358565418435e-05,-0.21221557335666866,0.9772228118806008
2026-09-30T01:22:58.625 0.014447205502120784,-0.0007154314731635979,-2.1367243146800685e-05,-0.00034224043010060775,-6.37533071887402e-05,-0.20741109432833962,0.9782538099882486
2026-09-30T01:22:58.665 0.01467370400021548,-0.0008090079138335201,-2.1755146909644657e-05,-0.00033496046522368697,-6.558636428482457e-05,-0.20263473368789656,0.9792543327466827
2026-09-30T01:22:58.728 0.014900679448467772,-0.0009003789766271019,-2.205439810787353e-05,-0.0003273809332359604,-6.832809392517933e-05,-0.19788115734867606,0.9802259615615905
2026-09-30T01:22:58.762 0.01513003877204235,-0.0009897830561589485,-2.2536232989003733e-05,-0.00032009194552862165,-7.043823307344853e-05,-0.19315000721324585,0.981169183827705
2026-09-30T01:22:58.825 0.015360352083873286,-0.0010761472867596381,-2.2796059088966535e-05,-0.00031298794158521163,-7.258855951832015e-05,-0.1884378262877925,0.9820850688170456
2026-09-30T01:22:58.870 0.015590188067673792,-0.0011609021980096208,-2.3353154373450602e-05,-0.00030535094186887653,-7.472832364182962e-05,-0.18374710363534663,0.9829735007018761
2026-09-30T01:22:58.931 0.015820024241300357,-0.001242021225901253,-2.3761238826957273e-05,-0.0002979183921724549,-7.630168093460005e-05,-0.17907655716883544,0.983835093953881
2026-09-30T01:22:58.966 0.016050337441769015,-0.0013214117130665088,-2.403596721015038e-05,-0.00029036981106696333,-7.734601280499261e-05,-0.17442956970778253,0.9846696069822227
2026-09-30T01:22:59.027 0.01628065023975754,-0.0013987756423533046,-2.4549114205908495e-05,-0.00028285078465910876,-7.74558273440219e-05,-0.16980938959227546,0.9854768821247545
2026-09-30T01:22:59.067 0.016511440352861593,-0.0014729805194036863,-2.4735190511948962e-05,-0.0002753700945056985,-7.79252130317341e-05,-0.1652174324247188,0.9862571257648565
2026-09-30T01:22:59.129 0.016741753102367796,-0.0015446224027897647,-2.5233437301066835e-05,-0.00026786700015262246,-7.80803453383939e-05,-0.16065801959282922,0.9870100925984698
2026-09-30T01:22:59.164 0.016970158832764606,-0.0016141781475815487,-2.5505151572599484e-05,-0.0002603681828599717,-7.856533547895926e-05,-0.15613617277011768,0.9877355018366999
2026-09-30T01:22:59.231 0.01719713372947678,-0.0016804556549540198,-2.5953418300943827e-05,-0.0002530658015434389,-7.95928142086709e-05,-0.15165591511969242,0.988433312384752
2026-09-30T01:22:59.268 0.01742172452665938,-0.0017439913786704811,-2.6323410114554633e-05,-0.0002457714852675951,-8.080873791998798e-05,-0.14722238769360907,0.9891033826795446
2026-09-30T01:22:59.327 0.017646315229443377,-0.001803772009771858,-2.6723204827504453e-05,-0.00023871404763375575,-8.244614656939803e-05,-0.14284089512651515,0.9897456314112694
2026-09-30T01:22:59.376 0.017867568039520606,-0.001860632055303427,-2.7117722507666e-05,-0.00023197002916709213,-8.397392727102817e-05,-0.1385830226170453,0.990350788852419
2026-09-30T01:22:59.425 0.01808071467950734,-0.0019140947381303078,-2.7439819362044243e-05,-0.00022542622576382916,-8.787467516638931e-05,-0.13454571731188175,0.9909073576344508
2026-09-30T01:22:59.464 0.018288139034935546,-0.001964875284008179,-2.7886979777392448e-05,-0.00021974957689112915,-9.396998286246978e-05,-0.13079731546963896,0.9914091007983039
2026-09-30T01:22:59.526 0.018486026452173808,-0.002012318089866473,-2.8423370135242926e-05,-0.00021500750651008872,-0.00010033002871421592,-0.12738129865313902,0.9918537938925763
2026-09-30T01:22:59.571 0.018671516350489917,-0.002055707935936528,-2.8761345263361813e-05,-0.00021057673249773388,-0.0001079608141823421,-0.12432796142700568,0.9922411511368128
2026-09-30T01:22:59.628 0.018844608194000197,-0.00209552165943939,-2.924363136282277e-05,-0.00020683699525853613,-0.0001123010515123141,-0.12165426100975493,0.9925725088803848
2026-09-30T01:22:59.664 0.019003395221711718,-0.002131461261096547,-2.9494684197881503e-05,-0.00020216925237057256,-0.00011352635075559576,-0.11936501919244831,0.992850410904154
2026-09-30T01:22:59.724 0.019153122109680135,-0.00216477837247342,-2.986552307365948e-05,-0.00020016657328697515,-0.0001158258457481724,-0.11746529206677028,0.9930769616084066
2026-09-30T01:22:59.765 0.019291882390892974,-0.0021960690639302475,-2.980178989735577e-05,-0.00019624238728330813,-0.00011586935903128865,-0.11595821994235896,0.9932540658316061
2026-09-30T01:22:59.827 0.019419197288587393,-0.0022246776906021584,-3.05246245367295e-05,-0.0001953484007526843,-0.00011395247549687912,-0.11484369458495118,0.9933835486195219
2026-09-30T01:22:59.865 0.019545559430508914,-0.002253167119884748,-3.0664806775300256e-05,-0.00019377865965127656,-0.0001135409984631801,-0.11409124600936575,0.9934702497520009
2026-09-30T01:22:59.923 0.019654278525232525,-0.0022779016786788706,-3.080689650055936e-05,-0.00019291662260074923,-0.00011253946372181667,-0.11366403740832616,0.9935192180919725
2026-09-30T01:22:59.978 0.0197725338105161,-0.002304603070747598,-3.132169192716185e-05,-0.0001931061726500338,-0.00011057678128883152,-0.11359462757813923,0.9935271566837846
2026-09-30T01:23:00.030 0.01983595340975852,-0.0023200994799164303,-3.133255523647618e-05,-0.00019290296639139156,-0.00011107192520366982,-0.11359571552463336,0.9935270322773908
2026-09-30T01:23:00.074 0.01985455007065643,-0.002324748408077815,-3.1376858891396846e-05,-0.00019297771772824253,-0.0001110019066883495,-0.11355125780523682,0.9935321143722662
2026-09-30T01:23:00.143 0.019876007845918905,-0.0023294569048525017,-3.136608154672547e-05,-0.00019330083846633508,-0.00011168432714505348,-0.11349959517056873,0.9935380174193205
2026-09-30T01:23:00.182 0.019913201386057667,-0.002337383854318206,-3.1305677655117946e-05,-0.0001938281613157606,-0.0001121413011717326,-0.11341520939077945,0.993547653680395
2026-09-30T01:23:00.243 0.019970898851108768,-0.002350913382258873,-3.13521975530023e-05,-0.00019415991296739454,-0.00011159413443968343,-0.1132230957098965,0.9935695649759734
2026-09-30T01:23:00.283 0.020074849458953697,-0.002373502233886408,-3.154635289879061e-05,-0.00019435542915387393,-0.00011157800613116069,-0.11304405046871593,0.9935899518563692
2026-09-30T01:23:00.346 0.020156865664765503,-0.0023912037807837616,-3.1616421405312985e-05,-0.0001935489433354629,-0.00011285014554111499,-0.1125594201428718,0.9936449701682949
2026-09-30T01:23:00.387 0.02027893558596637,-0.002415282520457937,-3.2152149844023704e-05,-0.0001934108110729476,-0.00011331348518470488,-0.11198904047048835,0.9937094165634195
2026-09-30T01:23:00.448 0.02037668706338874,-0.002436321729393262,-3.248551577804278e-05,-0.00019051455272655268,-0.00011489628242216498,-0.11113374503806578,0.9938054342862408
2026-09-30T01:23:00.488 0.0204911284089009,-0.0024610562161217144,-3.2502542381048116e-05,-0.00018788304063600304,-0.00011605478094274447,-0.1100378922623287,0.9939273683211037
2026-09-30T01:23:00.547 0.020596509563797112,-0.0024828701893514966,-3.266915735865527e-05,-0.00018688815571203405,-0.00011972315875787229,-0.10864554949903453,0.9940805275797506
2026-09-30T01:23:00.586 0.020699983478239224,-0.002503730512264968,-3.2758251059123056e-05,-0.00018355919667565045,-0.00012206161143381717,-0.10693119418111512,0.9942663984657155
2026-09-30T01:23:00.649 0.02079058270134908,-0.0025200610442737315,-3.285679167373583e-05,-0.0001801278197897018,-0.00012339833214983285,-0.10487747958632809,0.9944851263857291
2026-09-30T01:23:00.691 0.020871168230143573,-0.002533828702640157,-3.299910474633452e-05,-0.00017699718545425325,-0.0001239913979917333,-0.10248643941975889,0.9947343781297546
2026-09-30T01:23:00.753 0.02094269391272151,-0.0025439605917296554,-3.306748917200362e-05,-0.00017227695184121857,-0.00012684736594307836,-0.09983254381437448,0.995004229853295
2026-09-30T01:23:00.789 0.021000391378958802,-0.002550099143707824,-3.3054405708522224e-05,-0.00016726975762146218,-0.00012845525505043604,-0.09701744011920312,0.9952826592645893
2026-09-30T01:23:00.851 0.021044260711543483,-0.0025531980328827916,-3.291515077219789e-05,-0.00016225723891561856,-0.00012770675273703747,-0.09411160322616073,0.9955616321965082
2026-09-30T01:23:00.901 0.021071917251955886,-0.002552899661457723,-3.294397762253106e-05,-0.00015695924833336003,-0.00012722776837727724,-0.09115255451872259,0.9958369198727273
2026-09-30T01:23:00.956 0.021089083401805677,-0.0025518265617231885,-3.2941316995460245e-05,-0.00015218260043392933,-0.00013053463501563808,-0.08815874846590932,0.9961064174424787
2026-09-30T01:23:00.993 0.02108669922063505,-0.002546342964413196,-3.2892844814328495e-05,-0.0001470322033706965,-0.00013097209880339158,-0.08514283687446578,0.9963687362401575
2026-09-30T01:23:01.051 0.021070009694239424,-0.002539846268272104,-3.297076632246637e-05,-0.0001424181923327528,-0.0001370018185333508,-0.08212436191453074,0.996622069857823
2026-09-30T01:23:01.092 0.02103567724445101,-0.0025300715387870406,-3.297608952645782e-05,-0.0001366264511649816,-0.00012910806603471284,-0.07910201363973542,0.9968665086672635
2026-09-30T01:23:01.152 0.020978456634723162,-0.002518032120962218,-3.2930323314913875e-05,-0.00013130708227991156,-0.00012515952175653298,-0.0760607629112541,0.9971031679013472
2026-09-30T01:23:01.190 0.02091074607307335,-0.0025045027190387366,-3.2569948034161915e-05,-0.00012593869837551906,-0.00012700690341860074,-0.07301457254100178,0.9973308579430126
2026-09-30T01:23:01.247 0.020830160402166523,-0.0024906754560439443,-3.2517041826721435e-05,-0.00012073682662193018,-0.0001324008584832505,-0.06993473525035146,0.9975515529024526
2026-09-30T01:23:01.290 0.020731455285547203,-0.0024760735607561634,-3.22119692647765e-05,-0.00011478092284107092,-0.00012451505058699123,-0.06683112379695139,0.9977642869001568
2026-09-30T01:23:01.350 0.020617014398955837,-0.00246159107288999,-3.1986324988946075e-05,-0.00010927721297160741,-0.00012587934454906383,-0.06369143630930287,0.9979696253662931
2026-09-30T01:23:01.390 0.020488268421800272,-0.002445737858294021,-3.172316189263104e-05,-0.00010333228937306047,-0.00012101193516036008,-0.06051487628445094,0.9981672827872226
2026-09-30T01:23:02.298 0.02034712470378475,-0.002430659660169044,-3.144039648771315e-05,-9.774108922723712e-05,-0.00011947169382100273,-0.0573010891925082,0.9983569308371361
2026-09-30T01:23:02.341 0.020197397899587674,-0.0024152239422397747,-3.115896154256939e-05,-9.238228482573575e-05,-0.00011669201964094112,-0.05411819210963459,0.9985345257582587
2026-09-30T01:23:03.567 0.020038610913483437,-0.002399430710539708,-3.104201569537788e-05,-8.70964555349e-05,-0.00011316568693412311,-0.05104086610187601,0.9986965553136273
2026-09-30T01:23:03.606 0.01987171769831832,-0.0023830415344501107,-3.0912253134461e-05,-8.200674099985555e-05,-0.0001084721366000737,-0.04805689210604388,0.9988445908297237
2026-09-30T01:23:03.680 0.01970053324432213,-0.0023672484588062107,-3.059689139458896e-05,-7.66633300897764e-05,-0.00010574271072619988,-0.04511569217557363,0.9989817602242455
2026-09-30T01:23:03.719 0.019526964855125475,-0.0023524090874684133,-3.0128748422689153e-05,-7.148283452194537e-05,-0.0001042476334248123,-0.0421830081893762,0.99910989277593
2026-09-30T01:23:03.780 0.01934624340367241,-0.0023379274341107175,-2.9977121577718743e-05,-6.637538796728598e-05,-0.00010207593659973176,-0.03924063471428836,0.9992297822633345
2026-09-30T01:23:03.819 0.019161707625884476,-0.0023244591077004905,-2.959594598791561e-05,-6.138178492541414e-05,-0.00010046538506783268,-0.03628016000841851,0.9993416513529026
2026-09-30T01:23:03.878 0.018972403277936714,-0.0023115868877967966,-2.934134128301702e-05,-5.6382020999008796e-05,-9.838243394108045e-05,-0.03329645071502014,0.9994455130279722
2026-09-30T01:23:03.918 0.018782145332048274,-0.002299072307760369,-2.9040525231775173e-05,-5.1313724753107675e-05,-9.629861815303458e-05,-0.030285856098317614,0.9995412722913796
2026-09-30T01:23:03.981 0.018588072643243737,-0.002288167101168328,-2.8778380904434965e-05,-4.6359135287424914e-05,-9.487176071544464e-05,-0.027247010696146417,0.9996287257068515
2026-09-30T01:23:04.018 0.018390185373443526,-0.002278632849422453,-2.8450600342016276e-05,-4.096172982565445e-05,-9.334085771553e-05,-0.024180207385569828,0.9997076108444968
2026-09-30T01:23:04.080 0.018186575880167297,-0.0022693966929633685,-2.8232981710536936e-05,-3.610052530203242e-05,-9.116139771415338e-05,-0.02108406144830488,0.9997777016613222
2026-09-30T01:23:04.119 0.017981536107258132,-0.0022615910659644395,-2.7878990771747278e-05,-3.080797333645463e-05,-8.879194966444536e-05,-0.017959423017466905,0.999838712138982
2026-09-30T01:23:04.184 0.017774112285849592,-0.002255096771153907,-2.744672425527514e-05,-2.5381868351173484e-05,-8.639717418832333e-05,-0.014805452737321952,0.9998903892230048
2026-09-30T01:23:04.220 0.01756478087328746,-0.002249734988637778,-2.7175354401530458e-05,-2.0140282526810744e-05,-8.462009569887881e-05,-0.011691844978523974,0.9999316442611498
2026-09-30T01:23:04.281 0.017354972709853,-0.0022455653050122834,-2.6858526995024682e-05,-1.526401847980947e-05,-8.201942911871127e-05,-0.008693977147454665,0.9999622031862917
2026-09-30T01:23:04.320 0.01714611867769503,-0.0022422300743547893,-2.6260085603377674e-05,-9.489105214291208e-06,-7.88616868079019e-05,-0.0057987702722895555,0.9999831838356685
2026-09-30T01:23:04.380 0.016936310586145864,-0.0022400273440012584,-2.591345559001036e-05,-4.419559738393103e-06,-7.63111010843133e-05,-0.0029633542869925327,0.9999956063345744
2026-09-30T01:23:04.430 0.016725071400108517,-0.0022400300035855907,-2.5951993132478036e-05,-5.213239363628369e-07,-7.450141575029257e-05,-0.00016369174011257327,0.9999999838271406
2026-09-30T01:23:04.482 0.016513355973270888,-0.002240569110907933,-2.561724809292686e-05,4.026602588804211e-06,-7.241186402160496e-05,0.0026158613818511255,0.9999965759989078
2026-09-30T01:23:04.524 0.016301163782803395,-0.0022412870381598076,-2.5237045666351826e-05,8.592466239021795e-06,-7.185337125747275e-05,0.00539203523854456,0.9999854602539223
2026-09-30T01:23:04.589 0.016084679702070906,-0.0022432567170264073,-2.508847594548834e-05,1.2303112568978992e-05,-6.910571867606959e-05,0.008167929394465735,0.9999666394447567
2026-09-30T01:23:04.629 0.015866289250818514,-0.002246001280176623,-2.432594353230355e-05,1.8345546281259582e-05,-6.87889146838413e-05,0.010951926961033124,0.9999400233150818
2026-09-30T01:23:04.691 0.015648851843769813,-0.002251189621832142,-2.398215057145127e-05,2.3055385723399258e-05,-6.730522890463839e-05,0.013744082057119657,0.9999055431123794
2026-09-30T01:23:04.731 0.015431414389303927,-0.002258225707483753,-2.3683060736076745e-05,2.781979388158113e-05,-6.577379290839641e-05,0.01654372023941284,0.9998631407450258
2026-09-30T01:23:04.788 0.015212546534401756,-0.0022664539040301085,-2.3322104345229683e-05,3.2214168598065244e-05,-6.421956011655136e-05,0.019352113098749048,0.9998127277429052
2026-09-30T01:23:04.834 0.014994632271140163,-0.0022756953675416567,-2.3022260219061303e-05,3.665667069293966e-05,-6.255520937955772e-05,0.022170754145742627,0.9997541959920665
2026-09-30T01:23:04.893 0.014773856862152704,-0.002286128959985554,-2.2807299172887056e-05,4.110454976106976e-05,-6.109493952144166e-05,0.02493049083908823,0.9996891842989732
2026-09-30T01:23:04.935 0.014527332549683527,-0.0022993642948911266,-2.240261401894798e-05,4.555442770668064e-05,-6.320421232109992e-05,0.027531300989084028,0.999620938854259
2026-09-30T01:23:04.993 0.014336121270464635,-0.002310095538316635,-2.2070484020219386e-05,4.8943089934405906e-05,-6.087913406037905e-05,0.030056611467250346,0.9995481949387992
2026-09-30T01:23:05.030 0.014105332693604422,-0.0023242247447671687,-2.1616172699564882e-05,5.39243062643802e-05,-6.0734910775039586e-05,0.0324776739741148,0.9994724578980008
2026-09-30T01:23:05.093 0.013919843326778245,-0.002336148009063429,-2.1382496522119934e-05,5.770329725906428e-05,-5.910172296211764e-05,0.03489312710660911,0.9993910460165419
2026-09-30T01:23:05.135 0.01369668345511887,-0.002352422886752971,-2.1387282008683462e-05,6.0107812013261704e-05,-5.9521014695303305e-05,0.03725284721660038,0.9993058681998002
2026-09-30T01:23:05.205 0.013518347524215815,-0.002365597758436928,-2.0613572302556996e-05,6.611605507139073e-05,-5.837609212012343e-05,0.039626232533354865,0.9992145685067405
2026-09-30T01:23:05.244 0.013298048920289997,-0.0023828858790397,-2.0473869778131536e-05,6.909056024690871e-05,-5.854973668330179e-05,0.04197162092978195,0.9991187991600146
2026-09-30T01:23:05.301 0.013117328124531437,-0.0023980277341002173,-2.014342437696642e-05,7.286263052605878e-05,-5.727389633649365e-05,0.04434113736691279,0.9990164437824567
2026-09-30T01:23:05.341 0.012899890940207284,-0.0024171635626266045,-1.976982684965353e-05,7.683021534623322e-05,-5.779170966294156e-05,0.046758911025577374,0.9989061992984819
2026-09-30T01:23:05.404 0.01271821609331241,-0.0024340935690835637,-1.969119271952636e-05,8.046131535959632e-05,-5.7437292641292965e-05,0.04937292203068879,0.9987804086970697
2026-09-30T01:23:05.443 0.012501255794625814,-0.0024552559495259973,-1.9303447648242484e-05,8.516240395860455e-05,-5.8832655814579754e-05,0.05219909115131702,0.9986366927812437
2026-09-30T01:23:05.509 0.012319581899602755,-0.002474808560246242,-1.864366852899016e-05,9.078147781735728e-05,-5.861530245585831e-05,0.05518636339422313,0.9984760656211497
2026-09-30T01:23:05.548 0.012092130688135206,-0.0025005010258321463,-1.8596963676823097e-05,9.470309357552957e-05,-5.860985303086781e-05,0.05811602903658799,0.998309829043683
2026-09-30T01:23:05.612 0.01190997934668705,-0.0025221398051966026,-1.83387611356157e-05,9.982299123799355e-05,-5.730570063306384e-05,0.06093381204176462,0.9981418022012133
2026-09-30T01:23:05.664 0.0116934959861691,-0.002549501062689029,-1.7936867837913398e-05,0.00010427431364057968,-5.7021035177422114e-05,0.06351536371261547,0.9979808537481685
2026-09-30T01:23:05.721 0.011520881410030343,-0.0025719741870090995,-1.7678842619081147e-05,0.00010796419434666045,-5.5195575443105305e-05,0.06585884384067854,0.997828942246691
2026-09-30T01:23:05.758 0.011325378813673948,-0.002597666250300109,-1.7325023660078116e-05,0.00011175207120816791,-5.454530991400572e-05,0.06789083001937575,0.9976927481622606
2026-09-30T01:23:05.820 0.011157055881394278,-0.0026199009019966277,-1.6999278138046822e-05,0.0001142340803367857,-5.2951460076994516e-05,0.06960942347256371,0.9975743141794174
2026-09-30T01:23:05.858 0.011011143650761042,-0.0026399298997441425,-1.7081496254308772e-05,0.00011615861195289615,-5.2287432848210795e-05,0.07100769457998551,0.9974757596471389
2026-09-30T01:23:05.917 0.010831853356155632,-0.0026656217589352054,-1.6842717773150438e-05,0.00011768438776136882,-5.203962861984616e-05,0.07202682834977192,0.9974026867018829
2026-09-30T01:23:05.964 0.01071979687843416,-0.0026821932609965766,-1.672514606629654e-05,0.00011855385455395398,-5.098983447749517e-05,0.07273101173522649,0.9973515845863938
2026-09-30T01:23:06.019 0.01065637748408114,-0.0026923268490928005,-1.6788784277645884e-05,0.0001195056139119182,-5.090149825412985e-05,0.07315011352998026,0.9973209333098332
2026-09-30T01:23:06.060 0.010605356375773636,-0.0027000760952436086,-1.6514397639192015e-05,0.00011906025014778357,-5.117053253920255e-05,0.07335347744900421,0.9973059964486185
2026-09-30T01:23:06.121 0.010566255345198136,-0.002705023773097598,-1.6765498558061232e-05,0.00011924569204897276,-5.088978963684747e-05,0.07342640357426757,0.9973006299250207
2026-09-30T01:23:06.160 0.010542890442798615,-0.0027083619273669695,-1.6698753153456632e-05,0.00011924012887858989,-5.0881329448687524e-05,0.07344409125433077,0.9972993275104057
2026-09-30T01:23:06.221 0.010548135437442022,-0.0027087194892225558,-1.68411566088626e-05,0.00011911134995135853,-5.076012720669295e-05,0.07344115582781531,0.9972995437011742
2026-09-30T01:23:06.258 0.010550043033098285,-0.002707944604796776,-1.6680259887639647e-05,0.00011908436752635588,-5.0753293555201896e-05,0.07342176944135868,0.9973009711291354
2026-09-30T01:23:06.326 0.010551950326222675,-0.0027074677436303898,-1.671307797105652e-05,0.00011915777551012298,-5.078114323094178e-05,0.07339035028969244,0.997303283714165
2026-09-30T01:23:06.369 0.010558626126330387,-0.0027069908224133794,-1.6664028499780825e-05,0.00011898677158273331,-5.094028563141693e-05,0.07335661420102967,0.9973057657510042
2026-09-30T01:23:06.428 0.010566255451446502,-0.0027059774474029927,-1.670589383180061e-05,0.00011897720250665528,-5.083745070975044e-05,0.0733254111817423,0.9973080603980935
2026-09-30T01:23:06.464 0.010574838373002403,-0.0027044872232357985,-1.6793970529662143e-05,0.00011889608226192486,-5.0859454956676664e-05,0.0732964433928643,0.9973101897920196
2026-09-30T01:23:06.531 0.010581991073599204,-0.0027034738542042283,-1.670097164849686e-05,0.0001189098119441109,-5.080114161394621e-05,0.07326966599935764,0.9973121574131357
2026-09-30T01:23:06.575 0.010584375131854352,-0.0027029373823978515,-1.6779247099439095e-05,0.00011902949065558539,-5.0786200301645826e-05,0.07324288852209283,0.9973141243027106
2026-09-30T01:23:06.635 0.010591050947267493,-0.00270180481008563,-1.6715296592836986e-05,0.00011895306919976044,-5.075118668059074e-05,0.07321868164977159,0.9973159017743344
2026-09-30T01:23:06.677 0.010596772976257439,-0.0027010298776625466,-1.6724343880436897e-05,0.00011924414745435417,-5.0772517673762934e-05,0.07319606891092995,0.9973175616116319
2026-09-30T01:23:06.751 0.010600110919679705,-0.0027004933938247202,-1.667001690840898e-05,0.00011924315926388444,-5.075529912689255e-05,0.07317392578948478,0.9973191865142892
2026-09-30T01:23:06.789 0.010605832805806875,-0.002699599252128498,-1.6768471070916344e-05,0.00011916005384217931,-5.080885788961338e-05,0.07315274385771496,0.9973207404267842
2026-09-30T01:23:06.853 0.010611077979927469,-0.0026992415582249656,-1.6791665502768032e-05,0.000119019499989448,-5.075358646931389e-05,0.0731337226393969,0.997322135456411
2026-09-30T01:23:06.891 0.010613462200103044,-0.0026984666678203685,-1.6765632994730152e-05,0.0001190183575703582,-5.0753416527992145e-05,0.07311578909547893,0.9973234503628533
2026-09-30T01:23:06.954 0.010617276793856266,-0.0026981089919353037,-1.6831269064071396e-05,0.00011898892028431797,-5.077664810708407e-05,0.07309947234967369,0.9973246464444605
2026-09-30T01:23:06.995 0.010621568456022558,-0.0026974532867956235,-1.6748647686548938e-05,0.00011889136757261167,-5.070260632831662e-05,0.07308594962501597,0.997325637523421
2026-09-30T01:23:07.058 0.010622999050194475,-0.0026966784083924033,-1.6691305033231458e-05,0.00011898334686512954,-5.0781236443069504e-05,0.07307387961353856,0.9973265219487825
2026-09-30T01:23:07.101 0.01062585997457563,-0.002696618767738036,-1.675543319368318e-05,0.0001188995708051118,-5.07898984965657e-05,0.07306274851401176,0.9973273374689258
2026-09-30T01:23:07.158 0.010627767247141484,-0.0026963803251534666,-1.6803152380671213e-05,0.00011886069651862537,-5.080504993659739e-05,0.07305304043967231,0.9973280486246746
2026-09-30T01:23:07.192 0.010628244105763055,-0.0026962611098577693,-1.6789005187673192e-05,0.00011886617419239542,-5.0801749812465525e-05,0.07304319076925363,0.9973287700514115
2026-09-30T01:23:07.253 0.010632535629569234,-0.002695843823313576,-1.679579062656269e-05,0.00011883587548577461,-5.077439722120125e-05,0.07303462262679142,0.9973293975401294
2026-09-30T01:23:07.295 0.01063539671286904,-0.0026953073454819058,-1.6755610867031293e-05,0.00011884543861367685,-5.081110216920236e-05,0.07302727634785619,0.9973299354793315
2026-09-30T01:23:07.360 0.01063539657075671,-0.0026952477408535387,-1.6845017732189495e-05,0.00011877900338262175,-5.077523803817931e-05,0.07302012384406228,0.9973304591895413
2026-09-30T01:23:07.399 0.010634919892362772,-0.0026947113050348873,-1.6739955891883985e-05,0.0001189403369891928,-5.083196678604248e-05,0.07301242726791071,0.9973310226468218
2026-09-30T01:23:07.461 0.01063873456430138,-0.002694949675589327,-1.6760888436028266e-05,0.00011895024115897706,-5.0843659108989305e-05,0.07300493197711232,0.997331571330608
2026-09-30T01:23:07.512 0.010640641927356271,-0.002694413209769969,-1.6749003101489905e-05,0.00011893789419835878,-5.078210748458302e-05,0.07299816686068909,0.9973320665204413
2026-09-30T01:23:07.557 0.01064159562028865,-0.0026941151745365375,-1.673560986781127e-05,0.00011901537515985823,-5.0857245497965094e-05,0.07299072367052813,0.9973326112721541
2026-09-30T01:23:07.599 0.010643026083604895,-0.0026941747611765095,-1.6767673933413257e-05,0.0001191666798214851,-5.0854939225088645e-05,0.0729842042938591,0.9973330883594858
2026-09-30T01:23:07.665 0.010644456726398329,-0.0026935190920573627,-1.668052897546096e-05,0.00011902523035674596,-5.080120583324636e-05,0.0729796446510271,0.9973334220404136
2026-09-30T01:23:07.705 0.01064588711753274,-0.002693459469415995,-1.6757296488265924e-05,0.00011905947733040918,-5.079428572006107e-05,0.07297525623263318,0.9973337431484823
2026-09-30T01:23:07.766 0.010645887002732944,-0.0026936978880087474,-1.683180216210972e-05,0.00011899589287065122,-5.075622414485929e-05,0.0729711286618551,0.9973340451652085
2026-09-30T01:23:07.806 0.010646840695665325,-0.002693399852775316,-1.681840892843109e-05,0.00011900544860220674,-5.073332444431586e-05,0.0729684985997386,0.9973342375933621
2026-09-30T01:23:07.866 0.010647317669837135,-0.0026931018235316372,-1.6729756051840022e-05,0.00011900525721091345,-5.0773454431311106e-05,0.0729661814696705,0.997334407118064
2026-09-30T01:23:07.902 0.010647794246485372,-0.0026930422129135176,-1.6894422559910658e-05,0.00011901556933200905,-5.0774833972215666e-05,0.07296391648535064,0.9973345728231471
2026-09-30T01:23:07.964 0.010648271342961422,-0.002693101811524793,-1.67312639119833e-05,0.00011894937093237958,-5.077084125657693e-05,0.07296205389281137,0.9973347090947509
2026-09-30T01:23:08.001 0.010649224968214636,-0.002693042194878646,-1.6762574067012144e-05,0.0001190310969866302,-5.0807292418939496e-05,0.07296057116288611,0.9973348175541664
2026-09-30T01:23:08.063 0.010649224899034578,-0.002693161404176389,-1.6807277475218123e-05,0.00011900649164899237,-5.079485635477095e-05,0.07295949084831091,0.9973348965881484
2026-09-30T01:23:08.104 0.01064922501608571,-0.0026931017995179486,-1.673277177212658e-05,0.00011900257467290096,-5.0797945696606645e-05,0.0729583583633231,0.9973349794341342
2026-09-30T01:23:08.165 0.010649701661914002,-0.0026929229796020856,-1.6852734871991236e-05,0.00011913944029679924,-5.079727401312608e-05,0.07295743438326807,0.9973350470096004
2026-09-30T01:23:08.203 0.010648748059470659,-0.002692922991600728,-1.680652358414348e-05,0.00011902543687661523,-5.079634638783053e-05,0.07295665216254481,0.9973351042442605
2026-09-30T01:23:08.276 0.010649701782717352,-0.002693161398167499,-1.6778229120153444e-05,0.00011901435187896466,-5.080083026155988e-05,0.07295617533422093,0.9973351391259921
2026-09-30T01:23:08.317 0.010649224871722046,-0.0026928633809552693,-1.6822178666532526e-05,0.00011896256953558759,-5.074357185183945e-05,0.07295578794501939,0.9973351674729606
2026-09-30T01:23:08.381 0.0106501785676562,-0.002692803764300921,-1.6808785393856896e-05,0.00011892885459227918,-5.0754283176001984e-05,0.07295554955313006,0.9973351849149468
2026-09-30T01:23:08.422 0.010649701756155261,-0.00269292297959115,-1.67931303017186e-05,0.00011901528624031822,-5.079415690440828e-05,0.0729550130430826,0.9973352241484299
2026-09-30T01:23:08.482 0.010649225014584821,-0.0026929825902284074,-1.6732771791625074e-05,0.00011900074385777382,-5.0788163254454194e-05,0.07295458092096746,0.9973352557600836
2026-09-30T01:23:08.518 0.010649701801024558,-0.00269274416565137,-1.6763328045830028e-05,0.00011906295035201989,-5.074421473443548e-05,0.07295493849960173,0.9973352295981316
2026-09-30T01:23:08.580 0.01064970171053552,-0.0026930421888861594,-1.682293256735642e-05,0.00011900881436490313,-5.075592229693146e-05,0.07295508755398872,0.9973352187006775
2026-09-30T01:23:08.620 0.010649701686224762,-0.0026929825842441227,-1.6837833719673826e-05,0.00011888571571055226,-5.073333930363787e-05,0.07295487903507816,0.9973352339696477
2026-09-30T01:23:08.681 0.010649701898267595,-0.0026929825842195174,-1.6703723436560395e-05,0.00011897236273779912,-5.079259625768523e-05,0.07295432017312309,0.9973352748367855
2026-09-30T01:23:08.721 0.010650178734829737,-0.0026929825782160957,-1.6704477366632034e-05,0.00011904849764357992,-5.0804986011347186e-05,0.07295430521177414,0.9973352759214806
2026-09-30T01:23:08.781 0.01064970180477678,-0.0026930421888752237,-1.6763327997083783e-05,0.00011898977205295512,-5.074765894515589e-05,0.07295455857790069,0.9973352573978386
2026-09-30T01:23:08.821 0.010649224964462415,-0.0026927441716547923,-1.676257411575839e-05,0.00011910409617059735,-5.072821681795887e-05,0.07295457338867795,0.9973352563017805
2026-09-30T01:23:08.882 0.0106497017767138,-0.0026926845610093335,-1.6778229198147438e-05,0.00011898699559424953,-5.073776357947532e-05,0.07295458093182951,0.9973352557634947
2026-09-30T01:23:08.923 0.010649701825335317,-0.002692803770293407,-1.674842689351262e-05,0.00011906778442734672,-5.078847113591942e-05,0.07295427539420986,0.9973352781011507
2026-09-30T01:23:08.982 0.010649701944637779,-0.0026929229795692785,-1.6673921161173328e-05,0.00011895586645763616,-5.083119930997313e-05,0.07295347082010405,0.9973353369659531
2026-09-30T01:23:09.029 0.010649701871705502,-0.0026927441656431684,-1.671862461812555e-05,0.00011901349556606376,-5.080500718421365e-05,0.07295303119035364,0.9973353691185219
2026-09-30T01:23:09.077 0.010650655545580232,-0.002692803758281095,-1.6720132468519582e-05,0.0001190387437877934,-5.07975570431197e-05,0.07295287470822417,0.9973353805622218
2026-09-30T01:23:09.116 0.01065017875463783,-0.0026926845549895082,-1.6689576272810123e-05,0.00011902675957495391,-5.079581029367467e-05,0.07295303117986722,0.9973353691181746
2026-09-30T01:23:09.179 0.010650178519785126,-0.002692744159661618,-1.6838587688742462e-05,0.00011894351237000161,-5.0789824078002355e-05,0.07295287478350743,0.9973353805684708
2026-09-30T01:23:09.219 0.010650178517533795,-0.0026925653457273062,-1.683858771799021e-05,0.00011880424291430404,-5.075385277756736e-05,0.07295283764070569,0.9973353833038148
2026-09-30T01:23:09.283 0.010651132378390155,-0.00269250572905382,-1.672088644733747e-05,0.00011899136044760602,-5.0768104814460706e-05,0.07295273318466745,0.9973353909215006
2026-09-30T01:23:09.332 0.01065065544908764,-0.002692624944357719,-1.6779737068039964e-05,0.00011895049077133914,-5.079280294382346e-05,0.0729522787316304,0.9973354241671828
2026-09-30T01:23:09.390 0.010650178494723923,-0.0026926249503748108,-1.685348885080912e-05,0.00011896941798310075,-5.075358080239911e-05,0.07295178697841974,0.9973354601371631
2026-09-30T01:23:09.428 0.010650655405719231,-0.00269292296758704,-1.6809539304430037e-05,0.00011886938075623091,-5.0773539392735816e-05,0.07295157844127971,0.9973354754018549
2026-09-30T01:23:09.491 0.010650178543345441,-0.002692744159658884,-1.6823686546174303e-05,0.00011889152155896687,-5.075625144292813e-05,0.07295161567667159,0.9973354726764572
2026-09-30T01:23:09.527 0.010650655591199973,-0.002692684548986086,-1.6690330202881762e-05,0.00011907903955728327,-5.077679716122289e-05,0.07295171983654435,0.9973354650341025
2026-09-30T01:23:09.588 0.010651132335021745,-0.002692803752283141,-1.6750688683727542e-05,0.00011895664185914028,-5.0814274182285e-05,0.07295209246228299,0.9973354377904163
2026-09-30T01:23:09.630 0.010650655686191675,-0.0026927441536199206,-1.663072562285988e-05,0.00011910521085264283,-5.073365657215943e-05,0.07295185392628084,0.9973354552249526
2026-09-30T01:23:09.695 0.010652085936714644,-0.0026927441356397277,-1.6796899981324545e-05,0.00011897616089649754,-5.0689532879168785e-05,0.07295267359204219,0.9973353952863687
2026-09-30T01:23:09.732 0.010650178663398346,-0.0026929229735795264,-1.6749180804085762e-05,0.00011896524910706039,-5.078109577340843e-05,0.07295209245547539,0.9973354377915775
2026-09-30T01:23:09.804 0.010650655452839861,-0.002692922967581572,-1.677973701929372e-05,0.00011896850740956561,-5.080806312528848e-05,0.07295179442972202,0.9973354595894596
2026-09-30T01:23:09.840 0.010650178731827959,-0.0026927441596370128,-1.670447740562903e-05,0.00011896005641398778,-5.075624032189741e-05,0.07295230852638443,0.9973354219885004
2026-09-30T01:23:09.900 0.010651132287901117,-0.0026928037522886087,-1.678049096886386e-05,0.00011901152923389492,-5.070344326229508e-05,0.072952941784944,0.997335375663743
2026-09-30T01:23:09.936 0.010650178568406644,-0.0026928633689456915,-1.6808785384107645e-05,0.00011902168026318211,-5.075856410058192e-05,0.07295339626227369,0.9973353424155826
2026-09-30T01:23:09.999 0.01064922505795323,-0.002692684566999086,-1.6702969555235004e-05,0.0001190778581961646,-5.0735555339011364e-05,0.07295347072365346,0.9973353369633206
2026-09-30T01:23:10.039 0.01065065544908764,-0.002692624944357719,-1.6779737068039964e-05,0.00011908210630103943,-5.072550453174505e-05,0.07295267350828945,0.9973353952780218
2026-09-30T01:23:10.101 0.01065113216784821,-0.0026926249383679665,-1.68549967109524e-05,0.00011917321691697614,-5.069891296476181e-05,0.07295218914859372,0.9973354306981139
2026-09-30T01:23:10.136 0.010650655470396625,-0.002692446130420673,-1.6764835954719554e-05,0.00011922898687643083,-5.076686210465815e-05,0.07295085545078103,0.9973355282432155
2026-09-30T01:23:10.196 0.010650655357097714,-0.0026928037583029665,-1.6839341609064853e-05,0.00011922454216240665,-5.078558004163694e-05,0.07294846381827676,0.9973357031776647
2026-09-30T01:23:10.237 0.010651132429263004,-0.002692803752272205,-1.6691084113454906e-05,0.0001189015267147267,-5.0820346127972913e-05,0.0729468771002097,0.9973358192710449
2026-09-30T01:23:10.303 0.010651609074340854,-0.002692565327711572,-1.6811047223068814e-05,0.00011899817202603625,-5.0819028347859266e-05,0.07294543161138292,0.9973359249841001
2026-09-30T01:23:10.344 0.010652086051514442,-0.0026925057170469756,-1.6722394307480747e-05,0.00011895070627074857,-5.0832312379556674e-05,0.07294429171024591,0.997336008361122
2026-09-30T01:23:10.406 0.010653039703329746,-0.0026926845189771775,-1.6738803280944438e-05,0.00011898690399678791,-5.077976372495968e-05,0.07294297292905444,0.9973361048131184
2026-09-30T01:23:10.443 0.010653516441147965,-0.002692326885116067,-1.6799161839784205e-05,0.0001188852302145353,-5.07499240337545e-05,0.07294190012598245,0.9973361832886434
2026-09-30T01:23:10.508 0.010653039723888286,-0.002692446100395361,-1.6723902177373276e-05,0.00011890350186918312,-5.079830654440261e-05,0.07294084212925446,0.9973362606618514
2026-09-30T01:23:10.558 0.010652086002892924,-0.002692386507762902,-1.6752196612115564e-05,0.00011898474390646716,-5.0837499333608046e-05,0.07293993309433186,0.9973363271326147
2026-09-30T01:23:10.606 0.010653039773260245,-0.002692624914324205,-1.669409986298921e-05,0.00011883016344714915,-5.0820272975153696e-05,0.07293937442307195,0.9973363680100426
2026-09-30T01:23:10.648 0.010653039745947711,-0.0026923268911030855,-1.6709001054303612e-05,0.00011897391375105441,-5.08450692334722e-05,0.07293918804494531,0.9973363816222343
2026-09-30T01:23:10.709 0.010652562791583994,-0.002692326897120177,-1.6782752837072768e-05,0.00011899552598200857,-5.082849840192408e-05,0.07293856217918118,0.9973364273923631
2026-09-30T01:23:10.746 0.010653039628146137,-0.002692326891116755,-1.6783506767144407e-05,0.00011887044017193904,-5.078985068141103e-05,0.07293820465024987,0.9973364535564755
2026-09-30T01:23:10.808 0.010653516533137893,-0.0026921480711708193,-1.673955729875932e-05,0.00011897904337811916,-5.082110928585091e-05,0.0729377351778882,0.9973364878757431
2026-09-30T01:23:10.848 0.010653516510328021,-0.002692207675818324,-1.6754458431578227e-05,0.00011892167994837631,-5.0818150639299226e-05,0.07293733289194353,0.9973365173028407
2026-09-30T01:23:10.907 0.010653993276209221,-0.0026922076698231035,-1.6799915789354343e-05,0.0001189841758798189,-5.079871867588053e-05,0.07293687835718703,0.9973365505373625
2026-09-30T01:23:10.945 0.010653993371951368,-0.002692326879101709,-1.674031119958321e-05,0.00011891050820278394,-5.074591831936268e-05,0.07293646863354883,0.9973365805125219
2026-09-30T01:23:11.010 0.010653993395511683,-0.002692326879098975,-1.672541005701505e-05,0.00011885036495588542,-5.079748993008959e-05,0.07293666239616527,0.9973365663469447
2026-09-30T01:23:11.047 0.010653039533154435,-0.00269226728648292,-1.6843111347166294e-05,0.00011886925655759147,-5.081456284845253e-05,0.07293611103834817,0.9973366066652631
2026-09-30T01:23:11.110 0.010654470208513511,-0.002692326873098287,-1.6741065129654848e-05,0.00011898298457145437,-5.0781074994127906e-05,0.07293654308204782,0.9973365750575742
2026-09-30T01:23:11.146 0.010653516345405819,-0.0026922076758374614,-1.685876642955534e-05,0.00011889506621020524,-5.0799999493082556e-05,0.07293696038400597,0.9973365445491633
2026-09-30T01:23:11.210 0.010653516463207393,-0.0026922076758237917,-1.6784260716714545e-05,0.00011897154888259044,-5.0797847030660464e-05,0.0729365132887743,0.9973365772369054
2026-09-30T01:23:11.253 0.010653993299769536,-0.0026922076698203696,-1.6785014646786184e-05,0.00011897462399909619,-5.0805413805493166e-05,0.07293656544040032,0.9973365734222359
2026-09-30T01:23:11.325 0.010652085928459759,-0.0026920884845472504,-1.6796900088566285e-05,0.0001189821624080958,-5.0802619365983515e-05,0.07293667719313328,0.997336565248845
2026-09-30T01:23:11.372 0.010653039558966083,-0.0026924461004144986,-1.682821017535039e-05,0.00011898033903854943,-5.075215196850594e-05,0.07293704227296426,0.9973365385527444
2026-09-30T01:23:11.429 0.010654470279194455,-0.002692326873090085,-1.669636170195037e-05,0.00011901451551267496,-5.0804635903625164e-05,0.07293783945795566,0.99733648024608
2026-09-30T01:23:11.466 0.01065351655894954,-0.0026923268851023973,-1.672465612694341e-05,0.00011895071111670037,-5.0786534864350934e-05,0.07293754148521675,0.997336502046099
2026-09-30T01:23:11.524 0.010653516533137893,-0.0026921480711708193,-1.673955729875932e-05,0.0001190568993626801,-5.077663881182073e-05,0.07293756375300518,0.9973365004054369
2026-09-30T01:23:11.565 0.010653993327082072,-0.002692505693041489,-1.677011345547178e-05,0.00011891411373595454,-5.08283364557736e-05,0.07293748190951445,0.9973365064052419
2026-09-30T01:23:11.627 0.010653516439647077,-0.0026922076758265257,-1.6799161859282704e-05,0.00011889977601134312,-5.076849858598855e-05,0.07293761603127678,0.9973364966013611
2026-09-30T01:23:11.667 0.010653516441147965,-0.002692326885116067,-1.6799161839784205e-05,0.00011884278978373465,-5.078875605278808e-05,0.0729373925589446,0.9973365129501657
2026-09-30T01:23:11.730 0.010653039508093232,-0.002692148077196113,-1.685801250923295e-05,0.00011901983978409955,-5.077217557119834e-05,0.07293693048304571,0.9973365467224067
2026-09-30T01:23:11.766 0.010654470209263956,-0.002692386477743058,-1.67410651199056e-05,0.0001189801319857668,-5.0772576980138764e-05,0.07293646857850851,0.9973365805068868
2026-09-30T01:23:11.827 0.010653516374219242,-0.002692624908348122,-1.6843865218742438e-05,0.0001188857442313797,-5.078215155370042e-05,0.07293547772605535,0.9973366529794365
2026-09-30T01:23:11.864 0.010653993349141497,-0.002692386483749214,-1.675521233240212e-05,0.00011902598889556103,-5.0800661435522945e-05,0.07293528390011747,0.9973366671362865
2026-09-30T01:23:11.938 0.01065303953240399,-0.0026922076818381496,-1.684311135691554e-05,0.00011898143755222522,-5.077679584865855e-05,0.07293547765040481,0.99733665297383
2026-09-30T01:23:11.965 0.010654946949333508,-0.002692207657816259,-1.680142364949762e-05,0.00011895666592352245,-5.077730890125021e-05,0.07293624507967533,0.9973365968541684
2026-09-30T01:23:12.023 0.010653993372701813,-0.00269238648374648,-1.674031118983396e-05,0.00011895264243743342,-5.086008395936671e-05,0.07293525415579047,0.9973366693172125
2026-09-30T01:23:12.068 0.010653993511061926,-0.0026921480651509932,-1.6650904373422008e-05,0.00011896404040643999,-5.086477366952286e-05,0.07293288486250114,0.9973368425792587
2026-09-30T01:23:12.117 0.010654470064900293,-0.0026921480591803786,-1.683047201431155e-05,0.00011888588421256369,-5.0845550440402594e-05,0.07293004625349676,0.9973370501662612
2026-09-30T01:23:12.156 0.010655900622457793,-0.002692207645809415,-1.6802931509640903e-05,0.00011893374477512823,-5.078034320913534e-05,0.07292699147806227,0.9973372735389366
2026-09-30T01:23:12.218 0.010656377455267716,-0.00269190961658214,-1.680368548845879e-05,0.0001189234636428145,-5.073149240767771e-05,0.07292401125438738,0.9973374914571774
2026-09-30T01:23:12.256 0.010656854363261248,-0.002691969215215287,-1.67597359810767e-05,0.00011892561033140884,-5.080312523659532e-05,0.07292051693091434,0.9973377469474771
2026-09-30T01:23:12.320 0.010657808057694517,-0.0026917903892713963,-1.674634272789957e-05,0.00011898746079269995,-5.08014703068698e-05,0.07291806564136227,0.9973379261636032
2026-09-30T01:23:12.356 0.01065780795820015,-0.0026913731567689376,-1.680594736641695e-05,0.00011894382778643361,-5.076982887261772e-05,0.07291618812982112,0.9973380634385749
2026-09-30T01:23:12.431 0.010658284843383811,-0.002691492360049589,-1.677689899185377e-05,0.00011897297867925308,-5.0783430900740157e-05,0.07291418390089176,0.9973382099631701
2026-09-30T01:23:12.473 0.010659238420765951,-0.002691373138764139,-1.6838011441768184e-05,0.00011894765297410388,-5.076791215946547e-05,0.0729124926393671,0.9973383336116131
2026-09-30T01:23:12.538 0.01065971530369828,-0.002691313528110479,-1.6808963096452756e-05,0.00011895225934839455,-5.0796098573813106e-05,0.07291094291519268,0.9973384469042261
2026-09-30T01:23:12.572 0.010660192119701883,-0.002691551940688873,-1.6824618130095557e-05,0.00011906762385787766,-5.074857132503764e-05,0.07290963897257477,0.9973385422174219
2026-09-30T01:23:12.634 0.01066019223450168,-0.002691313522096121,-1.675011245625176e-05,0.00011887845525143755,-5.081620236045403e-05,0.07290947520937914,0.9973385542083086
2026-09-30T01:23:12.670 0.010659715374379224,-0.002691313528102277,-1.676425966874828e-05,0.00011895067993946345,-5.072925080831513e-05,0.07290867048968887,0.9973386130320558
2026-09-30T01:23:12.735 0.010659715281638853,-0.002691432737402754,-1.6823864219522417e-05,0.00011888918432443635,-5.075795686042156e-05,0.0729083427128081,0.9973386369994213
2026-09-30T01:23:12.777 0.010659715397939539,-0.002691313528099543,-1.674935852618012e-05,0.00011888529817930564,-5.08045238436741e-05,0.07290811919850146,0.9973386533370314
2026-09-30T01:23:12.847 0.01065876162832266,-0.0026911347261830104,-1.680745526555722e-05,0.00011884870399511092,-5.074474607809016e-05,0.07290779140192853,0.997338677307187
2026-09-30T01:23:12.883 0.010660192188131495,-0.0026913731267463594,-1.677991473163883e-05,0.00011896115184335225,-5.0781367215952044e-05,0.07290747838869459,0.9973387001738673
2026-09-30T01:23:12.945 0.010660668954763138,-0.0026914327253959097,-1.6825372079665695e-05,0.0001189143592499196,-5.0727226269901095e-05,0.07290750077742127,0.9973386985455412
2026-09-30T01:23:12.991 0.010660668974571233,-0.0026911347021693222,-1.681047098584378e-05,0.00011904321428383524,-5.0768336836323366e-05,0.0729073218616509,0.9973387116071705
2026-09-30T01:23:13.046 0.01066019223450168,-0.002691313522096121,-1.675011245625176e-05,0.0001189213787132094,-5.07433028166382e-05,0.07290665140580871,0.9973387606343267
2026-09-30T01:23:13.085 0.010660192186630607,-0.002691253917456818,-1.677991475113733e-05,0.00011890603890832742,-5.071566440678714e-05,0.07290610752563145,0.9973388003957012
2026-09-30T01:23:13.148 0.010660669071063824,-0.002691313516092699,-1.67508663863234e-05,0.00011894793406943391,-5.077835391044617e-05,0.07290607023961998,0.9973388031131464
2026-09-30T01:23:13.182 0.010661145931186283,-0.0026913135100865427,-1.673671917382688e-05,0.0001189472348931678,-5.0799490232301814e-05,0.07290636081277525,0.9973387818710373
2026-09-30T01:23:13.246 0.01066019216081896,-0.00269107510352524,-1.6794815922953234e-05,0.0001189311813146308,-5.080199320492916e-05,0.07290637572662474,0.9973387807826084
2026-09-30T01:23:13.283 0.010661145744955096,-0.002691492324042726,-1.6855928285124404e-05,0.0001189418776076121,-5.078599635746551e-05,0.0729057796718069,0.99733882435412
2026-09-30T01:23:13.345 0.010660668811149918,-0.0026912539114780014,-1.6914778964322398e-05,0.0001189055235414637,-5.072505328049795e-05,0.07290575734880501,0.9973388259933745
2026-09-30T01:23:13.385 0.010660192118951438,-0.0026914923360441025,-1.6824618139844808e-05,0.00011883988461033341,-5.077435666361102e-05,0.07290546682809977,0.9973388472357945
2026-09-30T01:23:13.449 0.010660192210941366,-0.002691313522098855,-1.676501359881992e-05,0.00011893434365288354,-5.080809855270092e-05,0.07290595104109512,0.9973388118267295
2026-09-30T01:23:13.490 0.010660669023943196,-0.0026913135160981667,-1.6780668671459717e-05,0.00011898741409129885,-5.0747562274531474e-05,0.07290595099913348,0.9973388118265488
2026-09-30T01:23:13.548 0.01066019235155281,-0.0026912539174376807,-1.667560675316022e-05,0.0001189240815092196,-5.080344209132582e-05,0.07290592869746836,0.9973388134615201
2026-09-30T01:23:13.599 0.010659715187397596,-0.0026914327374136897,-1.6883468789795053e-05,0.00011886754887760081,-5.075008407615588e-05,0.07290542210274958,0.9973388505031551
2026-09-30T01:23:13.649 0.010661145790574837,-0.002691373114747717,-1.6826126019486585e-05,0.00011900113428388647,-5.074873558416497e-05,0.07290563806394812,0.9973388347005167
2026-09-30T01:23:13.690 0.010661622625636092,-0.0026912538994547535,-1.6826879969056723e-05,0.00011891392164504758,-5.0750589138047524e-05,0.07290605536534518,0.9973388042059339
2026-09-30T01:23:13.750 0.010660668951010917,-0.002691134702172056,-1.682537212841194e-05,0.00011887902086007238,-5.082150340896836e-05,0.07290577972150399,0.9973388243561727
2026-09-30T01:23:13.786 0.010659238442825377,-0.002691253929471864,-1.6823110318698524e-05,0.00011891424277082743,-5.083617236158822e-05,0.07290555617627531,0.9973388406924271
2026-09-30T01:23:13.851 0.010661146050488745,-0.002691432719362414,-1.666221344148759e-05,0.00011891528386352147,-5.083696841299222e-05,0.07290627888166225,0.9973387878621723
2026-09-30T01:23:13.888 0.010660192068078589,-0.0026911943128257168,-1.685442047372737e-05,0.00011894786492101025,-5.072538184613459e-05,0.07290688980341548,0.9973387432049021
2026-09-30T01:23:13.949 0.01065923853781708,-0.0026913135341056988,-1.6763505738676637e-05,0.0001189881022217132,-5.073254246257172e-05,0.07290653959436694,0.9973387688004591
2026-09-30T01:23:13.992 0.010660668931202825,-0.0026914327253986436,-1.6840273222233854e-05,0.00011887955578547383,-5.0777545984101434e-05,0.0729064651743905,0.9973387742512909
2026-09-30T01:23:14.056 0.01066066909312325,-0.0026911943068004232,-1.6735965263253738e-05,0.00011888767106952843,-5.0755875623980364e-05,0.0729067184876746,0.997338755733939
2026-09-30T01:23:14.095 0.010660669143996099,-0.002691492330018809,-1.6706162929371176e-05,0.00011896813164653175,-5.075763098595021e-05,0.07290630119161559,0.9973387862290346
2026-09-30T01:23:14.156 0.010659715351569354,-0.0026913731327497816,-1.677916080156719e-05,0.00011891491467691289,-5.079703743768583e-05,0.0729064204429612,0.9973387775159944
2026-09-30T01:23:14.194 0.010660669118184455,-0.002691313516087231,-1.672106410118708e-05,0.00011887643906357566,-5.0796164848971685e-05,0.07290634596758343,0.9973387829648444
2026-09-30T01:23:14.258 0.010659715328009038,-0.0026913731327525155,-1.679406194413535e-05,0.00011881896108208792,-5.072277544633486e-05,0.07290581702187236,0.9973388216416865
2026-09-30T01:23:14.293 0.01066066888333175,-0.002691373120759341,-1.6870075517119423e-05,0.00011882054341060521,-5.073006190888727e-05,0.07290516882020598,0.9973388690246844
2026-09-30T01:23:14.370 0.010661145980558243,-0.0026914923240153868,-1.6706916859442815e-05,0.00011900804252128034,-5.077267070019842e-05,0.07290464713141608,0.9973389071353155
2026-09-30T01:23:14.405 0.010660668974571233,-0.0026911347021693222,-1.681047098584378e-05,0.00011897006020206243,-5.073268124515609e-05,0.0729049228328827,0.9973388869882951
2026-09-30T01:23:14.466 0.010660669093873695,-0.0026912539114451943,-1.673596525350449e-05,0.00011889134983408753,-5.0801008519166665e-05,0.07290516876423592,0.9973388690167263
2026-09-30T01:23:14.508 0.01066114586050534,-0.0026913135100947445,-1.6781422601531356e-05,0.00011876106857314529,-5.0777376500131654e-05,0.07290531042823627,0.9973388586778463
2026-09-30T01:23:14.569 0.010660669093873695,-0.0026912539114451943,-1.673596525350449e-05,0.0001188209881340801,-5.079559471643235e-05,0.07290541468898423,0.9973388510483323
2026-09-30T01:23:14.610 0.010659238606246693,-0.0026911347201631847,-1.6718802340219906e-05,0.00011887899976964935,-5.084093912190395e-05,0.07290514642226499,0.9973388706493548
2026-09-30T01:23:14.672 0.010661622722128684,-0.0026914327133781297,-1.6767275369536337e-05,0.00011892680961638116,-5.0788560649518715e-05,0.07290497502113323,0.9973388831756757
2026-09-30T01:23:14.709 0.010662099390016404,-0.0026911346841699915,-1.6872337346331334e-05,0.00011892556843233575,-5.0763696045920345e-05,0.07290547421093986,0.997338846686438
2026-09-30T01:23:14.773 0.010660668999632436,-0.00269125391145613,-1.6795569823777127e-05,0.00011893195767588699,-5.081854661994326e-05,0.07290470679620484,0.9973389027806066
2026-09-30T01:23:14.810 0.010660192186630607,-0.002691253917456818,-1.677991475113733e-05,0.00011885621199992178,-5.0748282741537515e-05,0.07290462489970667,0.9973389087797817
2026-09-30T01:23:14.872 0.010660668998131548,-0.0026911347021665883,-1.6795569843275622e-05,0.00011880298896529912,-5.075142470293828e-05,0.07290504217423285,0.9973388782834629
2026-09-30T01:23:14.914 0.010661145857503562,-0.0026910750915156616,-1.6781422640528353e-05,0.00011893059484764543,-5.077936240222579e-05,0.07290534754711547,0.9973388559441592
2026-09-30T01:23:14.981 0.010661622626386537,-0.002691313504099524,-1.6826879959307472e-05,0.0001189531404796781,-5.074972669086298e-05,0.07290530282581323,0.9973388592120995
2026-09-30T01:23:15.014 0.010660192137258644,-0.0026910751035279738,-1.6809717065521393e-05,0.00011885708105712857,-5.075543116279082e-05,0.07290542956160453,0.9973388499588886
2026-09-30T01:23:15.077 0.010660669095374583,-0.0026913731207347355,-1.6735965234005992e-05,0.00011896332366319246,-5.078319522478816e-05,0.07290551143399118,0.9973388439599367
2026-09-30T01:23:15.123 0.010661145980558243,-0.0026914923240153868,-1.6706916859442815e-05,0.00011899501432141723,-5.081147356136262e-05,0.07290612235646002,0.9973387992960695
2026-09-30T01:23:15.177 0.01066066899663066,-0.002691015492877047,-1.679556986277412e-05,0.00011891085333659308,-5.079844297920699e-05,0.07290629378631931,0.9973387867751209
2026-09-30T01:23:15.215 0.010660668906141622,-0.0026913135161118363,-1.685517438430051e-05,0.00011890583586270345,-5.0810095479978615e-05,0.07290553383118051,0.9973388423281864
2026-09-30T01:23:15.278 0.0106601920665777,-0.0026910751035361755,-1.685442049322587e-05,0.00011887870594722077,-5.080718473042496e-05,0.07290567541363654,0.997338831981872
2026-09-30T01:23:15.322 0.010660668905391177,-0.0026912539114670657,-1.6855174394049762e-05,0.00011884535595033892,-5.0728772506902366e-05,0.07290533271333903,0.9973388570412417
2026-09-30T01:23:15.380 0.010661145883315208,-0.00269125390544724,-1.6766521468712448e-05,0.00011901977640988344,-5.080939697967965e-05,0.07290534747661413,0.9973388559371444
2026-09-30T01:23:15.419 0.010661622743437666,-0.002691253899441084,-1.6752374256215928e-05,0.0001189845566158771,-5.077551258983804e-05,0.07290527299866112,0.9973388613873989
2026-09-30T01:23:15.481 0.010661145742703765,-0.002691313510108414,-1.685592831437215e-05,0.00011892766900916216,-5.075159910708779e-05,0.07290489306407895,0.9973388891684711
2026-09-30T01:23:15.521 0.010661622742687222,-0.002691194294796313,-1.6752374265965175e-05,0.00011908931293468391,-5.078670732898902e-05,0.07290437139572832,0.9973389272809117
2026-09-30T01:23:15.583 0.010660668905391177,-0.0026912539114670657,-1.6855174394049762e-05,0.00011893247453383484,-5.080591643927476e-05,0.07290447582783184,0.997338919664772
2026-09-30T01:23:15.626 0.010659715231516447,-0.002691194318829139,-1.6853666543655732e-05,0.0001189391195176903,-5.07613868772976e-05,0.07290465463648356,0.9973389065954975
2026-09-30T01:23:15.689 0.010661145861255782,-0.002691373114739515,-1.6781422591782108e-05,0.00011896751479876033,-5.081509414611285e-05,0.07290520595692111,0.9973388662881516
2026-09-30T01:23:15.737 0.010661622813368165,-0.002691194294788111,-1.67076708382607e-05,0.00011900292893209666,-5.077800409152443e-05,0.07290612980077803,0.9973387987526452
2026-09-30T01:23:15.791 0.010660191996647202,-0.002691134708189148,-1.6899123911181095e-05,0.00011885703115081663,-5.0744660739382953e-05,0.07290595855278666,0.9973388112900675
2026-09-30T01:23:15.844 0.010659715305199168,-0.00269143273740002,-1.6808963076954258e-05,0.00011883987501123035,-5.075362672110099e-05,0.07290545937752478,0.9973388477814877
2026-09-30T01:23:15.903 0.010661145838445912,-0.0026914327193870197,-1.6796323724601016e-05,0.00011897592799370821,-5.0785123878845376e-05,0.07290555612750564,0.9973388406912361
2026-09-30T01:23:15.947 0.010661145883315208,-0.00269125390544724,-1.6766521468712448e-05,0.00011898573793692301,-5.0844613068017904e-05,0.07290528044831378,0.9973388608391694
2026-09-30T01:23:16.003 0.01066066888333175,-0.002691373120759341,-1.6870075517119423e-05,0.00011892348881712148,-5.070504209973268e-05,0.0729046248465171,0.9973389087778493
2026-09-30T01:23:16.043 0.010660668954012693,-0.002691373120751139,-1.6825372089414946e-05,0.00011896482716651757,-5.082944133165619e-05,0.07290417032849864,0.9973389419913629
2026-09-30T01:23:16.101 0.010661145833943246,-0.0026910750915183955,-1.6796323783096512e-05,0.00011889177324983554,-5.0818375171379566e-05,0.07290393941828605,0.9973389588798454
2026-09-30T01:23:16.144 0.010661145764012748,-0.002691134696171368,-1.6841027201051738e-05,0.00011882043917606971,-5.0790862118736704e-05,0.07290325402136248,0.9973390089909691
2026-09-30T01:23:16.205 0.010661622717626018,-0.0026910750855095055,-1.6767275428031833e-05,0.00011890678699076473,-5.0776874703959054e-05,0.0729034998222231,0.9973389910138659
2026-09-30T01:23:16.241 0.010660669092372807,-0.0026911347021556526,-1.6735965273002986e-05,0.00011904630098000014,-5.081057584939847e-05,0.0729035518659874,0.9973389871912092
2026-09-30T01:23:16.301 0.010660192188131495,-0.0026913731267463594,-1.677991473163883e-05,0.00011886774538599248,-5.0780548580779976e-05,0.07290389473380082,0.997338962151002
2026-09-30T01:23:16.339 0.010660192255810663,-0.0026911347081590748,-1.6735211342931347e-05,0.0001188741242691743,-5.082558364721645e-05,0.0729042896094744,0.9973389332830843
2026-09-30T01:23:16.398 0.010660192235252124,-0.0026913731267408916,-1.6750112446502512e-05,0.00011887990705416905,-5.085171793233125e-05,0.07290452802345045,0.9973389158532562
2026-09-30T01:23:16.439 0.01066066909312325,-0.0026911943068004232,-1.6735965263253738e-05,0.00011894361441629019,-5.0789200629248144e-05,0.07290502716190515,0.9973388793621732
2026-09-30T01:23:16.499 0.010661145859754894,-0.002691253905449974,-1.6781422611280607e-05,0.00011892770934747242,-5.0767072982065483e-05,0.07290523579070325,0.9973388641145026
2026-09-30T01:23:16.538 0.01066114592893495,-0.0026911346961522305,-1.6736719203074625e-05,0.00011900940503090295,-5.077027405762718e-05,0.07290519102264197,0.9973388673771282
