2026-09-29T20:24:40.559 0.0,0.0,0.0,0.0,0.0,-0.16
2026-09-29T20:24:40.607 0.0,0.0,0.0,0.0,0.0,-0.32
2026-09-29T20:24:40.656 0.0,0.0,0.0,0.0,0.0,-0.48
2026-09-29T20:24:40.698 0.0,0.0,0.0,0.0,0.0,-0.64
2026-09-29T20:24:40.746 0.0,0.0,0.0,0.0,0.0,-0.7
2026-09-29T20:24:40.796 0.0,0.0,0.0,0.0,0.0,-0.7
2026-09-29T20:24:40.846 0.0,0.0,0.0,0.0,0.0,-0.7
2026-09-29T20:24:40.906 0.0,0.0,0.0,0.0,0.0,-0.7
2026-09-29T20:24:40.946 0.0,0.0,0.0,0.0,0.0,-0.7
2026-09-29T20:24:40.996 0.0,0.0,0.0,0.0,0.0,-0.7
2026-09-29T20:24:41.046 0.0,0.0,0.0,0.0,0.0,-0.7
2026-09-29T20:24:41.096 0.0,0.0,0.0,0.0,0.0,-0.7
2026-09-29T20:24:41.146 0.0,0.0,0.0,0.0,0.0,-0.7
2026-09-29T20:24:41.196 0.0,0.0,0.0,0.0,0.0,-0.7
2026-09-29T20:24:41.246 0.0,0.0,0.0,0.0,0.0,-0.7
2026-09-29T20:24:41.296 0.0,0.0,0.0,0.0,0.0,-0.7
2026-09-29T20:24:41.346 0.0,0.0,0.0,0.0,0.0,-0.7
2026-09-29T20:24:41.396 0.0,0.0,0.0,0.0,0.0,-0.7
2026-09-29T20:24:41.446 0.0,0.0,0.0,0.0,0.0,-0.7
2026-09-29T20:24:41.496 0.0,0.0,0.0,0.0,0.0,-0.7
2026-09-29T20:24:41.545 0.0,0.0,0.0,0.0,0.0,-0.7
2026-09-29T20:24:41.596 0.0,0.0,0.0,0.0,0.0,-0.7
2026-09-29T20:24:41.646 0.0,0.0,0.0,0.0,0.0,-0.7
2026-09-29T20:24:41.696 0.0,0.0,0.0,0.0,0.0,-0.7
2026-09-29T20:24:41.746 0.0,0.0,0.0,0.0,0.0,-0.7
2026-09-29T20:24:41.796 0.0,0.0,0.0,0.0,0.0,-0.7
2026-09-29T20:24:41.846 0.0,0.0,0.0,0.0,0.0,-0.7
2026-09-29T20:24:41.896 0.0,0.0,0.0,0.0,0.0,-0.7
2026-09-29T20:24:41.946 0.0,0.0,0.0,0.0,0.0,-0.7
2026-09-29T20:24:41.996 0.0,0.0,0.0,0.0,0.0,-0.7
2026-09-29T20:24:42.046 0.0,0.0,0.0,0.0,0.0,-0.7
2026-09-29T20:24:42.096 0.0,0.0,0.0,0.0,0.0,-0.7
2026-09-29T20:24:42.148 0.0,0.0,0.0,0.0,0.0,-0.7
2026-09-29T20:24:42.196 0.0,0.0,0.0,0.0,0.0,-0.7
2026-09-29T20:24:42.246 0.0,0.0,0.0,0.0,0.0,-0.7
2026-09-29T20:24:42.296 0.0,0.0,0.0,0.0,0.0,-0.7
2026-09-29T20:24:42.346 0.0,0.0,0.0,0.0,0.0,-0.7
2026-09-29T20:24:42.406 0.0,0.0,0.0,0.0,0.0,-0.7
2026-09-29T20:24:42.446 0.0,0.0,0.0,0.0,0.0,-0.7
2026-09-29T20:24:42.496 0.0,0.0,0.0,0.0,0.0,-0.7
2026-09-29T20:24:42.546 0.0,0.0,0.0,0.0,0.0,-0.7
2026-09-29T20:24:42.596 0.0,0.0,0.0,0.0,0.0,-0.7
2026-09-29T20:24:42.646 0.0,0.0,0.0,0.0,0.0,-0.7
2026-09-29T20:24:42.696 0.0,0.0,0.0,0.0,0.0,-0.6263157894736842
2026-09-29T20:24:42.746 0.0,0.0,0.0,0.0,0.0,-0.6263157894736842
2026-09-29T20:24:42.796 0.0,0.0,0.0,0.0,0.0,-0.6263157894736842
2026-09-29T20:24:42.846 0.0,0.0,0.0,0.0,0.0,-0.6263157894736842
2026-09-29T20:24:42.896 0.0,0.0,0.0,0.0,0.0,-0.6263157894736842
2026-09-29T20:24:42.947 0.0,0.0,0.0,0.0,0.0,-0.6263157894736842
2026-09-29T20:24:42.996 0.0,0.0,0.0,0.0,0.0,-0.6263157894736842
2026-09-29T20:24:43.046 0.0,0.0,0.0,0.0,0.0,-0.6263157894736842
2026-09-29T20:24:43.096 0.0,0.0,0.0,0.0,0.0,-0.6263157894736842
2026-09-29T20:24:43.146 0.0,0.0,0.0,0.0,0.0,-0.6263157894736842
2026-09-29T20:24:43.196 0.0,0.0,0.0,0.0,0.0,-0.6263157894736842
2026-09-29T20:24:43.256 0.0,0.0,0.0,0.0,0.0,-0.6263157894736842
2026-09-29T20:24:43.306 0.0,0.0,0.0,0.0,0.0,-0.6263157894736842
2026-09-29T20:24:43.356 0.0,0.0,0.0,0.0,0.0,-0.5526315789473684
2026-09-29T20:24:43.396 0.0,0.0,0.0,0.0,0.0,-0.5526315789473684
2026-09-29T20:24:43.446 0.0,0.0,0.0,0.0,0.0,-0.5526315789473684
2026-09-29T20:24:43.496 0.0,0.0,0.0,0.0,0.0,-0.5526315789473684
2026-09-29T20:24:43.546 0.0,0.0,0.0,0.0,0.0,-0.5526315789473684
2026-09-29T20:24:43.596 0.0,0.0,0.0,0.0,0.0,-0.5526315789473684
2026-09-29T20:24:43.646 0.0,0.0,0.0,0.0,0.0,-0.5526315789473684
2026-09-29T20:24:43.696 0.0,0.0,0.0,0.0,0.0,-0.7
2026-09-29T20:24:43.746 0.0,0.0,0.0,0.0,0.0,-0.7
2026-09-29T20:24:43.797 0.0,0.0,0.0,0.0,0.0,-0.7
2026-09-29T20:24:43.846 0.0,0.0,0.0,0.0,0.0,-0.7
2026-09-29T20:24:43.896 0.0,0.0,0.0,0.0,0.0,-0.7
2026-09-29T20:24:43.946 0.0,0.0,0.0,0.0,0.0,-0.7
2026-09-29T20:24:43.996 0.0,0.0,0.0,0.0,0.0,-0.7
2026-09-29T20:24:44.046 0.0,0.0,0.0,0.0,0.0,-0.7
2026-09-29T20:24:44.095 0.0,0.0,0.0,0.0,0.0,-0.7
2026-09-29T20:24:44.146 0.0,0.0,0.0,0.0,0.0,-0.7
2026-09-29T20:24:44.196 0.0,0.0,0.0,0.0,0.0,-0.7
2026-09-29T20:24:44.246 0.0,0.0,0.0,0.0,0.0,-0.7
2026-09-29T20:24:44.296 0.0,0.0,0.0,0.0,0.0,-0.7
2026-09-29T20:24:44.346 0.0,0.0,0.0,0.0,0.0,-0.7
2026-09-29T20:24:44.396 0.0,0.0,0.0,0.0,0.0,-0.7
2026-09-29T20:24:44.445 0.0,0.0,0.0,0.0,0.0,-0.7
2026-09-29T20:24:44.498 0.0,0.0,0.0,0.0,0.0,-0.7
2026-09-29T20:24:44.548 0.0,0.0,0.0,0.0,0.0,-0.7
2026-09-29T20:24:44.597 0.0,0.0,0.0,0.0,0.0,-0.7
2026-09-29T20:24:44.645 0.0,0.0,0.0,0.0,0.0,-0.7
2026-09-29T20:24:44.696 0.0,0.0,0.0,0.0,0.0,-0.7
2026-09-29T20:24:44.746 0.0,0.0,0.0,0.0,0.0,-0.7
2026-09-29T20:24:44.796 0.0,0.0,0.0,0.0,0.0,-0.7
2026-09-29T20:24:44.846 0.0,0.0,0.0,0.0,0.0,-0.7
2026-09-29T20:24:44.896 0.0,0.0,0.0,0.0,0.0,-0.7
2026-09-29T20:24:44.946 0.0,0.0,0.0,0.0,0.0,-0.7
2026-09-29T20:24:44.996 0.0,0.0,0.0,0.0,0.0,-0.7
2026-09-29T20:24:45.046 0.0,0.0,0.0,0.0,0.0,-0.7
2026-09-29T20:24:45.096 0.0,0.0,0.0,0.0,0.0,-0.7
2026-09-29T20:24:45.145 0.0,0.0,0.0,0.0,0.0,-0.7
2026-09-29T20:24:45.196 0.0,0.0,0.0,0.0,0.0,-0.7
2026-09-29T20:24:45.246 0.0,0.0,0.0,0.0,0.0,-0.7
2026-09-29T20:24:45.296 0.0,0.0,0.0,0.0,0.0,-0.7
2026-09-29T20:24:45.345 0.0,0.0,0.0,0.0,0.0,-0.7
2026-09-29T20:24:45.397 0.0,0.0,0.0,0.0,0.0,-0.7
2026-09-29T20:24:45.445 0.0,0.0,0.0,0.0,0.0,-0.7
2026-09-29T20:24:45.498 0.0,0.0,0.0,0.0,0.0,-0.7
2026-09-29T20:24:45.548 0.0,0.0,0.0,0.0,0.0,-0.7
2026-09-29T20:24:45.596 0.0,0.0,0.0,0.0,0.0,-0.7
2026-09-29T20:24:45.646 0.0,0.0,0.0,0.0,0.0,-0.7
2026-09-29T20:24:45.696 0.0,0.0,0.0,0.0,0.0,-0.7
2026-09-29T20:24:45.745 0.0,0.0,0.0,0.0,0.0,-0.7
2026-09-29T20:24:45.796 0.0,0.0,0.0,0.0,0.0,-0.7
2026-09-29T20:24:45.845 0.0,0.0,0.0,0.0,0.0,-0.7
2026-09-29T20:24:45.896 0.0,0.0,0.0,0.0,0.0,-0.7
2026-09-29T20:24:45.946 0.0,0.0,0.0,0.0,0.0,-0.7
2026-09-29T20:24:46.006 0.0,0.0,0.0,0.0,0.0,-0.7
2026-09-29T20:24:46.046 0.0,0.0,0.0,0.0,0.0,-0.7
2026-09-29T20:24:46.096 0.0,0.0,0.0,0.0,0.0,-0.7
2026-09-29T20:24:46.145 0.0,0.0,0.0,0.0,0.0,-0.7
2026-09-29T20:24:46.196 0.0,0.0,0.0,0.0,0.0,-0.7
2026-09-29T20:24:46.246 0.0,0.0,0.0,0.0,0.0,-0.7
2026-09-29T20:24:46.296 0.0,0.0,0.0,0.0,0.0,-0.7
2026-09-29T20:24:46.346 0.0,0.0,0.0,0.0,0.0,-0.7
2026-09-29T20:24:46.395 0.0,0.0,0.0,0.0,0.0,-0.7
2026-09-29T20:24:46.445 0.0,0.0,0.0,0.0,0.0,-0.7
2026-09-29T20:24:46.496 0.0,0.0,0.0,0.0,0.0,-0.7
2026-09-29T20:24:46.546 0.0,0.0,0.0,0.0,0.0,-0.7
2026-09-29T20:24:46.597 0.0,0.0,0.0,0.0,0.0,-0.7
2026-09-29T20:24:46.646 0.0,0.0,0.0,0.0,0.0,-0.7
2026-09-29T20:24:46.696 0.0,0.0,0.0,0.0,0.0,-0.7
2026-09-29T20:24:46.746 0.0,0.0,0.0,0.0,0.0,-0.7
2026-09-29T20:24:46.796 0.0,0.0,0.0,0.0,0.0,-0.7
2026-09-29T20:24:46.846 0.0,0.0,0.0,0.0,0.0,-0.7
2026-09-29T20:24:46.898 0.0,0.0,0.0,0.0,0.0,-0.7
2026-09-29T20:24:46.946 0.0,0.0,0.0,0.0,0.0,-0.7
2026-09-29T20:24:47.007 0.0,0.0,0.0,0.0,0.0,-0.7
2026-09-29T20:24:47.045 0.0,0.0,0.0,0.0,0.0,-0.7
2026-09-29T20:24:47.096 0.0,0.0,0.0,0.0,0.0,-0.7
2026-09-29T20:24:47.146 0.0,0.0,0.0,0.0,0.0,-0.7
2026-09-29T20:24:47.196 0.0,0.0,0.0,0.0,0.0,-0.7
2026-09-29T20:24:47.245 0.0,0.0,0.0,0.0,0.0,-0.7
2026-09-29T20:24:47.296 0.0,0.0,0.0,0.0,0.0,-0.7
2026-09-29T20:24:47.346 0.0,0.0,0.0,0.0,0.0,-0.7
2026-09-29T20:24:47.396 0.0,0.0,0.0,0.0,0.0,-0.7
2026-09-29T20:24:47.446 0.0,0.0,0.0,0.0,0.0,-0.7
2026-09-29T20:24:47.496 0.0,0.0,0.0,0.0,0.0,-0.7
2026-09-29T20:24:47.545 0.0,0.0,0.0,0.0,0.0,-0.7
2026-09-29T20:24:47.596 0.0,0.0,0.0,0.0,0.0,-0.7
2026-09-29T20:24:47.646 0.0,0.0,0.0,0.0,0.0,-0.7
2026-09-29T20:24:47.696 0.0,0.0,0.0,0.0,0.0,-0.7
2026-09-29T20:24:47.746 0.0,0.0,0.0,0.0,0.0,-0.7
2026-09-29T20:24:47.806 0.0,0.0,0.0,0.0,0.0,-0.7
2026-09-29T20:24:47.846 0.0,0.0,0.0,0.0,0.0,-0.7
2026-09-29T20:24:47.896 0.0,0.0,0.0,0.0,0.0,-0.7
2026-09-29T20:24:47.946 0.0,0.0,0.0,0.0,0.0,-0.7
2026-09-29T20:24:47.996 0.0,0.0,0.0,0.0,0.0,-0.7
2026-09-29T20:24:48.046 0.0,0.0,0.0,0.0,0.0,-0.7
2026-09-29T20:24:48.096 0.0,0.0,0.0,0.0,0.0,-0.7
2026-09-29T20:24:48.146 0.0,0.0,0.0,0.0,0.0,-0.7
2026-09-29T20:24:48.195 0.0,0.0,0.0,0.0,0.0,-0.7
2026-09-29T20:24:48.246 0.0,0.0,0.0,0.0,0.0,-0.7
2026-09-29T20:24:48.296 0.0,0.0,0.0,0.0,0.0,-0.7
2026-09-29T20:24:48.346 0.0,0.0,0.0,0.0,0.0,-0.7
2026-09-29T20:24:48.396 0.0,0.0,0.0,0.0,0.0,-0.7
2026-09-29T20:24:48.446 0.0,0.0,0.0,0.0,0.0,-0.7
2026-09-29T20:24:48.496 0.0,0.0,0.0,0.0,0.0,-0.7
2026-09-29T20:24:48.546 0.0,0.0,0.0,0.0,0.0,-0.7
2026-09-29T20:24:48.596 0.0,0.0,0.0,0.0,0.0,-0.7
2026-09-29T20:24:48.646 0.0,0.0,0.0,0.0,0.0,-0.7
2026-09-29T20:24:48.695 0.0,0.0,0.0,0.0,0.0,-0.7
2026-09-29T20:24:48.747 0.0,0.0,0.0,0.0,0.0,-0.7
2026-09-29T20:24:48.796 0.0,0.0,0.0,0.0,0.0,-0.7
2026-09-29T20:24:48.846 0.0,0.0,0.0,0.0,0.0,-0.7
2026-09-29T20:24:48.896 0.0,0.0,0.0,0.0,0.0,-0.7
2026-09-29T20:24:48.945 0.0,0.0,0.0,0.0,0.0,-0.7
2026-09-29T20:24:49.006 0.0,0.0,0.0,0.0,0.0,-0.7
2026-09-29T20:24:49.046 0.0,0.0,0.0,0.0,0.0,-0.7
2026-09-29T20:24:49.096 0.0,0.0,0.0,0.0,0.0,-0.7
2026-09-29T20:24:49.146 0.0,0.0,0.0,0.0,0.0,-0.7
2026-09-29T20:24:49.196 0.0,0.0,0.0,0.0,0.0,-0.7
2026-09-29T20:24:49.246 0.0,0.0,0.0,0.0,0.0,-0.7
2026-09-29T20:24:49.296 0.0,0.0,0.0,0.0,0.0,-0.7
2026-09-29T20:24:49.346 0.0,0.0,0.0,0.0,0.0,-0.7
2026-09-29T20:24:49.396 0.0,0.0,0.0,0.0,0.0,-0.7
2026-09-29T20:24:49.446 0.0,0.0,0.0,0.0,0.0,-0.7
2026-09-29T20:24:49.496 0.0,0.0,0.0,0.0,0.0,-0.7
2026-09-29T20:24:49.547 0.0,0.0,0.0,0.0,0.0,-0.7
2026-09-29T20:24:49.596 0.0,0.0,0.0,0.0,0.0,-0.7
2026-09-29T20:24:49.646 0.0,0.0,0.0,0.0,0.0,-0.7
2026-09-29T20:24:49.696 0.0,0.0,0.0,0.0,0.0,-0.7
2026-09-29T20:24:49.746 0.0,0.0,0.0,0.0,0.0,-0.7
2026-09-29T20:24:49.797 0.0,0.0,0.0,0.0,0.0,-0.7
2026-09-29T20:24:49.846 0.0,0.0,0.0,0.0,0.0,-0.7
2026-09-29T20:24:49.896 0.0,0.0,0.0,0.0,0.0,-0.7
2026-09-29T20:24:49.946 0.0,0.0,0.0,0.0,0.0,-0.7
2026-09-29T20:24:49.996 0.0,0.0,0.0,0.0,0.0,-0.7
2026-09-29T20:24:50.046 0.0,0.0,0.0,0.0,0.0,-0.7
2026-09-29T20:24:50.097 0.0,0.0,0.0,0.0,0.0,-0.7
2026-09-29T20:24:50.146 0.0,0.0,0.0,0.0,0.0,-0.7
2026-09-29T20:24:50.196 0.08421052631578947,0.0,0.0,0.0,0.0,-0.7
2026-09-29T20:24:50.245 0.08421052631578947,0.0,0.0,0.0,0.0,-0.7
2026-09-29T20:24:50.296 0.08421052631578947,0.0,0.0,0.0,0.0,-0.7
2026-09-29T20:24:50.346 0.08421052631578947,0.0,0.0,0.0,0.0,-0.7
2026-09-29T20:24:50.396 0.08421052631578947,0.0,0.0,0.0,0.0,-0.7
2026-09-29T20:24:50.446 0.08421052631578947,0.0,0.0,0.0,0.0,-0.7
2026-09-29T20:24:50.496 0.08421052631578947,0.0,0.0,0.0,0.0,-0.7
2026-09-29T20:24:50.546 0.08421052631578947,0.0,0.0,0.0,0.0,-0.7
2026-09-29T20:24:50.596 0.08421052631578947,0.0,0.0,0.0,0.0,-0.7
2026-09-29T20:24:50.646 0.042105263157894736,0.0,0.0,0.0,0.0,-0.7
2026-09-29T20:24:50.706 0.042105263157894736,0.0,0.0,0.0,0.0,-0.7
2026-09-29T20:24:50.746 0.042105263157894736,0.0,0.0,0.0,0.0,-0.7
2026-09-29T20:24:50.796 0.042105263157894736,0.0,0.0,0.0,0.0,-0.7
2026-09-29T20:24:50.845 0.042105263157894736,0.0,0.0,0.0,0.0,-0.7
2026-09-29T20:24:50.896 0.042105263157894736,0.0,0.0,0.0,0.0,-0.7
2026-09-29T20:24:50.946 0.042105263157894736,0.0,0.0,0.0,0.0,-0.7
2026-09-29T20:24:50.996 0.042105263157894736,0.0,0.0,0.0,0.0,-0.7
2026-09-29T20:24:51.045 0.042105263157894736,0.0,0.0,0.0,0.0,-0.7
2026-09-29T20:24:51.096 0.042105263157894736,0.0,0.0,0.0,0.0,-0.7
2026-09-29T20:24:51.148 0.042105263157894736,0.0,0.0,0.0,0.0,-0.7
2026-09-29T20:24:51.196 0.042105263157894736,0.0,0.0,0.0,0.0,-0.7
2026-09-29T20:24:51.246 0.16710526315789473,0.0,0.0,0.0,0.0,-0.7
2026-09-29T20:24:51.306 0.29210526315789476,0.0,0.0,0.0,0.0,-0.7
2026-09-29T20:24:51.345 0.41710526315789476,0.0,0.0,0.0,0.0,-0.7
2026-09-29T20:24:51.397 0.5421052631578948,0.0,0.0,0.0,0.0,-0.7
2026-09-29T20:24:51.446 0.6671052631578948,0.0,0.0,0.0,0.0,-0.7
2026-09-29T20:24:51.496 0.7578947368421055,0.0,0.0,0.0,0.0,-0.7
2026-09-29T20:24:51.546 0.8,0.0,0.0,0.0,0.0,-0.7
2026-09-29T20:24:51.596 0.8,0.0,0.0,0.0,0.0,-0.7
2026-09-29T20:24:51.646 0.8,0.0,0.0,0.0,0.0,-0.7
2026-09-29T20:24:51.696 0.7578947368421055,0.0,0.0,0.0,0.0,-0.7
2026-09-29T20:24:51.745 0.8,0.0,0.0,0.0,0.0,-0.7
2026-09-29T20:24:51.795 0.8,0.0,0.0,0.0,0.0,-0.7
2026-09-29T20:24:51.846 0.8,0.0,0.0,0.0,0.0,-0.7
2026-09-29T20:24:51.896 0.8,0.0,0.0,0.0,0.0,-0.7
2026-09-29T20:24:51.945 0.8,0.0,0.0,0.0,0.0,-0.7
2026-09-29T20:24:51.995 0.8,0.0,0.0,0.0,0.0,-0.7
2026-09-29T20:24:52.046 0.8,0.0,0.0,0.0,0.0,-0.7
2026-09-29T20:24:52.096 0.8,0.0,0.0,0.0,0.0,-0.7
2026-09-29T20:24:52.146 0.8,0.0,0.0,0.0,0.0,-0.7
2026-09-29T20:24:52.196 0.8,0.0,0.0,0.0,0.0,-0.7
2026-09-29T20:24:52.256 0.8,0.0,0.0,0.0,0.0,-0.7
2026-09-29T20:24:52.306 0.8,0.0,0.0,0.0,0.0,-0.7
2026-09-29T20:24:52.347 0.8,0.0,0.0,0.0,0.0,-0.7
2026-09-29T20:24:52.397 0.8,0.0,0.0,0.0,0.0,-0.7
2026-09-29T20:24:52.446 0.8,0.0,0.0,0.0,0.0,-0.7
2026-09-29T20:24:52.496 0.8,0.0,0.0,0.0,0.0,-0.7
2026-09-29T20:24:52.545 0.8,0.0,0.0,0.0,0.0,-0.7
2026-09-29T20:24:52.596 0.8,0.0,0.0,0.0,0.0,-0.7
2026-09-29T20:24:52.645 0.8,0.0,0.0,0.0,0.0,-0.7
2026-09-29T20:24:52.696 0.8,0.0,0.0,0.0,0.0,-0.7
2026-09-29T20:24:52.746 0.8,0.0,0.0,0.0,0.0,-0.7
2026-09-29T20:24:52.796 0.8,0.0,0.0,0.0,0.0,-0.7
2026-09-29T20:24:52.846 0.8,0.0,0.0,0.0,0.0,-0.6263157894736842
2026-09-29T20:24:52.896 0.8,0.0,0.0,0.0,0.0,-0.6263157894736842
2026-09-29T20:24:52.946 0.8,0.0,0.0,0.0,0.0,-0.5526315789473684
2026-09-29T20:24:52.996 0.8,0.0,0.0,0.0,0.0,-0.5526315789473684
2026-09-29T20:24:53.046 0.8,0.0,0.0,0.0,0.0,-0.5526315789473684
2026-09-29T20:24:53.096 0.8,0.0,0.0,0.0,0.0,-0.5526315789473684
2026-09-29T20:24:53.146 0.8,0.0,0.0,0.0,0.0,-0.5526315789473684
2026-09-29T20:24:53.196 0.8,0.0,0.0,0.0,0.0,-0.47894736842105257
2026-09-29T20:24:53.246 0.8,0.0,0.0,0.0,0.0,-0.47894736842105257
2026-09-29T20:24:53.296 0.8,0.0,0.0,0.0,0.0,-0.47894736842105257
2026-09-29T20:24:53.346 0.8,0.0,0.0,0.0,0.0,-0.47894736842105257
2026-09-29T20:24:53.396 0.8,0.0,0.0,0.0,0.0,-0.40526315789473677
2026-09-29T20:24:53.446 0.8,0.0,0.0,0.0,0.0,-0.40526315789473677
2026-09-29T20:24:53.496 0.8,0.0,0.0,0.0,0.0,-0.40526315789473677
2026-09-29T20:24:53.546 0.8,0.0,0.0,0.0,0.0,-0.40526315789473677
2026-09-29T20:24:53.596 0.8,0.0,0.0,0.0,0.0,-0.40526315789473677
2026-09-29T20:24:53.646 0.8,0.0,0.0,0.0,0.0,-0.40526315789473677
2026-09-29T20:24:53.696 0.8,0.0,0.0,0.0,0.0,-0.331578947368421
2026-09-29T20:24:53.746 0.8,0.0,0.0,0.0,0.0,-0.331578947368421
2026-09-29T20:24:53.796 0.8,0.0,0.0,0.0,0.0,-0.331578947368421
2026-09-29T20:24:53.846 0.8,0.0,0.0,0.0,0.0,-0.331578947368421
2026-09-29T20:24:53.896 0.8,0.0,0.0,0.0,0.0,-0.331578947368421
2026-09-29T20:24:53.946 0.8,0.0,0.0,0.0,0.0,-0.331578947368421
2026-09-29T20:24:53.996 0.8,0.0,0.0,0.0,0.0,-0.331578947368421
2026-09-29T20:24:54.046 0.8,0.0,0.0,0.0,0.0,-0.331578947368421
2026-09-29T20:24:54.096 0.8,0.0,0.0,0.0,0.0,-0.331578947368421
2026-09-29T20:24:54.146 0.8,0.0,0.0,0.0,0.0,-0.331578947368421
2026-09-29T20:24:54.196 0.8,0.0,0.0,0.0,0.0,-0.331578947368421
2026-09-29T20:24:54.245 0.8,0.0,0.0,0.0,0.0,-0.331578947368421
2026-09-29T20:24:54.296 0.8,0.0,0.0,0.0,0.0,-0.331578947368421
2026-09-29T20:24:54.346 0.8,0.0,0.0,0.0,0.0,-0.331578947368421
2026-09-29T20:24:54.396 0.8,0.0,0.0,0.0,0.0,-0.331578947368421
2026-09-29T20:24:54.446 0.8,0.0,0.0,0.0,0.0,-0.2578947368421052
2026-09-29T20:24:54.496 0.8,0.0,0.0,0.0,0.0,-0.2578947368421052
2026-09-29T20:24:54.546 0.8,0.0,0.0,0.0,0.0,-0.2578947368421052
2026-09-29T20:24:54.596 0.8,0.0,0.0,0.0,0.0,-0.2578947368421052
2026-09-29T20:24:54.646 0.8,0.0,0.0,0.0,0.0,-0.2578947368421052
2026-09-29T20:24:54.696 0.8,0.0,0.0,0.0,0.0,-0.11052631578947358
2026-09-29T20:24:54.746 0.8,0.0,0.0,0.0,0.0,-0.1105263157894736
2026-09-29T20:24:54.795 0.8,0.0,0.0,0.0,0.0,-0.1105263157894736
2026-09-29T20:24:54.845 0.8,0.0,0.0,0.0,0.0,-0.1105263157894736
2026-09-29T20:24:54.896 0.8,0.0,0.0,0.0,0.0,-0.1105263157894736
2026-09-29T20:24:54.945 0.8,0.0,0.0,0.0,0.0,-0.1105263157894736
2026-09-29T20:24:54.996 0.8,0.0,0.0,0.0,0.0,-0.036842105263157815
2026-09-29T20:24:55.045 0.8,0.0,0.0,0.0,0.0,-0.036842105263157815
2026-09-29T20:24:55.095 0.8,0.0,0.0,0.0,0.0,-0.036842105263157815
2026-09-29T20:24:55.145 0.8,0.0,0.0,0.0,0.0,-0.036842105263157815
2026-09-29T20:24:55.196 0.8,0.0,0.0,0.0,0.0,-0.036842105263157815
2026-09-29T20:24:55.246 0.8,0.0,0.0,0.0,0.0,0.0
2026-09-29T20:24:55.296 0.8,0.0,0.0,0.0,0.0,-0.036842105263157815
2026-09-29T20:24:55.346 0.8,0.0,0.0,0.0,0.0,-0.036842105263157815
2026-09-29T20:24:55.396 0.8,0.0,0.0,0.0,0.0,-0.036842105263157815
2026-09-29T20:24:55.446 0.8,0.0,0.0,0.0,0.0,0.0
2026-09-29T20:24:55.496 0.8,0.0,0.0,0.0,0.0,0.0
2026-09-29T20:24:55.546 0.8,0.0,0.0,0.0,0.0,0.0
2026-09-29T20:24:55.595 0.8,0.0,0.0,0.0,0.0,0.0
2026-09-29T20:24:55.645 0.8,0.0,0.0,0.0,0.0,0.0
2026-09-29T20:24:55.695 0.8,0.0,0.0,0.0,0.0,0.0
2026-09-29T20:24:55.746 0.8,0.0,0.0,0.0,0.0,0.0
2026-09-29T20:24:55.796 0.8,0.0,0.0,0.0,0.0,0.0
2026-09-29T20:24:55.846 0.8,0.0,0.0,0.0,0.0,0.0
2026-09-29T20:24:55.896 0.8,0.0,0.0,0.0,0.0,0.03684210526315797
2026-09-29T20:24:55.956 0.8,0.0,0.0,0.0,0.0,0.03684210526315797
2026-09-29T20:24:55.996 0.8,0.0,0.0,0.0,0.0,0.03684210526315797
2026-09-29T20:24:56.046 0.8,0.0,0.0,0.0,0.0,0.03684210526315797
2026-09-29T20:24:56.095 0.8,0.0,0.0,0.0,0.0,0.03684210526315797
2026-09-29T20:24:56.146 0.8,0.0,0.0,0.0,0.0,0.03684210526315797
2026-09-29T20:24:56.196 0.8,0.0,0.0,0.0,0.0,0.03684210526315797
2026-09-29T20:24:56.246 0.8,0.0,0.0,0.0,0.0,0.03684210526315797
2026-09-29T20:24:56.296 0.8,0.0,0.0,0.0,0.0,0.03684210526315797
2026-09-29T20:24:56.345 0.8,0.0,0.0,0.0,0.0,0.03684210526315797
2026-09-29T20:24:56.395 0.8,0.0,0.0,0.0,0.0,0.03684210526315797
2026-09-29T20:24:56.446 0.8,0.0,0.0,0.0,0.0,0.03684210526315797
2026-09-29T20:24:56.496 0.8,0.0,0.0,0.0,0.0,0.03684210526315797
2026-09-29T20:24:56.545 0.8,0.0,0.0,0.0,0.0,0.03684210526315797
2026-09-29T20:24:56.596 0.8,0.0,0.0,0.0,0.0,0.03684210526315797
2026-09-29T20:24:56.646 0.8,0.0,0.0,0.0,0.0,0.03684210526315797
2026-09-29T20:24:56.696 0.8,0.0,0.0,0.0,0.0,0.03684210526315797
2026-09-29T20:24:56.746 0.8,0.0,0.0,0.0,0.0,0.03684210526315797
2026-09-29T20:24:56.796 0.8,0.0,0.0,0.0,0.0,0.03684210526315797
2026-09-29T20:24:56.846 0.8,0.0,0.0,0.0,0.0,0.03684210526315797
2026-09-29T20:24:56.896 0.8,0.0,0.0,0.0,0.0,0.03684210526315797
2026-09-29T20:24:56.946 0.8,0.0,0.0,0.0,0.0,0.03684210526315797
2026-09-29T20:24:56.996 0.7578947368421055,0.0,0.0,0.0,0.0,0.03684210526315797
2026-09-29T20:24:57.056 0.7578947368421055,0.0,0.0,0.0,0.0,0.03684210526315797
2026-09-29T20:24:57.096 0.7578947368421055,0.0,0.0,0.0,0.0,0.03684210526315797
2026-09-29T20:24:57.146 0.8,0.0,0.0,0.0,0.0,0.03684210526315797
2026-09-29T20:24:57.196 0.7578947368421055,0.0,0.0,0.0,0.0,0.0
2026-09-29T20:24:57.246 0.7157894736842108,0.0,0.0,0.0,0.0,0.03684210526315797
2026-09-29T20:24:57.298 0.7157894736842108,0.0,0.0,0.0,0.0,0.03684210526315797
2026-09-29T20:24:57.346 0.7157894736842108,0.0,0.0,0.0,0.0,0.03684210526315797
2026-09-29T20:24:57.396 0.673684210526316,0.0,0.0,0.0,0.0,0.03684210526315797
2026-09-29T20:24:57.446 0.673684210526316,0.0,0.0,0.0,0.0,0.03684210526315797
2026-09-29T20:24:57.496 0.673684210526316,0.0,0.0,0.0,0.0,0.03684210526315797
2026-09-29T20:24:57.549 0.673684210526316,0.0,0.0,0.0,0.0,0.03684210526315797
2026-09-29T20:24:57.596 0.673684210526316,0.0,0.0,0.0,0.0,0.03684210526315797
2026-09-29T20:24:57.646 0.6315789473684212,0.0,0.0,0.0,0.0,0.03684210526315797
2026-09-29T20:24:57.696 0.6315789473684212,0.0,0.0,0.0,0.0,0.03684210526315797
2026-09-29T20:24:57.746 0.6315789473684212,0.0,0.0,0.0,0.0,0.03684210526315797
2026-09-29T20:24:57.796 0.6315789473684212,0.0,0.0,0.0,0.0,0.03684210526315797
2026-09-29T20:24:57.846 0.6315789473684212,0.0,0.0,0.0,0.0,0.03684210526315797
2026-09-29T20:24:57.896 0.6315789473684212,0.0,0.0,0.0,0.0,0.0
2026-09-29T20:24:57.945 0.5894736842105265,0.0,0.0,0.0,0.0,0.03684210526315797
2026-09-29T20:24:57.995 0.6315789473684212,0.0,0.0,0.0,0.0,0.18421052631578955
2026-09-29T20:24:58.056 0.673684210526316,0.0,0.0,0.0,0.0,0.18421052631578955
2026-09-29T20:24:58.095 0.673684210526316,0.0,0.0,0.0,0.0,0.18421052631578955
2026-09-29T20:24:58.145 0.673684210526316,0.0,0.0,0.0,0.0,0.18421052631578955
2026-09-29T20:24:58.196 0.673684210526316,0.0,0.0,0.0,0.0,0.18421052631578955
2026-09-29T20:24:58.246 0.673684210526316,0.0,0.0,0.0,0.0,0.18421052631578955
2026-09-29T20:24:58.296 0.6315789473684212,0.0,0.0,0.0,0.0,0.18421052631578955
2026-09-29T20:24:58.346 0.6315789473684212,0.0,0.0,0.0,0.0,0.18421052631578955
2026-09-29T20:24:58.396 0.6315789473684212,0.0,0.0,0.0,0.0,0.18421052631578955
2026-09-29T20:24:58.446 0.6315789473684212,0.0,0.0,0.0,0.0,0.18421052631578955
2026-09-29T20:24:58.506 0.5473684210526317,0.0,0.0,0.0,0.0,0.18421052631578955
2026-09-29T20:24:58.546 0.5894736842105265,0.0,0.0,0.0,0.0,0.18421052631578955
2026-09-29T20:24:58.596 0.5894736842105265,0.0,0.0,0.0,0.0,0.18421052631578955
2026-09-29T20:24:58.646 0.5894736842105265,0.0,0.0,0.0,0.0,0.18421052631578955
2026-09-29T20:24:58.696 0.5894736842105265,0.0,0.0,0.0,0.0,0.18421052631578955
2026-09-29T20:24:58.746 0.505263157894737,0.0,0.0,0.0,0.0,0.18421052631578955
2026-09-29T20:24:58.796 0.5473684210526317,0.0,0.0,0.0,0.0,0.18421052631578955
2026-09-29T20:24:58.845 0.5473684210526317,0.0,0.0,0.0,0.0,0.18421052631578955
2026-09-29T20:24:58.896 0.5473684210526317,0.0,0.0,0.0,0.0,0.18421052631578955
2026-09-29T20:24:58.945 0.5473684210526317,0.0,0.0,0.0,0.0,0.18421052631578955
2026-09-29T20:24:58.996 0.5473684210526317,0.0,0.0,0.0,0.0,0.18421052631578955
2026-09-29T20:24:59.046 0.4631578947368422,0.0,0.0,0.0,0.0,0.18421052631578955
2026-09-29T20:24:59.096 0.505263157894737,0.0,0.0,0.0,0.0,0.18421052631578955
2026-09-29T20:24:59.146 0.505263157894737,0.0,0.0,0.0,0.0,0.18421052631578955
2026-09-29T20:24:59.196 0.505263157894737,0.0,0.0,0.0,0.0,0.18421052631578955
2026-09-29T20:24:59.246 0.505263157894737,0.0,0.0,0.0,0.0,0.18421052631578955
2026-09-29T20:24:59.296 0.505263157894737,0.0,0.0,0.0,0.0,0.18421052631578955
2026-09-29T20:24:59.346 0.505263157894737,0.0,0.0,0.0,0.0,0.18421052631578955
2026-09-29T20:24:59.396 0.42105263157894746,0.0,0.0,0.0,0.0,0.18421052631578955
2026-09-29T20:24:59.445 0.4631578947368422,0.0,0.0,0.0,0.0,0.18421052631578955
2026-09-29T20:24:59.496 0.4631578947368422,0.0,0.0,0.0,0.0,0.18421052631578955
2026-09-29T20:24:59.545 0.4631578947368422,0.0,0.0,0.0,0.0,0.18421052631578955
2026-09-29T20:24:59.596 0.4631578947368422,0.0,0.0,0.0,0.0,0.18421052631578955
2026-09-29T20:24:59.646 0.4631578947368422,0.0,0.0,0.0,0.0,0.18421052631578955
2026-09-29T20:24:59.696 0.4631578947368422,0.0,0.0,0.0,0.0,0.18421052631578955
2026-09-29T20:24:59.745 0.3789473684210527,0.0,0.0,0.0,0.0,0.18421052631578955
2026-09-29T20:24:59.795 0.3789473684210527,0.0,0.0,0.0,0.0,0.18421052631578955
2026-09-29T20:24:59.846 0.3789473684210527,0.0,0.0,0.0,0.0,0.18421052631578955
2026-09-29T20:24:59.896 0.42105263157894746,0.0,0.0,0.0,0.0,0.18421052631578955
2026-09-29T20:24:59.946 0.42105263157894746,0.0,0.0,0.0,0.0,0.18421052631578955
2026-09-29T20:24:59.996 0.3789473684210527,0.0,0.0,0.0,0.0,0.18421052631578955
2026-09-29T20:25:00.045 0.33684210526315794,0.0,0.0,0.0,0.0,0.18421052631578955
2026-09-29T20:25:00.096 0.33684210526315794,0.0,0.0,0.0,0.0,0.18421052631578955
2026-09-29T20:25:00.145 0.33684210526315794,0.0,0.0,0.0,0.0,0.18421052631578955
2026-09-29T20:25:00.196 0.33684210526315794,0.0,0.0,0.0,0.0,0.18421052631578955
2026-09-29T20:25:00.246 0.33684210526315794,0.0,0.0,0.0,0.0,0.18421052631578955
2026-09-29T20:25:00.295 0.33684210526315794,0.0,0.0,0.0,0.0,0.18421052631578955
2026-09-29T20:25:00.346 0.33684210526315794,0.0,0.0,0.0,0.0,0.18421052631578955
2026-09-29T20:25:00.396 0.3789473684210527,0.0,0.0,0.0,0.0,0.11052631578947375
2026-09-29T20:25:00.447 0.33684210526315794,0.0,0.0,0.0,0.0,0.11052631578947375
2026-09-29T20:25:00.496 0.33684210526315794,0.0,0.0,0.0,0.0,0.11052631578947375
2026-09-29T20:25:00.546 0.3789473684210527,0.0,0.0,0.0,0.0,0.11052631578947375
2026-09-29T20:25:00.597 0.3789473684210527,0.0,0.0,0.0,0.0,0.11052631578947375
2026-09-29T20:25:00.656 0.3789473684210527,0.0,0.0,0.0,0.0,0.11052631578947375
2026-09-29T20:25:00.696 0.2947368421052632,0.0,0.0,0.0,0.0,0.11052631578947375
2026-09-29T20:25:00.745 0.2947368421052632,0.0,0.0,0.0,0.0,0.11052631578947375
2026-09-29T20:25:00.796 0.33684210526315794,0.0,0.0,0.0,0.0,0.11052631578947375
2026-09-29T20:25:00.856 0.33684210526315794,0.0,0.0,0.0,0.0,0.11052631578947375
2026-09-29T20:25:00.896 0.33684210526315794,0.0,0.0,0.0,0.0,0.11052631578947375
2026-09-29T20:25:00.946 0.33684210526315794,0.0,0.0,0.0,0.0,0.11052631578947375
2026-09-29T20:25:00.996 0.33684210526315794,0.0,0.0,0.0,0.0,0.11052631578947375
2026-09-29T20:25:01.046 0.33684210526315794,0.0,0.0,0.0,0.0,0.11052631578947375
2026-09-29T20:25:01.096 0.33684210526315794,0.0,0.0,0.0,0.0,0.11052631578947375
2026-09-29T20:25:01.146 0.33684210526315794,0.0,0.0,0.0,0.0,0.11052631578947375
2026-09-29T20:25:01.196 0.25263157894736843,0.0,0.0,0.0,0.0,0.11052631578947375
2026-09-29T20:25:01.245 0.25263157894736843,0.0,0.0,0.0,0.0,0.11052631578947375
2026-09-29T20:25:01.296 0.25263157894736843,0.0,0.0,0.0,0.0,0.11052631578947375
2026-09-29T20:25:01.346 0.25263157894736843,0.0,0.0,0.0,0.0,0.11052631578947375
2026-09-29T20:25:01.396 0.2947368421052632,0.0,0.0,0.0,0.0,0.11052631578947375
2026-09-29T20:25:01.446 0.2947368421052632,0.0,0.0,0.0,0.0,0.11052631578947375
2026-09-29T20:25:01.495 0.2947368421052632,0.0,0.0,0.0,0.0,0.11052631578947375
2026-09-29T20:25:01.546 0.2947368421052632,0.0,0.0,0.0,0.0,0.11052631578947375
2026-09-29T20:25:01.596 0.2947368421052632,0.0,0.0,0.0,0.0,0.11052631578947375
2026-09-29T20:25:01.645 0.2947368421052632,0.0,0.0,0.0,0.0,0.11052631578947375
2026-09-29T20:25:01.696 0.2947368421052632,0.0,0.0,0.0,0.0,0.11052631578947375
2026-09-29T20:25:01.746 0.2947368421052632,0.0,0.0,0.0,0.0,0.11052631578947375
2026-09-29T20:25:01.796 0.2947368421052632,0.0,0.0,0.0,0.0,0.11052631578947375
2026-09-29T20:25:01.845 0.2947368421052632,0.0,0.0,0.0,0.0,0.11052631578947375
2026-09-29T20:25:01.906 0.21052631578947367,0.0,0.0,0.0,0.0,0.11052631578947375
2026-09-29T20:25:01.946 0.21052631578947367,0.0,0.0,0.0,0.0,0.11052631578947375
2026-09-29T20:25:01.996 0.21052631578947367,0.0,0.0,0.0,0.0,0.11052631578947375
2026-09-29T20:25:02.045 0.21052631578947367,0.0,0.0,0.0,0.0,0.11052631578947375
2026-09-29T20:25:02.096 0.25263157894736843,0.0,0.0,0.0,0.0,0.03684210526315797
2026-09-29T20:25:02.156 0.25263157894736843,0.0,0.0,0.0,0.0,0.03684210526315797
2026-09-29T20:25:02.196 0.25263157894736843,0.0,0.0,0.0,0.0,0.03684210526315797
2026-09-29T20:25:02.245 0.25263157894736843,0.0,0.0,0.0,0.0,0.03684210526315797
2026-09-29T20:25:02.296 0.25263157894736843,0.0,0.0,0.0,0.0,0.03684210526315797
2026-09-29T20:25:02.345 0.25263157894736843,0.0,0.0,0.0,0.0,0.03684210526315797
2026-09-29T20:25:02.396 0.25263157894736843,0.0,0.0,0.0,0.0,0.03684210526315797
2026-09-29T20:25:02.446 0.25263157894736843,0.0,0.0,0.0,0.0,0.03684210526315797
2026-09-29T20:25:02.496 0.25263157894736843,0.0,0.0,0.0,0.0,0.03684210526315797
2026-09-29T20:25:02.546 0.25263157894736843,0.0,0.0,0.0,0.0,0.03684210526315797
2026-09-29T20:25:02.597 0.25263157894736843,0.0,0.0,0.0,0.0,0.03684210526315797
2026-09-29T20:25:02.646 0.25263157894736843,0.0,0.0,0.0,0.0,0.03684210526315797
2026-09-29T20:25:02.696 0.21052631578947367,0.0,0.0,0.0,0.0,0.0
2026-09-29T20:25:02.746 0.21052631578947367,0.0,0.0,0.0,0.0,0.0
2026-09-29T20:25:02.796 0.21052631578947367,0.0,0.0,0.0,0.0,0.0
2026-09-29T20:25:02.846 0.21052631578947367,0.0,0.0,0.0,0.0,0.0
2026-09-29T20:25:02.896 0.21052631578947367,0.0,0.0,0.0,0.0,0.0
2026-09-29T20:25:02.957 0.21052631578947367,0.0,0.0,0.0,0.0,0.0
2026-09-29T20:25:02.995 0.21052631578947367,0.0,0.0,0.0,0.0,0.0
2026-09-29T20:25:03.045 0.21052631578947367,0.0,0.0,0.0,0.0,0.0
2026-09-29T20:25:03.096 0.21052631578947367,0.0,0.0,0.0,0.0,0.0
2026-09-29T20:25:03.146 0.21052631578947367,0.0,0.0,0.0,0.0,0.0
2026-09-29T20:25:03.196 0.21052631578947367,0.0,0.0,0.0,0.0,0.0
2026-09-29T20:25:03.928 0.21052631578947367,0.0,0.0,0.0,0.0,0.0
2026-09-29T20:25:03.978 0.21052631578947367,0.0,0.0,0.0,0.0,0.0
2026-09-29T20:25:04.895 0.21052631578947367,0.0,0.0,0.0,0.0,0.0
2026-09-29T20:25:04.945 0.21052631578947367,0.0,0.0,0.0,0.0,0.0
2026-09-29T20:25:04.995 0.21052631578947367,0.0,0.0,0.0,0.0,0.0
2026-09-29T20:25:05.045 0.21052631578947367,0.0,0.0,0.0,0.0,0.0
2026-09-29T20:25:05.095 0.16842105263157894,0.0,0.0,0.0,0.0,0.0
2026-09-29T20:25:05.145 0.16842105263157894,0.0,0.0,0.0,0.0,0.0
2026-09-29T20:25:05.195 0.16842105263157894,0.0,0.0,0.0,0.0,0.0
2026-09-29T20:25:05.245 0.16842105263157894,0.0,0.0,0.0,0.0,0.0
2026-09-29T20:25:05.295 0.16842105263157894,0.0,0.0,0.0,0.0,0.0
2026-09-29T20:25:05.345 0.16842105263157894,0.0,0.0,0.0,0.0,0.0
2026-09-29T20:25:05.395 0.16842105263157894,0.0,0.0,0.0,0.0,0.0
2026-09-29T20:25:05.445 0.16842105263157894,0.0,0.0,0.0,0.0,-0.036842105263157815
2026-09-29T20:25:05.495 0.16842105263157894,0.0,0.0,0.0,0.0,-0.036842105263157815
2026-09-29T20:25:05.545 0.16842105263157894,0.0,0.0,0.0,0.0,-0.036842105263157815
2026-09-29T20:25:05.595 0.16842105263157894,0.0,0.0,0.0,0.0,-0.036842105263157815
2026-09-29T20:25:05.645 0.16842105263157894,0.0,0.0,0.0,0.0,-0.036842105263157815
2026-09-29T20:25:05.695 0.16842105263157894,0.0,0.0,0.0,0.0,-0.036842105263157815
2026-09-29T20:25:05.745 0.16842105263157894,0.0,0.0,0.0,0.0,-0.036842105263157815
2026-09-29T20:25:05.795 0.16842105263157894,0.0,0.0,0.0,0.0,-0.036842105263157815
2026-09-29T20:25:05.855 0.16842105263157894,0.0,0.0,0.0,0.0,-0.036842105263157815
2026-09-29T20:25:05.895 0.16842105263157894,0.0,0.0,0.0,0.0,-0.036842105263157815
2026-09-29T20:25:05.945 0.16842105263157894,0.0,0.0,0.0,0.0,-0.036842105263157815
2026-09-29T20:25:05.995 0.16842105263157894,0.0,0.0,0.0,0.0,-0.036842105263157815
2026-09-29T20:25:06.045 0.16842105263157894,0.0,0.0,0.0,0.0,-0.036842105263157815
2026-09-29T20:25:06.094 0.043421052631578944,0.0,0.0,0.0,0.0,0.0
2026-09-29T20:25:06.145 0.0,0.0,0.0,0.0,0.0,0.0
2026-09-29T20:25:06.195 0.0,0.0,0.0,0.0,0.0,0.0
2026-09-29T20:25:06.245 0.0,0.0,0.0,0.0,0.0,0.0
2026-09-29T20:25:06.295 0.0,0.0,0.0,0.0,0.0,0.0
2026-09-29T20:25:06.345 0.0,0.0,0.0,0.0,0.0,0.0
2026-09-29T20:25:06.395 0.0,0.0,0.0,0.0,0.0,0.0
2026-09-29T20:25:06.445 0.0,0.0,0.0,0.0,0.0,0.0
2026-09-29T20:25:06.505 0.0,0.0,0.0,0.0,0.0,0.0
2026-09-29T20:25:06.545 0.0,0.0,0.0,0.0,0.0,0.0
2026-09-29T20:25:06.595 0.0,0.0,0.0,0.0,0.0,0.0
2026-09-29T20:25:06.645 0.0,0.0,0.0,0.0,0.0,0.0
2026-09-29T20:25:06.694 0.0,0.0,0.0,0.0,0.0,0.0
2026-09-29T20:25:06.745 0.0,0.0,0.0,0.0,0.0,0.0
2026-09-29T20:25:06.795 0.0,0.0,0.0,0.0,0.0,0.0
2026-09-29T20:25:06.845 0.0,0.0,0.0,0.0,0.0,0.0
2026-09-29T20:25:06.894 0.0,0.0,0.0,0.0,0.0,0.0
2026-09-29T20:25:06.945 0.0,0.0,0.0,0.0,0.0,0.0
2026-09-29T20:25:06.994 0.0,0.0,0.0,0.0,0.0,0.0
2026-09-29T20:25:07.047 0.0,0.0,0.0,0.0,0.0,0.0
2026-09-29T20:25:07.096 0.0,0.0,0.0,0.0,0.0,0.0
2026-09-29T20:25:07.145 0.0,0.0,0.0,0.0,0.0,0.0
2026-09-29T20:25:07.195 0.0,0.0,0.0,0.0,0.0,0.0
2026-09-29T20:25:07.246 0.0,0.0,0.0,0.0,0.0,0.0
2026-09-29T20:25:07.296 0.0,0.0,0.0,0.0,0.0,0.0
2026-09-29T20:25:07.345 0.0,0.0,0.0,0.0,0.0,0.0
2026-09-29T20:25:07.395 0.0,0.0,0.0,0.0,0.0,0.0
2026-09-29T20:25:07.445 0.0,0.0,0.0,0.0,0.0,0.0
2026-09-29T20:25:07.495 0.0,0.0,0.0,0.0,0.0,0.0
2026-09-29T20:25:07.545 0.0,0.0,0.0,0.0,0.0,0.0
2026-09-29T20:25:07.595 0.0,0.0,0.0,0.0,0.0,0.0
2026-09-29T20:25:07.645 0.0,0.0,0.0,0.0,0.0,0.0
2026-09-29T20:25:07.695 0.0,0.0,0.0,0.0,0.0,0.0
2026-09-29T20:25:07.745 0.0,0.0,0.0,0.0,0.0,0.0
2026-09-29T20:25:07.795 0.0,0.0,0.0,0.0,0.0,0.0
2026-09-29T20:25:07.845 0.0,0.0,0.0,0.0,0.0,0.0
2026-09-29T20:25:07.895 0.0,0.0,0.0,0.0,0.0,0.0
2026-09-29T20:25:07.945 0.0,0.0,0.0,0.0,0.0,0.0
2026-09-29T20:25:07.995 0.0,0.0,0.0,0.0,0.0,0.0
2026-09-29T20:25:08.045 0.0,0.0,0.0,0.0,0.0,0.0
2026-09-29T20:25:08.095 0.0,0.0,0.0,0.0,0.0,0.0
2026-09-29T20:25:08.145 0.0,0.0,0.0,0.0,0.0,0.0
2026-09-29T20:25:08.195 0.0,0.0,0.0,0.0,0.0,0.0
2026-09-29T20:25:08.245 0.0,0.0,0.0,0.0,0.0,0.0
2026-09-29T20:25:08.295 0.0,0.0,0.0,0.0,0.0,0.0
2026-09-29T20:25:08.345 0.0,0.0,0.0,0.0,0.0,0.0
2026-09-29T20:25:08.395 0.0,0.0,0.0,0.0,0.0,0.0
2026-09-29T20:25:08.445 0.0,0.0,0.0,0.0,0.0,0.0
2026-09-29T20:25:08.505 0.0,0.0,0.0,0.0,0.0,0.0
2026-09-29T20:25:08.545 0.0,0.0,0.0,0.0,0.0,0.0
2026-09-29T20:25:08.595 0.0,0.0,0.0,0.0,0.0,0.0
2026-09-29T20:25:08.645 0.0,0.0,0.0,0.0,0.0,0.0
2026-09-29T20:25:08.694 0.0,0.0,0.0,0.0,0.0,0.0
2026-09-29T20:25:08.745 0.0,0.0,0.0,0.0,0.0,0.0
2026-09-29T20:25:08.795 0.0,0.0,0.0,0.0,0.0,0.0
2026-09-29T20:25:08.845 0.0,0.0,0.0,0.0,0.0,0.0
2026-09-29T20:25:08.895 0.0,0.0,0.0,0.0,0.0,0.0
2026-09-29T20:25:08.945 0.0,0.0,0.0,0.0,0.0,0.0
2026-09-29T20:25:08.994 0.0,0.0,0.0,0.0,0.0,0.0
2026-09-29T20:25:09.045 0.0,0.0,0.0,0.0,0.0,0.0
