2026-09-30T01:01:41.144 5,600000000,map,-6.000000000000445,-1.0,0.0,0.0,0.0,0.9999999999991198,1.3267948966775328e-06,-2.3803181647963356e-12,0.0,0.0,0.0,0.0,0.0,0.0,0.0,0.0,0.0,0.0,0.0,0.0,0.0,0.0,0.0,0.0,0.0,0.0,0.0,0.0,0.0,0.0,0.0,0.0,0.0,0.0,0.0,0.0,0.0,0.0,0.0,0.0,0.0,0.0,-6.972200594645862e-14
2026-09-30T01:03:33.920 46,400000000,map,-6.084717964564007,-1.0049338595312975,0.0,0.0,0.0,-0.9686902509798074,0.24827242629151874,0.014962977736395544,0.001904875534076922,0.0,0.0,0.0,0.0,0.001904875534076922,0.0005936538185751239,0.0,0.0,0.0,0.0,0.0,0.0,0.0,0.0,0.0,0.0,0.0,0.0,0.0,0.0,0.0,0.0,0.0,0.0,0.0,0.0,0.0,0.0,0.0,0.0,0.0,0.0,0.0,0.015627816352916508
2026-09-30T01:03:37.863 47,800000000,map,-6.162917899978089,-1.0551525916798752,0.0,0.0,0.0,-0.813607956352806,0.5814138744125483,0.027491042696198065,0.015606421749708055,0.0,0.0,0.0,0.0,0.015606421749708055,0.01461016783372937,0.0,0.0,0.0,0.0,0.0,0.0,0.0,0.0,0.0,0.0,0.0,0.0,0.0,0.0,0.0,0.0,0.0,0.0,0.0,0.0,0.0,0.0,0.0,0.0,0.0,0.0,0.0,0.033006934797611215
2026-09-30T01:03:40.877 48,900000000,map,-6.199643909435521,-1.1265954717467168,0.0,0.0,0.0,-0.5898259693099547,0.8075303869995063,0.023808692502960582,0.01265979824978114,0.0,0.0,0.0,0.0,0.01265979824978114,0.02840322489817848,0.0,0.0,0.0,0.0,0.0,0.0,0.0,0.0,0.0,0.0,0.0,0.0,0.0,0.0,0.0,0.0,0.0,0.0,0.0,0.0,0.0,0.0,0.0,0.0,0.0,0.0,0.0,0.0324811859395505
2026-09-30T01:03:43.754 50,0,map,-6.172402591732335,-1.1992826269515735,0.0,0.0,0.0,-0.28895399506903235,0.9573429838535642,0.024549004242736316,0.002307980414981259,0.0,0.0,0.0,0.0,0.002307980414981259,0.029707385913875006,0.0,0.0,0.0,0.0,0.0,0.0,0.0,0.0,0.0,0.0,0.0,0.0,0.0,0.0,0.0,0.0,0.0,0.0,0.0,0.0,0.0,0.0,0.0,0.0,0.0,0.0,0.0,0.020478127963576637
2026-09-30T01:03:46.350 51,0,map,-6.146015897433714,-1.1804830255617635,0.0,0.0,0.0,0.026820714731339467,0.999640259924189,0.041423227173723376,-0.008549035926989745,0.0,0.0,0.0,0.0,-0.008549035926989745,0.03131938192910355,0.0,0.0,0.0,0.0,0.0,0.0,0.0,0.0,0.0,0.0,0.0,0.0,0.0,0.0,0.0,0.0,0.0,0.0,0.0,0.0,0.0,0.0,0.0,0.0,0.0,0.0,0.0,0.01237582063762978
2026-09-30T01:03:53.108 52,700000000,map,-5.8235492506226585,-0.8945728980272658,0.0,0.0,0.0,0.31419096557708714,0.9493598038413769,0.08037177341135049,0.009327703906266471,0.0,0.0,0.0,0.0,0.009327703906266471,0.04338840908982755,0.0,0.0,0.0,0.0,0.0,0.0,0.0,0.0,0.0,0.0,0.0,0.0,0.0,0.0,0.0,0.0,0.0,0.0,0.0,0.0,0.0,0.0,0.0,0.0,0.0,0.0,0.0,0.032207676379527636
2026-09-30T01:03:56.539 54,0,map,-4.831275919005335,-0.6900796551508244,0.0,0.0,0.0,-0.045743783267761975,0.9989532052565585,0.11313093323035517,0.011781087771623788,0.0,0.0,0.0,0.0,0.011781087771623788,0.04588533045608445,0.0,0.0,0.0,0.0,0.0,0.0,0.0,0.0,0.0,0.0,0.0,0.0,0.0,0.0,0.0,0.0,0.0,0.0,0.0,0.0,0.0,0.0,0.0,0.0,0.0,0.0,0.0,0.05610031811115736
2026-09-30T01:03:59.668 55,200000000,map,-3.838653032498201,-0.7518462426385474,0.0,0.0,0.0,-0.013768316770988637,0.9999052122342866,0.1473011607731074,0.006738192573971791,0.0,0.0,0.0,0.0,0.006738192573971347,0.036884465891844354,0.0,0.0,0.0,0.0,0.0,0.0,0.0,0.0,0.0,0.0,0.0,0.0,0.0,0.0,0.0,0.0,0.0,0.0,0.0,0.0,0.0,0.0,0.0,0.0,0.0,0.0,0.0,0.034099882105231204
2026-09-30T01:04:02.858 56,400000000,map,-2.874840973771054,-0.7460637971105839,0.0,0.0,0.0,0.0014403734856728717,0.9999989626615728,0.15658214536493986,0.011839118532040338,0.0,0.0,0.0,0.0,0.011839118532040338,0.03074987606613455,0.0,0.0,0.0,0.0,0.0,0.0,0.0,0.0,0.0,0.0,0.0,0.0,0.0,0.0,0.0,0.0,0.0,0.0,0.0,0.0,0.0,0.0,0.0,0.0,0.0,0.0,0.0,0.02642188226914716
2026-09-30T01:04:06.177 57,600000000,map,-1.8744587841215277,-0.7444953028301615,0.0,0.0,0.0,-0.028731290328684173,0.9995871712642419,0.16492019935898883,0.015596597860050077,0.0,0.0,0.0,0.0,0.015596597860050077,0.03362112237789916,0.0,0.0,0.0,0.0,0.0,0.0,0.0,0.0,0.0,0.0,0.0,0.0,0.0,0.0,0.0,0.0,0.0,0.0,0.0,0.0,0.0,0.0,0.0,0.0,0.0,0.0,0.0,0.03854590075268572
2026-09-30T01:04:09.317 58,800000000,map,-0.9304806390633832,-0.7856914776848596,0.0,0.0,0.0,-0.06096330691672998,0.9981400078194324,0.15036230559105412,0.013788010117114724,0.0,0.0,0.0,0.0,0.013788010117114724,0.028260266699744574,0.0,0.0,0.0,0.0,0.0,0.0,0.0,0.0,0.0,0.0,0.0,0.0,0.0,0.0,0.0,0.0,0.0,0.0,0.0,0.0,0.0,0.0,0.0,0.0,0.0,0.0,0.0,0.025925092081086988
