2026-09-30T01:07:20.413 0.0,0.0,0.0,0.0,0.0,0.03684210526315797
2026-09-30T01:07:20.463 0.0,0.0,0.0,0.0,0.0,0.03684210526315797
2026-09-30T01:07:20.512 0.0,0.0,0.0,0.0,0.0,0.03684210526315797
2026-09-30T01:07:20.562 0.0,0.0,0.0,0.0,0.0,0.03684210526315797
2026-09-30T01:07:20.611 0.0,0.0,0.0,0.0,0.0,0.03684210526315797
2026-09-30T01:07:20.662 0.0,0.0,0.0,0.0,0.0,0.03684210526315797
2026-09-30T01:07:20.712 0.0,0.0,0.0,0.0,0.0,0.03684210526315797
2026-09-30T01:07:20.762 0.0,0.0,0.0,0.0,0.0,0.03684210526315797
2026-09-30T01:07:20.811 0.0,0.0,0.0,0.0,0.0,0.03684210526315797
2026-09-30T01:07:20.862 0.0,0.0,0.0,0.0,0.0,0.03684210526315797
2026-09-30T01:07:20.911 0.0,0.0,0.0,0.0,0.0,0.03684210526315797
2026-09-30T01:07:20.962 0.0,0.0,0.0,0.0,0.0,0.03684210526315797
2026-09-30T01:07:21.011 0.0,0.0,0.0,0.0,0.0,0.03684210526315797
2026-09-30T01:07:21.062 0.0,0.0,0.0,0.0,0.0,0.03684210526315797
2026-09-30T01:07:21.111 0.0,0.0,0.0,0.0,0.0,0.03684210526315797
2026-09-30T01:07:21.161 0.0,0.0,0.0,0.0,0.0,0.03684210526315797
2026-09-30T01:07:21.211 0.0,0.0,0.0,0.0,0.0,0.03684210526315797
2026-09-30T01:07:21.261 0.0,0.0,0.0,0.0,0.0,0.03684210526315797
2026-09-30T01:07:21.311 0.0,0.0,0.0,0.0,0.0,0.03684210526315797
2026-09-30T01:07:21.362 0.0,0.0,0.0,0.0,0.0,0.03684210526315797
2026-09-30T01:07:21.412 0.0,0.0,0.0,0.0,0.0,0.03684210526315797
2026-09-30T01:07:21.461 0.0,0.0,0.0,0.0,0.0,0.03684210526315797
2026-09-30T01:07:21.512 0.0,0.0,0.0,0.0,0.0,0.03684210526315797
2026-09-30T01:07:21.562 0.0,0.0,0.0,0.0,0.0,0.03684210526315797
2026-09-30T01:07:21.612 0.0,0.0,0.0,0.0,0.0,0.03684210526315797
2026-09-30T01:07:21.661 0.0,0.0,0.0,0.0,0.0,0.03684210526315797
2026-09-30T01:07:21.712 0.0,0.0,0.0,0.0,0.0,0.03684210526315797
2026-09-30T01:07:21.761 0.0,0.0,0.0,0.0,0.0,0.03684210526315797
2026-09-30T01:07:21.811 0.0,0.0,0.0,0.0,0.0,0.03684210526315797
2026-09-30T01:07:21.861 0.0,0.0,0.0,0.0,0.0,0.03684210526315797
2026-09-30T01:07:21.911 0.0,0.0,0.0,0.0,0.0,0.03684210526315797
2026-09-30T01:07:21.961 0.0,0.0,0.0,0.0,0.0,0.03684210526315797
2026-09-30T01:07:22.013 0.0,0.0,0.0,0.0,0.0,0.03684210526315797
2026-09-30T01:07:22.063 0.0,0.0,0.0,0.0,0.0,0.03684210526315797
2026-09-30T01:07:22.111 0.0,0.0,0.0,0.0,0.0,0.03684210526315797
2026-09-30T01:07:22.162 0.0,0.0,0.0,0.0,0.0,0.03684210526315797
2026-09-30T01:07:22.211 0.0,0.0,0.0,0.0,0.0,0.03684210526315797
2026-09-30T01:07:22.262 0.0,0.0,0.0,0.0,0.0,0.03684210526315797
2026-09-30T01:07:22.312 0.0,0.0,0.0,0.0,0.0,0.03684210526315797
2026-09-30T01:07:22.362 0.0,0.0,0.0,0.0,0.0,0.03684210526315797
2026-09-30T01:07:22.411 0.0,0.0,0.0,0.0,0.0,0.03684210526315797
2026-09-30T01:07:22.462 0.0,0.0,0.0,0.0,0.0,0.03684210526315797
2026-09-30T01:07:22.511 0.0,0.0,0.0,0.0,0.0,0.03684210526315797
2026-09-30T01:07:22.564 0.0,0.0,0.0,0.0,0.0,0.03684210526315797
2026-09-30T01:07:22.611 0.0,0.0,0.0,0.0,0.0,0.03684210526315797
2026-09-30T01:07:22.661 0.0,0.0,0.0,0.0,0.0,0.03684210526315797
2026-09-30T01:07:22.711 0.0,0.0,0.0,0.0,0.0,0.03684210526315797
2026-09-30T01:07:22.761 0.0,0.0,0.0,0.0,0.0,0.03684210526315797
2026-09-30T01:07:22.811 0.0,0.0,0.0,0.0,0.0,0.03684210526315797
2026-09-30T01:07:22.861 0.0,0.0,0.0,0.0,0.0,0.03684210526315797
2026-09-30T01:07:22.911 0.0,0.0,0.0,0.0,0.0,0.03684210526315797
2026-09-30T01:07:22.961 0.0,0.0,0.0,0.0,0.0,0.03684210526315797
2026-09-30T01:07:23.012 0.0,0.0,0.0,0.0,0.0,0.03684210526315797
2026-09-30T01:07:23.061 0.0,0.0,0.0,0.0,0.0,0.03684210526315797
2026-09-30T01:07:23.114 0.0,0.0,0.0,0.0,0.0,0.03684210526315797
2026-09-30T01:07:23.161 0.0,0.0,0.0,0.0,0.0,0.03684210526315797
2026-09-30T01:07:23.211 0.0,0.0,0.0,0.0,0.0,0.03684210526315797
2026-09-30T01:07:23.261 0.0,0.0,0.0,0.0,0.0,0.03684210526315797
2026-09-30T01:07:23.311 0.0,0.0,0.0,0.0,0.0,0.03684210526315797
2026-09-30T01:07:23.361 0.0,0.0,0.0,0.0,0.0,0.03684210526315797
2026-09-30T01:07:23.411 0.0,0.0,0.0,0.0,0.0,0.03684210526315797
2026-09-30T01:07:23.462 0.0,0.0,0.0,0.0,0.0,0.03684210526315797
2026-09-30T01:07:23.511 0.0,0.0,0.0,0.0,0.0,0.03684210526315797
2026-09-30T01:07:23.571 0.0,0.0,0.0,0.0,0.0,0.03684210526315797
2026-09-30T01:07:23.612 0.0,0.0,0.0,0.0,0.0,0.03684210526315797
2026-09-30T01:07:23.662 0.0,0.0,0.0,0.0,0.0,0.03684210526315797
2026-09-30T01:07:23.711 0.0,0.0,0.0,0.0,0.0,0.03684210526315797
2026-09-30T01:07:23.762 0.0,0.0,0.0,0.0,0.0,0.03684210526315797
2026-09-30T01:07:23.811 0.0,0.0,0.0,0.0,0.0,0.03684210526315797
2026-09-30T01:07:23.862 0.0,0.0,0.0,0.0,0.0,0.03684210526315797
2026-09-30T01:07:23.912 0.0,0.0,0.0,0.0,0.0,0.03684210526315797
2026-09-30T01:07:23.962 0.0,0.0,0.0,0.0,0.0,0.03684210526315797
2026-09-30T01:07:24.011 0.0,0.0,0.0,0.0,0.0,0.03684210526315797
2026-09-30T01:07:24.061 0.0,0.0,0.0,0.0,0.0,0.03684210526315797
2026-09-30T01:07:24.111 0.0,0.0,0.0,0.0,0.0,0.03684210526315797
2026-09-30T01:07:24.162 0.0,0.0,0.0,0.0,0.0,0.03684210526315797
2026-09-30T01:07:24.212 0.0,0.0,0.0,0.0,0.0,0.03684210526315797
2026-09-30T01:07:24.261 0.0,0.0,0.0,0.0,0.0,0.03684210526315797
2026-09-30T01:07:24.312 0.0,0.0,0.0,0.0,0.0,0.03684210526315797
2026-09-30T01:07:24.361 0.0,0.0,0.0,0.0,0.0,0.03684210526315797
2026-09-30T01:07:24.412 0.0,0.0,0.0,0.0,0.0,0.03684210526315797
2026-09-30T01:07:24.462 0.0,0.0,0.0,0.0,0.0,0.03684210526315797
2026-09-30T01:07:24.511 0.0,0.0,0.0,0.0,0.0,0.03684210526315797
2026-09-30T01:07:24.561 0.0,0.0,0.0,0.0,0.0,0.03684210526315797
2026-09-30T01:07:24.611 0.0,0.0,0.0,0.0,0.0,0.03684210526315797
2026-09-30T01:07:24.662 0.0,0.0,0.0,0.0,0.0,0.03684210526315797
2026-09-30T01:07:24.712 0.0,0.0,0.0,0.0,0.0,0.03684210526315797
2026-09-30T01:07:24.762 0.0,0.0,0.0,0.0,0.0,0.03684210526315797
2026-09-30T01:07:24.811 0.0,0.0,0.0,0.0,0.0,0.03684210526315797
2026-09-30T01:07:24.861 0.0,0.0,0.0,0.0,0.0,0.03684210526315797
2026-09-30T01:07:24.911 0.0,0.0,0.0,0.0,0.0,0.03684210526315797
2026-09-30T01:07:24.962 0.0,0.0,0.0,0.0,0.0,0.03684210526315797
2026-09-30T01:07:25.011 0.0,0.0,0.0,0.0,0.0,0.03684210526315797
2026-09-30T01:07:25.062 0.0,0.0,0.0,0.0,0.0,0.03684210526315797
2026-09-30T01:07:25.111 0.0,0.0,0.0,0.0,0.0,0.03684210526315797
2026-09-30T01:07:25.161 0.0,0.0,0.0,0.0,0.0,0.03684210526315797
2026-09-30T01:07:25.211 0.0,0.0,0.0,0.0,0.0,0.03684210526315797
2026-09-30T01:07:25.262 0.0,0.0,0.0,0.0,0.0,0.03684210526315797
2026-09-30T01:07:25.312 0.0,0.0,0.0,0.0,0.0,0.03684210526315797
2026-09-30T01:07:25.361 0.0,0.0,0.0,0.0,0.0,0.03684210526315797
2026-09-30T01:07:25.412 0.0,0.0,0.0,0.0,0.0,0.03684210526315797
2026-09-30T01:07:25.462 0.0,0.0,0.0,0.0,0.0,0.03684210526315797
2026-09-30T01:07:25.511 0.0,0.0,0.0,0.0,0.0,0.03684210526315797
2026-09-30T01:07:25.562 0.0,0.0,0.0,0.0,0.0,0.03684210526315797
2026-09-30T01:07:25.613 0.0,0.0,0.0,0.0,0.0,0.03684210526315797
2026-09-30T01:07:25.662 0.0,0.0,0.0,0.0,0.0,0.03684210526315797
2026-09-30T01:07:25.712 0.0,0.0,0.0,0.0,0.0,0.03684210526315797
2026-09-30T01:07:25.761 0.0,0.0,0.0,0.0,0.0,0.03684210526315797
2026-09-30T01:07:25.811 0.0,0.0,0.0,0.0,0.0,0.03684210526315797
2026-09-30T01:07:25.861 0.0,0.0,0.0,0.0,0.0,0.03684210526315797
2026-09-30T01:07:25.912 0.0,0.0,0.0,0.0,0.0,0.03684210526315797
2026-09-30T01:07:25.961 0.0,0.0,0.0,0.0,0.0,0.03684210526315797
2026-09-30T01:07:26.011 0.0,0.0,0.0,0.0,0.0,0.03684210526315797
2026-09-30T01:07:26.062 0.0,0.0,0.0,0.0,0.0,0.03684210526315797
2026-09-30T01:07:26.111 0.0,0.0,0.0,0.0,0.0,0.03684210526315797
2026-09-30T01:07:26.162 0.0,0.0,0.0,0.0,0.0,0.03684210526315797
2026-09-30T01:07:26.212 0.0,0.0,0.0,0.0,0.0,0.03684210526315797
2026-09-30T01:07:26.261 0.0,0.0,0.0,0.0,0.0,0.03684210526315797
2026-09-30T01:07:26.312 0.0,0.0,0.0,0.0,0.0,0.03684210526315797
2026-09-30T01:07:26.362 0.0,0.0,0.0,0.0,0.0,0.03684210526315797
2026-09-30T01:07:26.422 0.0,0.0,0.0,0.0,0.0,0.03684210526315797
2026-09-30T01:07:26.462 0.0,0.0,0.0,0.0,0.0,0.03684210526315797
2026-09-30T01:07:26.512 0.0,0.0,0.0,0.0,0.0,0.03684210526315797
2026-09-30T01:07:26.562 0.0,0.0,0.0,0.0,0.0,0.03684210526315797
2026-09-30T01:07:26.611 0.0,0.0,0.0,0.0,0.0,0.03684210526315797
2026-09-30T01:07:26.662 0.0,0.0,0.0,0.0,0.0,0.03684210526315797
2026-09-30T01:07:26.711 0.0,0.0,0.0,0.0,0.0,0.03684210526315797
2026-09-30T01:07:26.762 0.0,0.0,0.0,0.0,0.0,0.03684210526315797
2026-09-30T01:07:26.811 0.0,0.0,0.0,0.0,0.0,0.03684210526315797
2026-09-30T01:07:26.861 0.0,0.0,0.0,0.0,0.0,0.03684210526315797
2026-09-30T01:07:26.912 0.0,0.0,0.0,0.0,0.0,0.03684210526315797
2026-09-30T01:07:26.961 0.0,0.0,0.0,0.0,0.0,0.03684210526315797
2026-09-30T01:07:27.011 0.0,0.0,0.0,0.0,0.0,0.03684210526315797
2026-09-30T01:07:27.062 0.0,0.0,0.0,0.0,0.0,0.03684210526315797
2026-09-30T01:07:27.112 0.0,0.0,0.0,0.0,0.0,0.03684210526315797
2026-09-30T01:07:27.162 0.0,0.0,0.0,0.0,0.0,0.03684210526315797
2026-09-30T01:07:27.212 0.0,0.0,0.0,0.0,0.0,0.03684210526315797
2026-09-30T01:07:27.262 0.0,0.0,0.0,0.0,0.0,0.03684210526315797
2026-09-30T01:07:27.322 0.0,0.0,0.0,0.0,0.0,0.03684210526315797
2026-09-30T01:07:27.362 0.0,0.0,0.0,0.0,0.0,0.03684210526315797
2026-09-30T01:07:27.412 0.0,0.0,0.0,0.0,0.0,0.03684210526315797
2026-09-30T01:07:27.462 0.0,0.0,0.0,0.0,0.0,0.03684210526315797
2026-09-30T01:07:27.512 0.0,0.0,0.0,0.0,0.0,0.03684210526315797
2026-09-30T01:07:27.562 0.0,0.0,0.0,0.0,0.0,0.03684210526315797
2026-09-30T01:07:27.614 0.0,0.0,0.0,0.0,0.0,0.03684210526315797
2026-09-30T01:07:27.672 0.0,0.0,0.0,0.0,0.0,0.03684210526315797
2026-09-30T01:07:27.711 0.0,0.0,0.0,0.0,0.0,0.03684210526315797
2026-09-30T01:07:27.762 0.0,0.0,0.0,0.0,0.0,0.03684210526315797
2026-09-30T01:07:27.812 0.0,0.0,0.0,0.0,0.0,0.03684210526315797
2026-09-30T01:07:27.872 0.0,0.0,0.0,0.0,0.0,0.03684210526315797
2026-09-30T01:07:27.912 0.0,0.0,0.0,0.0,0.0,0.03684210526315797
2026-09-30T01:07:27.962 0.0,0.0,0.0,0.0,0.0,0.03684210526315797
2026-09-30T01:07:28.012 0.0,0.0,0.0,0.0,0.0,0.03684210526315797
2026-09-30T01:07:28.062 0.0,0.0,0.0,0.0,0.0,0.03684210526315797
2026-09-30T01:07:28.112 0.0,0.0,0.0,0.0,0.0,0.03684210526315797
2026-09-30T01:07:28.172 0.0,0.0,0.0,0.0,0.0,0.03684210526315797
2026-09-30T01:07:28.211 0.0,0.0,0.0,0.0,0.0,0.03684210526315797
2026-09-30T01:07:28.262 0.0,0.0,0.0,0.0,0.0,0.03684210526315797
2026-09-30T01:07:28.311 0.0,0.0,0.0,0.0,0.0,0.03684210526315797
2026-09-30T01:07:28.362 0.0,0.0,0.0,0.0,0.0,0.03684210526315797
2026-09-30T01:07:28.414 0.0,0.0,0.0,0.0,0.0,0.03684210526315797
2026-09-30T01:07:28.462 0.0,0.0,0.0,0.0,0.0,0.03684210526315797
2026-09-30T01:07:28.511 0.0,0.0,0.0,0.0,0.0,0.03684210526315797
2026-09-30T01:07:28.562 0.0,0.0,0.0,0.0,0.0,0.03684210526315797
2026-09-30T01:07:28.611 0.0,0.0,0.0,0.0,0.0,0.03684210526315797
2026-09-30T01:07:28.662 0.0,0.0,0.0,0.0,0.0,0.03684210526315797
2026-09-30T01:07:28.712 0.0,0.0,0.0,0.0,0.0,0.03684210526315797
2026-09-30T01:07:28.761 0.0,0.0,0.0,0.0,0.0,0.03684210526315797
2026-09-30T01:07:28.811 0.0,0.0,0.0,0.0,0.0,0.03684210526315797
2026-09-30T01:07:28.861 0.0,0.0,0.0,0.0,0.0,0.03684210526315797
2026-09-30T01:07:28.912 0.0,0.0,0.0,0.0,0.0,0.03684210526315797
2026-09-30T01:07:28.962 0.0,0.0,0.0,0.0,0.0,0.03684210526315797
2026-09-30T01:07:29.012 0.0,0.0,0.0,0.0,0.0,0.03684210526315797
2026-09-30T01:07:29.062 0.0,0.0,0.0,0.0,0.0,0.03684210526315797
2026-09-30T01:07:29.122 0.0,0.0,0.0,0.0,0.0,0.03684210526315797
2026-09-30T01:07:29.162 0.0,0.0,0.0,0.0,0.0,0.03684210526315797
2026-09-30T01:07:29.212 0.0,0.0,0.0,0.0,0.0,0.03684210526315797
2026-09-30T01:07:29.261 0.0,0.0,0.0,0.0,0.0,0.03684210526315797
2026-09-30T01:07:29.312 0.0,0.0,0.0,0.0,0.0,0.03684210526315797
2026-09-30T01:07:29.361 0.0,0.0,0.0,0.0,0.0,0.03684210526315797
2026-09-30T01:07:29.411 0.0,0.0,0.0,0.0,0.0,0.03684210526315797
2026-09-30T01:07:29.462 0.0,0.0,0.0,0.0,0.0,0.03684210526315797
2026-09-30T01:07:29.511 0.0,0.0,0.0,0.0,0.0,0.03684210526315797
2026-09-30T01:07:29.562 0.0,0.0,0.0,0.0,0.0,0.03684210526315797
2026-09-30T01:07:29.611 0.0,0.0,0.0,0.0,0.0,0.03684210526315797
2026-09-30T01:07:29.661 0.0,0.0,0.0,0.0,0.0,0.03684210526315797
2026-09-30T01:07:29.722 0.0,0.0,0.0,0.0,0.0,0.03684210526315797
2026-09-30T01:07:29.762 0.0,0.0,0.0,0.0,0.0,0.03684210526315797
2026-09-30T01:07:29.812 0.0,0.0,0.0,0.0,0.0,0.03684210526315797
2026-09-30T01:07:29.862 0.0,0.0,0.0,0.0,0.0,0.03684210526315797
2026-09-30T01:07:29.912 0.0,0.0,0.0,0.0,0.0,0.03684210526315797
2026-09-30T01:07:29.961 0.0,0.0,0.0,0.0,0.0,0.03684210526315797
2026-09-30T01:07:30.011 0.0,0.0,0.0,0.0,0.0,0.0
2026-09-30T01:07:30.062 0.0,0.0,0.0,0.0,0.0,0.0
2026-09-30T01:07:30.112 0.0,0.0,0.0,0.0,0.0,0.0
2026-09-30T01:07:30.161 0.0,0.0,0.0,0.0,0.0,0.0
2026-09-30T01:07:30.211 0.0,0.0,0.0,0.0,0.0,0.0
2026-09-30T01:07:30.262 0.0,0.0,0.0,0.0,0.0,0.0
2026-09-30T01:07:30.312 0.0,0.0,0.0,0.0,0.0,0.0
2026-09-30T01:07:30.361 0.0,0.0,0.0,0.0,0.0,0.0
2026-09-30T01:07:30.412 0.0,0.0,0.0,0.0,0.0,0.0
2026-09-30T01:07:30.462 0.0,0.0,0.0,0.0,0.0,0.0
2026-09-30T01:07:30.522 0.0,0.0,0.0,0.0,0.0,0.0
2026-09-30T01:07:30.562 0.0,0.0,0.0,0.0,0.0,0.0
2026-09-30T01:07:30.612 0.0,0.0,0.0,0.0,0.0,0.0
2026-09-30T01:07:30.661 0.0,0.0,0.0,0.0,0.0,0.0
2026-09-30T01:07:30.712 0.0,0.0,0.0,0.0,0.0,0.0
2026-09-30T01:07:30.762 0.0,0.0,0.0,0.0,0.0,0.0
2026-09-30T01:07:30.812 0.0,0.0,0.0,0.0,0.0,0.0
2026-09-30T01:07:30.862 0.0,0.0,0.0,0.0,0.0,0.0
2026-09-30T01:07:30.911 0.0,0.0,0.0,0.0,0.0,0.0
2026-09-30T01:07:30.962 0.0,0.0,0.0,0.0,0.0,0.0
2026-09-30T01:07:31.012 0.0,0.0,0.0,0.0,0.0,0.0
2026-09-30T01:07:31.062 0.0,0.0,0.0,0.0,0.0,0.0
2026-09-30T01:07:31.112 0.0,0.0,0.0,0.0,0.0,0.0
2026-09-30T01:07:31.162 0.0,0.0,0.0,0.0,0.0,0.0
2026-09-30T01:07:31.212 0.0,0.0,0.0,0.0,0.0,0.0
2026-09-30T01:07:31.262 0.0,0.0,0.0,0.0,0.0,0.0
2026-09-30T01:07:31.312 0.0,0.0,0.0,0.0,0.0,0.0
2026-09-30T01:07:31.361 0.0,0.0,0.0,0.0,0.0,0.0
2026-09-30T01:07:31.412 0.0,0.0,0.0,0.0,0.0,0.0
2026-09-30T01:07:31.462 0.0,0.0,0.0,0.0,0.0,0.0
2026-09-30T01:07:31.512 0.0,0.0,0.0,0.0,0.0,0.0
2026-09-30T01:07:31.562 0.0,0.0,0.0,0.0,0.0,0.0
2026-09-30T01:07:31.613 0.0,0.0,0.0,0.0,0.0,0.0
2026-09-30T01:07:31.672 0.0,0.0,0.0,0.0,0.0,0.0
2026-09-30T01:07:31.712 0.0,0.0,0.0,0.0,0.0,0.0
2026-09-30T01:07:31.761 0.0,0.0,0.0,0.0,0.0,0.0
2026-09-30T01:07:31.812 0.0,0.0,0.0,0.0,0.0,0.0
2026-09-30T01:07:31.862 0.0,0.0,0.0,0.0,0.0,0.0
2026-09-30T01:07:31.912 0.0,0.0,0.0,0.0,0.0,0.0
2026-09-30T01:07:31.962 0.0,0.0,0.0,0.0,0.0,0.0
2026-09-30T01:07:32.013 0.0,0.0,0.0,0.0,0.0,0.0
2026-09-30T01:07:32.062 0.0,0.0,0.0,0.0,0.0,0.0
2026-09-30T01:07:32.112 0.0,0.0,0.0,0.0,0.0,0.0
2026-09-30T01:07:32.161 0.0,0.0,0.0,0.0,0.0,0.0
2026-09-30T01:07:32.212 0.0,0.0,0.0,0.0,0.0,0.0
2026-09-30T01:07:32.262 0.0,0.0,0.0,0.0,0.0,0.0
2026-09-30T01:07:32.312 0.0,0.0,0.0,0.0,0.0,0.0
2026-09-30T01:07:32.362 0.0,0.0,0.0,0.0,0.0,0.0
2026-09-30T01:07:32.412 0.0,0.0,0.0,0.0,0.0,0.0
2026-09-30T01:07:32.472 0.0,0.0,0.0,0.0,0.0,0.0
2026-09-30T01:07:32.512 0.0,0.0,0.0,0.0,0.0,0.0
2026-09-30T01:07:32.561 0.0,0.0,0.0,0.0,0.0,0.0
2026-09-30T01:07:32.622 0.0,0.0,0.0,0.0,0.0,0.0
2026-09-30T01:07:32.664 0.0,0.0,0.0,0.0,0.0,0.0
2026-09-30T01:07:32.712 0.0,0.0,0.0,0.0,0.0,0.0
2026-09-30T01:07:32.762 0.0,0.0,0.0,0.0,0.0,0.0
2026-09-30T01:07:32.811 0.0,0.0,0.0,0.0,0.0,0.0
2026-09-30T01:07:32.862 0.0,0.0,0.0,0.0,0.0,0.0
