2026-09-30T01:07:18.241 0.009543883870984357,-5.950972360002201e-07,-1.5045206839168888e-05,-3.42444431984938e-07,7.601628134563539e-08,-7.274496712896794e-06,0.9999999999734793
2026-09-30T01:07:18.298 0.009562003707466432,-5.948691004930779e-07,-1.504405389675487e-05,-3.1941558839637084e-07,5.552748194135408e-08,-4.659196097949187e-06,0.9999999999890934
2026-09-30T01:07:18.345 0.009580123569009709,-7.13850251793325e-07,-1.5027999792274198e-05,-3.2704000430565285e-07,4.039270819044305e-08,1.578677206459256e-06,0.9999999999986996
2026-09-30T01:07:18.400 0.009600627510117114,-1.1754565967092431e-07,-1.5075320025415345e-05,-1.4278005774524342e-07,9.371208416919983e-08,-2.104476522431603e-06,0.999999999997771
2026-09-30T01:07:18.453 0.009619224047802997,-5.941486953106743e-07,-1.5164327790487927e-05,-2.916483250918691e-07,9.115043697232448e-08,-3.984424268228161e-06,0.9999999999920155
2026-09-30T01:07:18.505 0.009637343841667107,-9.515484338954104e-07,-1.5192977074714734e-05,-3.200860860847857e-07,8.717635965623155e-08,-8.634135987972238e-07,0.9999999999995722
2026-09-30T01:07:18.610 0.009656894156770858,-3.5525584314929684e-07,-1.5208987162576282e-05,-2.8178849267231103e-07,1.25370078588712e-07,-1.2414202682750163e-06,0.9999999999991819
2026-09-30T01:07:18.684 0.009672152951070202,-4.1466837567927694e-07,-1.521821177255134e-05,-2.65621255971616e-07,1.1757587575063431e-07,-3.1591864639229554e-06,0.9999999999949676
2026-09-30T01:07:18.743 0.009692180113992753,-7.124394530710621e-07,-1.5234975644245798e-05,-3.020314488403676e-07,2.6537779248071666e-08,-9.80423536714167e-07,0.9999999999994734
2026-09-30T01:07:18.800 0.009711730405536186,-1.1614686505889073e-07,-1.5265886874675502e-05,-3.45816110744104e-07,1.2314542950299194e-07,-9.957191656896972e-07,0.9999999999994369
2026-09-30T01:07:18.865 0.00972889649971392,-2.3514003413907777e-07,-1.5307929480324184e-05,-2.1381150125286228e-07,9.941388536430257e-08,-2.1321997932639313e-06,0.9999999999976991
2026-09-30T01:07:18.920 0.009749400360088062,-7.11719058824427e-07,-1.5414854108251486e-05,-2.818779412708796e-07,1.6751327817420008e-07,-1.6293989866606124e-06,0.9999999999986188
2026-09-30T01:07:18.983 0.009765613011491545,-4.1349169401470474e-07,-1.5306377496320043e-05,-2.605201888076268e-07,5.273346016006092e-08,-1.20308473776847e-05,0.999999999927594
2026-09-30T01:07:19.032 0.009782779197659205,-3.5367091784712623e-07,-1.528881556094384e-05,-1.996280986092637e-07,5.238496186195289e-08,-8.048436596041238e-06,0.99999999996759
2026-09-30T01:07:19.079 0.009802329311226338,-5.91843378495811e-07,-1.5438935795429333e-05,-3.364796756732898e-07,1.3189690581924675e-07,7.052937938810191e-06,0.9999999999750627
2026-09-30T01:07:19.131 0.009822356633817987,-4.7238192335534174e-07,-1.535139173739142e-05,-2.4248763026002914e-07,1.2805417885575628e-07,-3.3423918322773876e-06,0.9999999999943766
2026-09-30T01:07:19.182 0.009839999474068823,-8.893923238025397e-07,-1.5453792794638128e-05,-2.3045503471510717e-07,6.750160643403241e-09,-5.531595457888887e-06,0.9999999999846741
2026-09-30T01:07:19.238 0.009858596021056583,-2.335071060657006e-07,-1.5527899602378287e-05,-3.2723285058848727e-07,7.331320217344828e-09,-9.550499429644913e-06,0.9999999999543404
2026-09-30T01:07:19.288 0.009874808635845654,-7.697447735131813e-07,-1.5449225139093672e-05,-3.759352656186657e-07,6.146424640942243e-08,-7.526067519510006e-06,0.9999999999716066
2026-09-30T01:07:19.340 0.00989483570302606,-9.48306572299404e-07,-1.552559360055926e-05,-2.6193647700304477e-07,5.8903840610912175e-08,-6.4613568836854395e-06,0.9999999999790894
2026-09-30T01:07:19.384 0.009913909015144573,-2.328107145716399e-07,-1.5645157775824784e-05,-3.483968590434466e-07,-9.199668115603836e-09,-8.348773282609068e-06,0.9999999999650883
2026-09-30T01:07:19.448 0.009931552035623046,5.829999330021207e-09,-1.5628349799767965e-05,-3.411087103483986e-07,1.2863606644887292e-07,-7.630216100411247e-06,0.9999999999708234
2026-09-30T01:07:19.489 0.009950148711669039,-2.3235444082341349e-07,-1.5627950748428588e-05,-2.0857261350262244e-07,5.5760866682536226e-08,-6.993394185791763e-06,0.9999999999755229
2026-09-30T01:07:19.542 0.00996874526991346,-4.705388946465589e-07,-1.570205740993001e-05,-3.064600959648472e-07,4.86590248088274e-08,-7.708054950411488e-06,0.9999999999702448
2026-09-30T01:07:19.604 0.009985434601962214,-8.875612828003334e-07,-1.569864260905633e-05,-3.2070232103830273e-07,4.027704757532465e-08,-7.466247581248438e-06,0.9999999999720753
2026-09-30T01:07:19.657 0.010005461734570457,-6.488905599900701e-07,-1.5730307711062187e-05,-3.683772504237842e-07,3.7715558002332156e-08,-7.103720461627181e-06,0.9999999999747
2026-09-30T01:07:19.712 0.010024535265485801,-4.6983648059281747e-07,-1.5715761515471034e-05,-2.742411044909726e-07,2.6191029124059544e-08,-8.19173908544215e-06,0.9999999999664098
2026-09-30T01:07:19.773 0.010042178215283325,-2.3119577489298277e-07,-1.5743656967118695e-05,-1.815430488310468e-07,1.827539129397973e-08,-7.566064658535179e-06,0.9999999999713607
2026-09-30T01:07:19.831 0.010060774845709579,-5.885895100556329e-07,-1.577306018141714e-05,-2.9989389991915354e-07,3.305939541970434e-08,-7.65358570821495e-06,0.9999999999706658
2026-09-30T01:07:19.877 0.010080325001894676,-4.691340966124396e-07,-1.589337818926181e-05,-3.3973068197528614e-07,9.18499027777147e-08,5.286032598480786e-06,0.999999999985967
2026-09-30T01:07:19.921 0.01009939846813263,-7.669171835823384e-07,-1.5923535343381143e-05,-4.072329056946264e-07,1.3724689263565137e-07,-2.3445212639662866e-06,0.9999999999971593
2026-09-30T01:07:19.978 0.010117995233166775,-5.87869099405345e-07,-1.586353179001388e-05,-4.721495488641196e-07,1.337576151842195e-07,-6.102975357906549e-06,0.9999999999812564
2026-09-30T01:07:20.034 0.010135161327344506,-7.068622684855321e-07,-1.5905574395662562e-05,-3.0102972894562584e-07,6.049450021249162e-08,3.829359138010018e-07,0.9999999999998795
2026-09-30T01:07:20.089 0.010153280758798568,-3.4900631083141264e-07,-1.6157740935402738e-05,-4.0901132484385495e-07,6.001208575270543e-07,3.323320978339878e-05,0.9999999994475132
2026-09-30T01:07:20.138 0.010172354521564836,1.2807101975858966e-07,-1.5994183362876247e-05,-2.3237795180576315e-07,-1.0162607883382563e-07,7.236216414292413e-05,0.9999999973818264
2026-09-30T01:07:20.185 0.010191904724870565,2.4752643866966736e-07,-1.6084699085584598e-05,-3.825921397507816e-07,-3.887866496036688e-08,7.88075320477698e-05,0.9999999968946125
2026-09-30T01:07:20.233 0.010210501399415671,1.28551288057564e-07,-1.6084300053743723e-05,-4.5958805437217075e-07,1.230534285173747e-07,6.569934226760518e-05,0.999999997841685
2026-09-30T01:07:20.278 0.010230051813263344,3.672160211154523e-07,-1.6040705512837146e-05,-2.800751239154257e-07,4.98297783505508e-08,7.097659670035144e-05,0.9999999974811209
2026-09-30T01:07:20.316 0.010249602047633826,-1.0937500494618419e-07,-1.6116319995484845e-05,-2.8472853568619083e-07,-4.749149627218826e-08,9.449960533771452e-05,0.9999999955348706
2026-09-30T01:07:20.374 0.01026724487812889,2.48474976625271e-07,-1.62187211794718e-05,-4.060361587943424e-07,4.121649470699566e-08,9.83484515565491e-05,0.9999999951637077
2026-09-30T01:07:20.421 0.01028679515361645,2.4872111419684393e-07,-1.6264533454977175e-05,-3.687491751428953e-07,7.037360819386357e-07,9.858535623767695e-05,0.9999999951401481
2026-09-30T01:07:20.475 0.010304914939976121,4.873678233187644e-07,-1.6293182836696475e-05,-3.156637796637096e-07,2.4098821376590325e-07,0.00012935590266872213,0.9999999916334463
2026-09-30T01:07:20.524 0.010324465284643735,6.068232586334949e-07,-1.6294291703995872e-05,-2.668956949234052e-07,1.1665799984594333e-07,0.00014152214138191897,0.9999999899856993
2026-09-30T01:07:20.574 0.01034210820938006,9.646732511407188e-07,-1.6337088317710183e-05,-2.543317619761495e-07,1.6438817344949772e-07,0.00013946443164674735,0.9999999902747903
2026-09-30T01:07:20.620 0.010362135371552167,7.265068185195991e-07,-1.635385219915389e-05,-2.8436920749164723e-07,2.1840472211978878e-07,0.00014006603227601007,0.999999990190689
2026-09-30T01:07:20.676 0.010381685670600042,7.267529588251142e-07,-1.638476333209111e-05,-2.328199708561222e-07,1.3272345943460674e-07,0.00014074804000980688,0.9999999900949587
2026-09-30T01:07:20.720 0.010400282365703688,8.461963900296155e-07,-1.6369463196679067e-05,-2.2216407495438625e-07,1.7835823724607692e-07,0.0001398096650848288,0.9999999902265881
2026-09-30T01:07:20.777 0.01041935578106879,8.464365214451605e-07,-1.6429422684680966e-05,-2.9657317050610195e-07,1.3935870834961618e-07,0.0001405092342520899,0.9999999901285238
2026-09-30T01:07:20.814 0.01043842924505541,7.274673687872586e-07,-1.645957986804805e-05,-2.2619088805731605e-07,1.585677041015349e-07,0.00014089442685876404,0.999999990074342
2026-09-30T01:07:20.868 0.010457025894539314,7.277015049825442e-07,-1.647408199827383e-05,-2.730541042809426e-07,1.1002223134452212e-07,0.00014079900327430915,0.999999990087777
2026-09-30T01:07:20.905 0.01047609930690264,9.663602154807517e-07,-1.6534041525272724e-05,-2.8034066595992085e-07,1.3190822697076574e-07,0.00014042409374821863,0.9999999901404889
2026-09-30T01:07:20.975 0.010495172750330722,6.089724810062452e-07,-1.6579099812210968e-05,-2.846750129487898e-07,1.5006903993975497e-07,0.00014113114529822055,0.9999999900409481
2026-09-30T01:07:21.015 0.01051376944243259,9.66834491293409e-07,-1.6563799715795925e-05,-2.288832908391122e-07,1.5065145820726728e-07,0.00014102053543946886,0.9999999900565667
2026-09-30T01:07:21.076 0.010532842815179726,6.094467486170758e-07,-1.6653561430438646e-05,-2.1042599654807798e-07,1.4611136075291166e-07,0.0001408052976512982,0.9999999900869012
2026-09-30T01:07:21.110 0.010551916301225773,6.096868882344473e-07,-1.666881749073607e-05,-1.385282731573392e-07,1.5414451094232463e-07,0.00014133696808476826,0.9999999900119092
2026-09-30T01:07:21.163 0.010571943314531554,9.67566886916331e-07,-1.6774988325081215e-05,-2.404876657883101e-07,2.0641428319922816e-07,0.00014078943111126406,0.9999999900891178
2026-09-30T01:07:21.201 0.010590063315935833,9.677950415610683e-07,-1.6669527384690083e-05,-1.3387785319381694e-07,1.0280540273339112e-07,0.0001413141479088838,0.9999999900151415
2026-09-30T01:07:21.256 0.010608182988996592,8.488138683892842e-07,-1.677268242075468e-05,-2.939242111781096e-07,1.67647696125824e-07,0.0001412172424311767,0.9999999900287879
2026-09-30T01:07:21.295 0.010627256475042639,8.490540080066556e-07,-1.67879384810521e-05,-2.0642494397415452e-07,1.6869600372984263e-07,0.00014145489330814756,0.999999989995221
2026-09-30T01:07:21.345 0.010646329821227684,7.30084841679043e-07,-1.6892601377259978e-05,-2.9070933926381574e-07,1.4017375329701872e-07,0.0001417413119234639,0.9999999899546481
2026-09-30T01:07:21.383 0.010666833886140217,8.495522893058293e-07,-1.6865415819566336e-05,-2.1376509788864557e-07,1.3609969082626737e-07,0.00014158493496807908,0.9999999899768209
2026-09-30T01:07:21.443 0.010686384163128665,7.305891373360709e-07,-1.691122807557322e-05,-2.399699041381284e-07,1.6415561810844647e-07,0.00014172596314666219,0.9999999899568334
2026-09-30T01:07:21.478 0.010704503927428909,8.500265541827179e-07,-1.6954778580362173e-05,-2.5715536131350824e-07,1.473917390819434e-07,0.00014207106151140498,0.9999999899078628
2026-09-30T01:07:21.531 0.010722623858152243,8.502547006256286e-07,-1.6894021067675522e-05,-2.109948767220016e-07,1.7474960086982004e-07,0.00014186057403798606,0.9999999899377512
2026-09-30T01:07:21.568 0.010740743598892169,9.696921147383334e-07,-1.6952472715032638e-05,-1.8078468149945808e-07,1.996626312357361e-07,0.00014150044893829677,0.9999999899887752
2026-09-30T01:07:21.624 0.010759817039318475,8.507229593464893e-07,-1.699753104096788e-05,-3.326712391967259e-07,1.66716214730606e-07,0.00014227152929502526,0.9999999898793367
2026-09-30T01:07:21.670 0.010779844171926718,1.0893936821567526e-06,-1.7029196142973732e-05,-1.9045383764325533e-07,1.714901573214798e-07,0.00014251396927024635,0.9999999898448514
2026-09-30T01:07:21.715 0.010798440824412395,8.512092392693758e-07,-1.7043698234202518e-05,-2.975742791403201e-07,1.983813388603683e-07,0.00014161567708618664,0.999999989972436
2026-09-30T01:07:21.750 0.010817514285397239,9.706586656941365e-07,-1.7073855456566594e-05,-1.6375425383868725e-07,1.4972063659739968e-07,0.0001421172630124235,0.9999999899013171
2026-09-30T01:07:21.805 0.01083611095844146,9.708928046233642e-07,-1.7073456444224218e-05,-1.8453711094722367e-07,1.7533193239655742e-07,0.00014293076039559194,0.9999999897853664
2026-09-30T01:07:21.840 0.01085518432818682,8.519236410296937e-07,-1.7163218197863933e-05,-1.986627335515221e-07,1.7754366956697633e-07,0.00014214575373341275,0.9999999898972568
2026-09-30T01:07:21.891 0.010874257814232867,8.521637806470653e-07,-1.7178474258161355e-05,-1.368627010160957e-07,1.7894100357252656e-07,0.00014168379738677643,0.9999999899628254
2026-09-30T01:07:21.933 0.010893331323839227,8.524039229983788e-07,-1.7178829175890618e-05,-1.616960705189925e-07,1.1933630536772572e-07,0.00014264988987235097,0.9999999898254842
2026-09-30T01:07:21.982 0.010912881673009509,6.142314896891157e-07,-1.7179937984694523e-05,-1.6206933933310913e-07,1.2701972084514054e-07,0.0001427689247977201,0.9999999898084958
2026-09-30T01:07:22.021 0.010930047693504521,7.336568914897647e-07,-1.726668405704468e-05,-2.623791365520074e-07,1.991965179123696e-07,0.0001422522655894695,0.9999999898820922
2026-09-30T01:07:22.084 0.010949598036671249,9.723216163458265e-07,-1.7267792943842575e-05,-2.9274150779440687e-07,1.7579687062519962e-07,0.00014242045191714548,0.9999999898581491
2026-09-30T01:07:22.121 0.010969148148737494,8.533584452384731e-07,-1.7417913197826568e-05,-2.1598617391087414e-07,2.252738865262241e-07,0.0001429239746265491,0.99999998978632
2026-09-30T01:07:22.181 0.01098679112509711,8.535805745895874e-07,-1.743090746790907e-05,-3.400251529686703e-07,1.7614586511908606e-07,0.0001429852203209938,0.99999998977754
2026-09-30T01:07:22.215 0.011007772073692416,9.730540311063438e-07,-1.737467355515075e-05,-2.3072511230189427e-07,1.7661217718876315e-07,0.00014252613761428252,0.9999999898431078
2026-09-30T01:07:22.276 0.011025891982356322,8.540728852739812e-07,-1.7328817165533757e-05,-1.8602277541111493e-07,1.5915019083158835e-07,0.0001428139102232884,0.9999999898020635
2026-09-30T01:07:22.320 0.011044965256359536,8.543130002858732e-07,-1.747818350894461e-05,-2.9620569632008473e-07,1.792893831583439e-07,0.00014334022399466843,0.9999999897267301
2026-09-30T01:07:22.384 0.011062608188600302,6.161165450864407e-07,-1.7520980025166436e-05,-3.435864858633928e-07,2.08276428558422e-07,0.00014261318889890806,0.9999999898306584
2026-09-30T01:07:22.422 0.011083589017893143,8.547992774748175e-07,-1.7539251844747408e-05,-3.207127436481546e-07,2.0687966680296155e-07,0.00014356704886210077,0.9999999896941784
2026-09-30T01:07:22.477 0.011102185687935586,1.0934519954867081e-06,-1.753885287140203e-05,-3.0195509523744163e-07,1.70674621983728e-07,0.00014342794606297902,0.9999999897141519
2026-09-30T01:07:22.511 0.011121259106302465,8.552735478195904e-07,-1.7598812320406927e-05,-9.834202013987831e-08,1.7416835178014903e-07,0.00014328509016359273,0.9999999897346714
2026-09-30T01:07:22.568 0.01113842531828177,7.362803924091142e-07,-1.7566349213214817e-05,-2.2732611882220412e-07,1.6403945817389104e-07,0.00014387599924884877,0.9999999896498091
2026-09-30T01:07:22.604 0.01115749866146504,8.55729805164164e-07,-1.7671012148419688e-05,-2.6005697067897847e-07,1.9989511954870036e-07,0.00014342206327947488,0.999999989715002
2026-09-30T01:07:22.658 0.011177525775015632,7.367726566164913e-07,-1.771757833449821e-05,-3.191125188494961e-07,1.9768286617725898e-07,0.00014352688382417148,0.9999999896999463
2026-09-30T01:07:22.693 0.011196599305180532,9.754313807844096e-07,-1.7703032148656306e-05,-3.081634004635871e-07,1.7649540457313548e-07,0.00014411707297291021,0.9999999896150715
2026-09-30T01:07:22.746 0.011216149744089406,1.094886827034909e-06,-1.764453644568307e-05,-7.599140224271287e-08,1.3540222821955916e-07,0.0001435666516885216,0.9999999896942962
2026-09-30T01:07:22.783 0.01123379260264745,1.0951089427163124e-06,-1.7732036428606367e-05,-2.2445761293405754e-07,1.9617010038286853e-07,0.0001439796355551117,0.9999999896348878
2026-09-30T01:07:22.835 0.011254296694122074,9.761578139943782e-07,-1.768994968934757e-05,-7.790535267095137e-08,1.5239889012754695e-07,0.0001440954704382427,0.999999989618233
2026-09-30T01:07:22.869 0.011272893175682,1.2148105101347316e-06,-1.7808759856547464e-05,-2.120211128571346e-07,1.9535528168737185e-07,0.0001441013379720437,0.9999999896173606
2026-09-30T01:07:22.927 0.011291013038726164,9.766200692931532e-07,-1.779270573256829e-05,-3.498201161991219e-07,1.9616932560039633e-07,0.00014414807172840067,0.9999999896105862
2026-09-30T01:07:22.966 0.01131199375321921,9.768842089291568e-07,-1.7885483225993063e-05,-2.246403948504823e-07,1.9570444419652047e-07,0.00014404276259227932,0.9999999896257968
2026-09-30T01:07:23.019 0.011328206312632767,1.096297628491114e-06,-1.783661115508651e-05,-7.285980945042237e-08,1.748670615925501e-07,0.00014400503987854667,0.9999999896312562
2026-09-30T01:07:23.067 0.011347756470318755,1.096543752392976e-06,-1.7956929143432683e-05,-1.362064494660832e-07,1.5996550531251394e-07,0.00014397956570405172,0.9999999896349202
2026-09-30T01:07:23.106 0.011367306863607889,1.0967899036342597e-06,-1.7928235706097264e-05,-2.8990656999601824e-07,2.0525019892512144e-07,0.0001454242861723321,0.9999999894258254
2026-09-30T01:07:23.144 0.011386856994731784,1.3354546038848423e-06,-1.8063454876008594e-05,-2.436365247010676e-07,1.5414412861709402e-07,0.00014474065887106245,0.9999999895250292
2026-09-30T01:07:23.197 0.011405453741458724,1.097270171933234e-06,-1.801835239696474e-05,-2.925438551302546e-07,1.720717721686675e-07,0.0001447296088605169,0.9999999895266125
2026-09-30T01:07:23.237 0.011424527229005657,9.783010220092743e-07,-1.8033608437763664e-05,-2.0824460281599227e-07,1.8452876271237904e-07,0.00014504595876930226,0.9999999894807962
2026-09-30T01:07:23.289 0.011442647062485956,1.216947736599079e-06,-1.8032455534346643e-05,-1.53950197851249e-07,1.373809213774857e-07,0.00014508887299116694,0.9999999894745881
2026-09-30T01:07:23.324 0.011463151056717543,1.336415176024039e-06,-1.804997340435748e-05,-2.263279315597857e-07,1.2527325579422493e-07,0.0001448322048495808,0.9999999895117827
2026-09-30T01:07:23.377 0.011481747566340447,1.2174400062743405e-06,-1.815388237049372e-05,-2.931970931522053e-07,1.8557596852462363e-07,0.00014508514142799433,0.9999999894750906
2026-09-30T01:07:23.415 0.011500821146627753,1.2176801568274805e-06,-1.81095338605185e-05,-1.7802324419168503e-07,1.8103653782757983e-07,0.00014557466424977399,0.9999999894039763
2026-09-30T01:07:23.470 0.011519894539933427,1.0987109959677522e-06,-1.818439447159006e-05,-2.0838555947868798e-07,1.9826577325894904e-07,0.00014516612798626334,0.9999999894633562
2026-09-30T01:07:23.506 0.011538491189417332,1.0989451321630377e-06,-1.819889660181584e-05,-1.4156093836965285e-07,1.4122270860594823e-07,0.00014515222222722543,0.9999999894653961
2026-09-30T01:07:23.558 0.01155804148696432,1.218400562009884e-06,-1.822980775425156e-05,-3.3858658346012747e-07,1.4971985134307813e-07,0.00014597342719383953,0.9999999893458107
2026-09-30T01:07:23.598 0.011576161255767225,9.802101102325372e-07,-1.827335820054502e-05,-2.0862356778221054e-07,1.5880104027304277e-07,0.0001457367380765747,0.9999999893803672
2026-09-30T01:07:23.652 0.011596188414937559,9.8046225669408e-07,-1.829012212098572e-05,-3.1333138819342455e-07,1.407560205387212e-07,0.0001458148780065752,0.9999999893689516
2026-09-30T01:07:23.689 0.011615738733043083,1.3383362683575314e-06,-1.8306132169850277e-05,-2.369583336586548e-07,1.5379501338758963e-07,0.0001458244514198203,0.9999999893675747
2026-09-30T01:07:23.751 0.011634812127849649,1.1001578179564716e-06,-1.8380992761423335e-05,-2.0382708503593594e-07,1.4809087973904232e-07,0.00014591039724750845,0.9999999893550462
2026-09-30T01:07:23.790 0.011653408637472551,9.81182648206773e-07,-1.8484901727559573e-05,-2.8749167772157195e-07,2.1421419951496117e-07,0.00014553636315341206,0.9999999894095192
2026-09-30T01:07:23.846 0.01167152851807348,1.219829368264462e-06,-1.8453946539006233e-05,-2.586880472893606e-07,2.350527556813396e-07,0.0001460459770038028,0.9999999893352252
2026-09-30T01:07:23.887 0.011692032609548103,1.100878239542528e-06,-1.8411859799747438e-05,-2.614256130107915e-07,1.6881242851314143e-07,0.00014580351625425464,0.9999999893706188
2026-09-30T01:07:23.936 0.011710629256030228,1.3395309548204765e-06,-1.8426361968970218e-05,-1.703976727783525e-07,1.3249148060105282e-07,0.00014637038574440609,0.9999999892878317
2026-09-30T01:07:23.981 0.011729225718532504,1.2205557796028935e-06,-1.856007322024277e-05,-2.2384732811870897e-07,1.485564389964986e-07,0.00014620896003895374,0.9999999893114339
2026-09-30T01:07:24.035 0.011747822415137036,1.2207899212660636e-06,-1.8544773065332232e-05,-1.9012711212405883e-07,1.604310065413481e-07,0.0001461615242324753,0.9999999893183734
2026-09-30T01:07:24.074 0.011767849599368572,1.1018327809202173e-06,-1.8546635823706275e-05,-3.287889525332121e-07,2.011755390700268e-07,0.00014689525355298787,0.9999999892108179
2026-09-30T01:07:24.128 0.011785492505047243,1.1020549020695053e-06,-1.8604333521493257e-05,-2.4610363469086936e-07,1.5135027583959068e-07,0.000146330428361702,0.9999999892936611
2026-09-30T01:07:24.163 0.01180504294395612,1.2215103483200043e-06,-1.8545837818520018e-05,-3.120496144794467e-07,1.5134987954905102e-07,0.00014655536630824655,0.9999999892607021
2026-09-30T01:07:24.216 0.011824116265079964,1.221750468799781e-06,-1.8665401876794553e-05,-2.1842380978225816e-07,1.923286484816359e-07,0.00014660258501013229,0.9999999892537986
2026-09-30T01:07:24.251 0.011844143447810611,1.222002617995266e-06,-1.8667264654667094e-05,-2.2166325257513532e-07,1.8301545677871462e-07,0.00014721405978437797,0.9999999891639689
2026-09-30T01:07:24.304 0.011862740006055033,9.838181641721205e-07,-1.8741371316168513e-05,-2.1485575870475894e-07,2.3260841401481398e-07,0.00014729863029390073,0.9999999891515066
2026-09-30T01:07:24.344 0.011880382979412872,1.2224588726058975e-06,-1.875436562524801e-05,-1.6406398623069547e-07,1.6799823376199605e-07,0.00014702920487320246,0.9999999891911788
2026-09-30T01:07:24.396 0.01190041011502289,1.2227110163334982e-06,-1.878603068825687e-05,-2.458356178754795e-07,1.6811410492478536e-07,0.00014667411509239212,0.9999999892433076
2026-09-30T01:07:24.436 0.01192043729625265,1.3421724550703145e-06,-1.878789348562791e-05,-1.1664373053311726e-07,1.437841951472462e-07,0.00014751319389650608,0.9999999891199116
2026-09-30T01:07:24.484 0.011939510782298697,1.342412594687686e-06,-1.880314954592533e-05,-2.1227041332560926e-07,1.6706665521175126e-07,0.00014760433493597936,0.9999999891064436
2026-09-30T01:07:24.520 0.011957153711537683,1.3426347185709159e-06,-1.884594610114415e-05,-2.691099986621828e-07,1.5460983521396017e-07,0.000147269859980211,0.999999989155746
2026-09-30T01:07:24.575 0.011975273640760129,1.4620721545551578e-06,-1.8785188607955995e-05,-8.372468343059982e-08,1.189879084377476e-07,0.00014703094537574032,0.9999999891909399
2026-09-30T01:07:24.614 0.01199482377638669,1.3431089861817467e-06,-1.892040771937183e-05,-1.3076895277301485e-07,1.7684605179034208e-07,0.00014762077158257802,0.9999999891040297
2026-09-30T01:07:24.663 0.012015327775120944,1.1049485569827128e-06,-1.8937925530887172e-05,-2.3088979054838967e-07,1.498371019314257e-07,0.00014790263518953053,0.9999999890623673
2026-09-30T01:07:24.697 0.012033447585040926,1.3435952688385752e-06,-1.895167377003831e-05,-2.258788709850233e-07,1.380791302062398e-07,0.00014716973778909783,0.999999989170499
2026-09-30T01:07:24.753 0.012052044259586033,1.2246201182264719e-06,-1.895127473819743e-05,-1.0814469536589227e-07,1.7870886841189133e-07,0.00014796583923659765,0.9999999890530333
2026-09-30T01:07:24.794 0.012071117695509672,1.4632788314586215e-06,-1.899633312262817e-05,-1.677734960740991e-07,1.2841711439043732e-07,0.00014821492803291777,0.9999999890161452
2026-09-30T01:07:24.853 0.012091144716319896,1.2251123824338492e-06,-1.9102503859480825e-05,-1.7318846639609312e-07,1.8650827337681336e-07,0.0001478619022043735,0.9999999890683965
2026-09-30T01:07:24.893 0.012111171944670283,1.3445738266385497e-06,-1.9074564371715547e-05,-1.565912157277405e-07,2.1014068557628466e-07,0.00014795260532885103,0.9999999890549789
2026-09-30T01:07:24.950 0.012129768595655075,1.2255986732925043e-06,-1.9089066482442828e-05,-1.06808916282517e-07,1.463454220378681e-07,0.00014787899127571903,0.9999999890658855
2026-09-30T01:07:24.992 0.012148365311317258,1.5834606863136102e-06,-1.905886524345963e-05,-5.464832166910481e-08,9.861553557496719e-08,0.00014846195845521638,0.999999988979517
2026-09-30T01:07:25.047 0.012167438776804766,1.345282244114377e-06,-1.908902240732821e-05,2.2432034061169136e-08,7.754485733897385e-08,0.00014847269588923875,0.999999988977926
2026-09-30T01:07:25.083 0.012185558448364638,1.345510360483924e-06,-1.9192177462891304e-05,-1.8781016997954664e-07,1.5053591300483827e-07,0.00014849902558696401,0.9999999889739907
2026-09-30T01:07:25.156 0.012205585604533194,1.5841810860281296e-06,-1.9208941422329002e-05,-8.39512404068943e-08,1.8383131406598035e-07,0.00014823520460274307,0.9999999890131416
2026-09-30T01:07:25.192 0.012225135834401013,1.4652179285904866e-06,-1.92845559634722e-05,-2.450694044887292e-07,2.0117620072697266e-07,0.00014853548014790975,0.9999999889685552
2026-09-30T01:07:25.246 0.012243732438265174,1.3462427697765572e-06,-1.93288603593358e-05,-2.6125708121792733e-07,1.484399895481629e-07,0.00014865973756141484,0.999999988950096
2026-09-30T01:07:25.281 0.012261852345428193,1.3464709134855254e-06,-1.9283003989217307e-05,-1.3094046100678345e-07,1.3237549406916454e-07,0.00014856830632001798,0.9999999889637118
2026-09-30T01:07:25.334 0.012280448877110524,1.3467050360111006e-06,-1.937201183228388e-05,-2.2831580865428346e-07,2.3610088839799547e-07,0.00014853276012069644,0.9999999889689556
2026-09-30T01:07:25.371 0.012301429637223311,1.4661784706563197e-06,-1.9434987060070835e-05,-2.325491528399072e-07,1.9500626528398566e-07,0.0001484671642408343,0.9999999889787045
2026-09-30T01:07:25.430 0.012318595827143192,1.22797602297057e-06,-1.9417425075948382e-05,-3.1679803591894255e-07,1.8254935032614818e-07,0.00014909753138754784,0.9999999888848962
2026-09-30T01:07:25.469 0.01233909977575504,1.2282341673863143e-06,-1.946474521159704e-05,-2.1591661929968508e-07,1.6788161987476133e-07,0.0001485876403990827,0.9999999889608191
2026-09-30T01:07:25.521 0.012357696373615647,1.5860961667377096e-06,-1.9509049685454636e-05,-1.2603370549292637e-07,1.3819626663927116e-07,0.00014829754947764799,0.9999999890039009
2026-09-30T01:07:25.552 0.012375339326414948,1.5863182933548817e-06,-1.9536945098105296e-05,-3.00961894218102e-07,1.9582081741921631e-07,0.00014940037441285933,0.9999999888396995
2026-09-30T01:07:25.605 0.012394889677086119,1.2289365705042873e-06,-1.9538053887410703e-05,-3.132959080802304e-07,1.9593715506548713e-07,0.00014940797980323754,0.9999999888385595
2026-09-30T01:07:25.644 0.012412532535644163,1.2291586861856907e-06,-1.9625553870334e-05,-2.0951466409181467e-07,1.8499471753108633e-07,0.0001487386547675657,0.9999999889383672
2026-09-30T01:07:25.704 0.012431606087868488,1.5870267026288825e-06,-1.9596106561422436e-05,-2.1689644372359156e-07,1.3353919714036354e-07,0.00014969361536374388,0.9999999887958783
2026-09-30T01:07:25.740 0.012451156317736307,1.4680635451912397e-06,-1.9671721102565635e-05,-3.1813506109685445e-07,2.1351583732181363e-07,0.00014947669816189687,0.9999999888282849
2026-09-30T01:07:25.794 0.012470706569663552,1.4683096800288704e-06,-1.9732434520639173e-05,-2.519711566504291e-07,2.2958156625091356e-07,0.000149531972162785,0.9999999888200365
2026-09-30T01:07:25.845 0.012490256962952686,1.4685558312701542e-06,-1.9703741083303754e-05,-1.8896296739906987e-07,1.7661302505873512e-07,0.00014969836630509346,0.999999988795166
2026-09-30T01:07:25.885 0.012508376730254704,1.3495746690341387e-06,-1.9747291549095717e-05,-1.5089272972680183e-07,1.5856886088202776e-07,0.0001492546191162433,0.9999999888615053
2026-09-30T01:07:25.926 0.012527927051362006,1.469030101614927e-06,-1.9763301558963273e-05,-1.4289555562755817e-07,1.4436620836212945e-07,0.00014876412658820732,0.9999999889345966
2026-09-30T01:07:25.982 0.01254700055946748,1.5884795335075719e-06,-1.9763656496191035e-05,-8.537917305841844e-08,1.6322594267429515e-07,0.00014995608721019298,0.9999999887565689
2026-09-30T01:07:26.023 0.012564166603522806,1.7079049380421633e-06,-1.983550142597303e-05,-1.5984840890801602e-07,2.224808772854593e-07,0.00015031403522822227,0.9999999887028078
2026-09-30T01:07:26.073 0.012583240067509426,1.5889357853842612e-06,-1.9865658609340114e-05,-1.8701870893154904e-07,1.5752094095852188e-07,0.0001497959506594479,0.9999999887805566
2026-09-30T01:07:26.116 0.01260374411336431,1.3507753616531117e-06,-1.9853374135719138e-05,-2.9860693364999894e-07,2.0490125061380052e-07,0.00014973105025243351,0.9999999887902407
2026-09-30T01:07:26.177 0.012622340687664603,1.7086373582705646e-06,-1.991257975214489e-05,-1.278480399907322e-07,1.4296955091563263e-07,0.00015159778033341364,0.999999988509038
2026-09-30T01:07:26.223 0.01264189096615394,1.470464916759475e-06,-1.9958391988653272e-05,-1.9367280462146905e-07,2.1817326897798183e-07,0.00014993757509737394,0.9999999887593192
2026-09-30T01:07:26.276 0.012660964359459615,1.3514957558997466e-06,-2.0033252599724828e-05,-1.4358953874782638e-07,2.347048443234226e-07,0.0001535057239521236,0.9999999882179584
2026-09-30T01:07:26.316 0.012679561031002946,1.4709391843703057e-06,-2.003285360688095e-05,-3.008821568320543e-07,2.2248018931122769e-07,0.00015274673360438507,0.9999999883341476
2026-09-30T01:07:26.371 0.01269863435212679,1.4711793048500821e-06,-2.0152417665155482e-05,-2.428718864687083e-07,2.4937238932674275e-07,0.00015162199783700235,0.9999999885053242
2026-09-30T01:07:26.409 0.01271675425778892,1.590616738100382e-06,-2.0106561314535488e-05,-8.242952037969007e-09,1.7999047557746343e-07,0.00015299199275959396,0.9999999882967088
2026-09-30T01:07:26.462 0.012737258182840454,1.5908748797821842e-06,-2.0168782592752304e-05,-1.8764340542990379e-07,2.2015258021432103e-07,0.00015255665359080844,0.9999999883631918
2026-09-30T01:07:26.503 0.012756808459828902,1.4719117278124258e-06,-2.021459484875918e-05,-1.9846258332155442e-07,2.1258553308281345e-07,0.00015271102979310687,0.9999999883396283
2026-09-30T01:07:26.568 0.012775881969435262,1.4721518701637395e-06,-2.0214949766488445e-05,-5.816948019765541e-08,1.9733585995279248e-07,0.00015080930333190973,0.9999999886282558
2026-09-30T01:07:26.605 0.012794955433421882,1.3531827175058376e-06,-2.0245106949855527e-05,-1.4744869464336942e-07,2.2387813693441713e-07,0.0001527446322891246,0.9999999883345027
2026-09-30T01:07:26.660 0.012814028916466153,1.5918414362058715e-06,-2.0260363049149943e-05,-1.2001548044709057e-07,1.874403233713484e-07,0.00015268238645217217,0.9999999883440196
2026-09-30T01:07:26.703 0.012833102287712402,1.3536629830708697e-06,-2.0350124783291162e-05,-2.9611505481398054e-07,2.2445924242482248e-07,0.0001522982688289319,0.9999999884025496
2026-09-30T01:07:26.757 0.012852175981298616,1.7115310159177145e-06,-2.0231270618970646e-05,-6.254025830198809e-08,1.3074646666017266e-07,0.0001529172101876811,0.9999999883081528
2026-09-30T01:07:26.796 0.012870295654359378,1.5925498427459302e-06,-2.0334425655035245e-05,-1.6921683429048916e-07,1.7614770137237275e-07,0.00015229109630385474,0.9999999884036811
2026-09-30T01:07:26.854 0.012890322838590913,1.473592702400084e-06,-2.0336288413409284e-05,-9.10041757218731e-09,2.2620731866386265e-07,0.00015280453531088658,0.9999999883253613
2026-09-30T01:07:26.891 0.012908919320150838,1.7122453985404373e-06,-2.0455098580609177e-05,-1.7547824356947855e-07,1.9244587553547456e-07,0.00015321052051727954,0.9999999882632342
2026-09-30T01:07:26.945 0.012927515974137405,1.354851666111729e-06,-2.046960065233946e-05,-1.4433110139129322e-07,2.461134609966817e-07,0.00015257157908036995,0.9999999883609159
2026-09-30T01:07:26.987 0.01294611271486079,1.5935043923254459e-06,-2.0424498251289605e-05,-2.3175183320753344e-08,2.1642833684977833e-07,0.00015266903964107913,0.9999999883460584
2026-09-30T01:07:27.042 0.012965186061045837,1.474535225997833e-06,-2.052916114749748e-05,-7.442417269940741e-08,2.4401847938931146e-07,0.00015323261704624586,0.9999999882598499
2026-09-30T01:07:27.086 0.01298378273108828,1.7131879440097238e-06,-2.05287621741521e-05,-2.126316158532767e-07,2.1398250285089503e-07,0.0001536369796198081,0.9999999881977937
2026-09-30T01:07:27.140 0.013002379336453328,1.4750034956544625e-06,-2.05730665505172e-05,-1.8426687859927245e-07,2.1549602590830556e-07,0.00015299739904381027,0.9999999882958577
2026-09-30T01:07:27.183 0.013021929679620058,1.7136682205105245e-06,-2.05741754373151e-05,-4.9045289896532953e-08,1.8301703353296921e-07,0.0001532151927639773,0.9999999882625343
2026-09-30T01:07:27.248 0.013042910419174308,1.5947230733391388e-06,-2.0652051768673215e-05,5.4286924613316656e-08,2.1689455012015493e-07,0.00015346301818881144,0.999999988224526
2026-09-30T01:07:27.308 0.013061983905220353,1.5949632129565104e-06,-2.0667307828970637e-05,-1.2741419199795292e-07,2.1386662305999892e-07,0.00015363871588711147,0.9999999881975414
2026-09-30T01:07:27.350 0.013080103718142113,1.5951913457297105e-06,-2.0681056029124778e-05,-3.700543977487277e-08,2.2632361016196418e-07,0.00015343707123481926,0.9999999882285062
2026-09-30T01:07:27.390 0.01309870053104733,1.7146347906039225e-06,-2.0591250180871943e-05,-2.952859690698688e-07,1.0513369697626797e-07,0.0001536058452158482,0.999999988202573
2026-09-30T01:07:27.445 0.013118727454614516,1.714886909726044e-06,-2.0757025526994233e-05,-2.6331680523784142e-08,1.901185706965119e-07,0.00015396908129351953,0.9999999881467425
2026-09-30T01:07:27.487 0.013138277824343335,1.7151330582333855e-06,-2.0743233232226976e-05,-1.393419843622457e-07,1.6310948217960818e-07,0.0001535563331520338,0.9999999882102032
2026-09-30T01:07:27.537 0.013155443872901327,1.4769305941439827e-06,-2.0815078103513477e-05,-1.8657450590684088e-07,2.585697142924418e-07,0.00015362485053078276,0.9999999881996517
2026-09-30T01:07:27.578 0.013174994217568944,1.5963860294587134e-06,-2.0816186970812878e-05,-1.3192600110286486e-07,1.927954926963591e-07,0.00015440429613322888,0.9999999880796293
2026-09-30T01:07:27.660 0.013194067559251326,1.8350447317550945e-06,-2.0920849925516247e-05,-9.815239565215337e-08,2.5810460620700166e-07,0.0001535569989328207,0.9999999882100858
2026-09-30T01:07:27.700 0.013213141073360352,1.4776570054824141e-06,-2.0921204784750015e-05,-2.7253405085956066e-07,2.63109364858204e-07,0.0001535692722535056,0.9999999882081675
2026-09-30T01:07:27.767 0.013232691394467653,1.5971124380632028e-06,-2.093721479461757e-05,-9.609842392025687e-08,2.2818596066252576e-07,0.00015437880253236832,0.9999999880835619
2026-09-30T01:07:27.807 0.013250811276569468,1.7165498685795603e-06,-2.0906259586565736e-05,-2.1679362005055097e-08,2.0210939684457537e-07,0.00015426151268949548,0.9999999881016721
2026-09-30T01:07:27.862 0.013270361481376084,1.7167959979493069e-06,-2.099677528977559e-05,-6.280126431637788e-08,2.0013008842588854e-07,0.00015437359572354698,0.9999999880843744
2026-09-30T01:07:27.902 0.013288958154420303,1.7170301368785348e-06,-2.0996376277433213e-05,-7.870945358690245e-08,1.7917522905290816e-07,0.00015427177284838573,0.9999999881000908
2026-09-30T01:07:27.956 0.013308031568284518,1.836479557835411e-06,-2.105633578493361e-05,-5.491890801975644e-08,2.2259828164112708e-07,0.00015433732497721508,0.9999999880899687
2026-09-30T01:07:27.994 0.013327581870334169,1.5983071190582635e-06,-2.108724687887383e-05,-1.771354402886133e-07,1.825506841225476e-07,0.00015464470098053648,0.9999999880424758
2026-09-30T01:07:28.066 0.013345701752435985,1.7177445495746212e-06,-2.1056291670821995e-05,-1.2876071169393916e-07,1.5985005114560392e-07,0.00015515843205853605,0.9999999879629093
2026-09-30T01:07:28.105 0.013366205727609923,1.4795841176416451e-06,-2.1088710624905493e-05,-2.6716418617012402e-08,1.9337822805296598e-07,0.0001543666688018929,0.9999999880854467
2026-09-30T01:07:28.158 0.013383848677407448,1.71822482334148e-06,-2.1116606076553154e-05,-7.22426274245137e-08,2.2201608689659995e-07,0.0001542180132362645,0.9999999881083749
2026-09-30T01:07:28.199 0.013402445209089777,1.7184589458670549e-06,-2.120561391961973e-05,-6.721075965098841e-08,1.759157079978743e-07,0.00015467892731785475,0.9999999880371969
2026-09-30T01:07:28.255 0.013422472393321314,1.5995018055212088e-06,-2.120747667799377e-05,-1.4548601026945781e-08,1.663700144964819e-07,0.00015502411481401916,0.9999999879837479
2026-09-30T01:07:28.294 0.013441545735003696,1.8381605078175897e-06,-2.1312139632697144e-05,-1.547643391618313e-07,2.092099480439981e-07,0.00015497131442264933,0.9999999879919119
2026-09-30T01:07:28.353 0.013460142525849489,1.8383946604165282e-06,-2.123723490751397e-05,-1.4124276481277386e-07,2.3575274345579947e-07,0.00015529543397551756,0.9999999879416263
2026-09-30T01:07:28.391 0.01347778543302905,1.719407492024485e-06,-2.129493258580245e-05,-1.568085111082761e-07,1.9768482868978408e-07,0.0001550328129759408,0.9999999879823815
2026-09-30T01:07:28.444 0.013497335707015721,1.8388629191373889e-06,-2.1340744880806327e-05,-5.17953001108882e-08,2.519350333830269e-07,0.0001553513293425023,0.9999999879329491
2026-09-30T01:07:28.484 0.013517839702748198,1.8391210690210176e-06,-2.1358262731318666e-05,-2.105652401997034e-07,2.1514680873479153e-07,0.00015536658914312845,0.9999999879305661
2026-09-30T01:07:28.537 0.013537389932616018,1.720157911583375e-06,-2.1433877272461865e-05,-3.401720064382371e-07,2.471601554192811e-07,0.00015488834157252796,0.9999999880047123
2026-09-30T01:07:28.578 0.013555509931018518,1.9588046453107747e-06,-2.132841637106773e-05,-2.9177259553056462e-08,1.89653054944867e-07,0.0001559640936616108,0.9999999878375823
2026-09-30T01:07:28.636 0.01357506009320717,1.601422900588643e-06,-2.144873430091841e-05,-8.4521358447753e-08,2.1864011785048157e-07,0.00015606058743789425,0.999999987822519
2026-09-30T01:07:28.673 0.013593656621887723,1.8400756021968807e-06,-2.153774218298198e-05,-8.380179382905265e-08,2.1212082036834052e-07,0.00015549661230771414,0.9999999879103757
2026-09-30T01:07:28.730 0.013613684016661203,1.8403277759978449e-06,-2.140549467774109e-05,-1.880275413958109e-07,4.2885136211017077e-07,0.00017921163825741171,0.9999999839414846
2026-09-30T01:07:28.783 0.013632757358343583,2.078986478294226e-06,-2.1510157632444457e-05,-4.7830319766234016e-08,7.638275581912297e-07,0.0001970120466873647,0.9999999805928337
2026-09-30T01:07:28.826 0.01365087736274964,1.8407960538563008e-06,-2.140469665305634e-05,-1.193403446444758e-07,1.3099328444482908e-07,0.00019266690077084528,0.9999999814397168
2026-09-30T01:07:28.874 0.013670427710419032,1.721832910088369e-06,-2.140580548135874e-05,1.5980951369890433e-07,1.0468516199827639e-07,0.00019234694545809095,0.9999999815013079
2026-09-30T01:07:28.924 0.01368854740403833,1.8412703187331893e-06,-2.1494059413852173e-05,3.032736625776505e-08,1.4234490481093258e-07,0.00019497131151890453,0.9999999809930831
2026-09-30T01:07:28.964 0.01370762079284134,2.079929026497455e-06,-2.156892008341922e-05,1.1902268740584033e-09,9.443970790972539e-08,0.00019344349895728734,0.9999999812898017
2026-09-30T01:07:29.017 0.013728124717892873,2.080187168179257e-06,-2.1631141361636037e-05,-8.173763906824774e-08,2.9246357791804254e-07,0.00021788109908555707,0.9999999762638669
2026-09-30T01:07:29.055 0.013746721414497405,2.080421309842427e-06,-2.1615841206725502e-05,-8.839532627008906e-08,2.1615448098754278e-07,0.00023210656544342729,0.9999999730632435
2026-09-30T01:07:29.107 0.013765318041921883,1.9614461537624393e-06,-2.1645244460020945e-05,-1.8715628121097155e-08,1.9758647187486652e-07,0.00022953207193357835,0.9999999736574939
2026-09-30T01:07:29.149 0.013783437853342755,2.0808835760769703e-06,-2.1658992679673584e-05,-7.0873148642236555e-09,2.3449021320005588e-07,0.0002298205115097827,0.9999999735912384
2026-09-30T01:07:29.206 0.013802511292268171,2.0811237102264578e-06,-2.170405102510732e-05,-9.143081432650926e-08,2.899616543309658e-07,0.00023093979489142345,0.999999973333359
2026-09-30T01:07:29.241 0.01382253847349793,2.2005851489632743e-06,-2.170591382247836e-05,-7.254992193195228e-08,2.539312450754013e-07,0.00023095657273019938,0.9999999733294955
2026-09-30T01:07:29.295 0.01384065819518021,1.962394691718043e-06,-2.1779266553908143e-05,-3.177760285717814e-09,2.629538892923927e-07,0.0002312391454305748,0.9999999732641939
2026-09-30T01:07:29.335 0.013859731681226256,1.9626348313354143e-06,-2.1794522614205565e-05,-6.609352139467641e-08,2.042219777050312e-07,0.00023115688975500087,0.9999999732832228
2026-09-30T01:07:29.388 0.013878328376329898,2.082078262539916e-06,-2.1779222478793522e-05,1.920638170779452e-08,2.263996108352649e-07,0.00023097506889845773,0.9999999733252326
2026-09-30T01:07:29.422 0.013897401721014058,2.082318385753634e-06,-2.1883885394499898e-05,-1.5808989967124522e-07,2.3268495681033106e-07,0.00023142384499762403,0.9999999732214621
2026-09-30T01:07:29.487 0.013916952112802304,2.2017738265362493e-06,-2.185519197666298e-05,-6.688215813596923e-08,2.57482003716571e-07,0.00023164720277814166,0.999999973169751
2026-09-30T01:07:29.523 0.013935548691605263,2.2020079545297087e-06,-2.1914397534593237e-05,-5.1204897623786195e-08,2.344319086524856e-07,0.00023203290385132394,0.9999999730803366
2026-09-30T01:07:29.576 0.013955099039274655,2.0830448107617765e-06,-2.191550636289564e-05,6.760296078239708e-08,2.4974117632092473e-07,0.00023094118270386622,0.9999999733330512
2026-09-30T01:07:29.615 0.013975602986385616,2.202512244718852e-06,-2.1962826518042796e-05,-1.450258636926199e-08,2.0602680187340089e-07,0.00023191721632727206,0.9999999731071807
2026-09-30T01:07:29.670 0.013993245895066064,1.9643157867854776e-06,-2.202052417683278e-05,3.2903993583474175e-08,2.478783849035485e-07,0.0002318145582703536,0.9999999731309737
2026-09-30T01:07:29.708 0.01401088884486359,2.2029564924853122e-06,-2.2048419628480435e-05,-5.9426318973178746e-08,2.2500216342883177e-07,0.00023135001794990725,0.9999999732385572
2026-09-30T01:07:29.763 0.014031392909776121,2.3224239401120985e-06,-2.2021234070786796e-05,4.692498062658495e-08,2.1068381969736245e-07,0.00023216268756772482,0.9999999730502196
2026-09-30T01:07:29.803 0.014050943116083625,2.203460779940514e-06,-2.2111749754498153e-05,-1.4186660746804305e-07,2.4799373308906125e-07,0.0002322167080056251,0.9999999730376591
2026-09-30T01:07:29.857 0.014070016485828986,2.0844916163468432e-06,-2.2201511508137868e-05,-2.531050341505146e-08,3.0561997464322016e-07,0.00023152848474669707,0.999999973197233
2026-09-30T01:07:29.896 0.014087182669745313,2.3231263268264185e-06,-2.218394960200941e-05,-4.6085244272882256e-08,2.631865397894467e-07,0.00023233234928678547,0.9999999730108037
2026-09-30T01:07:29.950 0.014106733113156853,2.084953904452924e-06,-2.2125453840540682e-05,-4.899381635621766e-09,2.398455801928139e-07,0.00023288237927073202,0.9999999728828696
2026-09-30T01:07:29.983 0.014126283292902267,2.2044093206300595e-06,-2.2230870705817192e-05,-1.2411182585272948e-07,2.553280145051804e-07,0.0002322942853700749,0.9999999730196418
2026-09-30T01:07:30.038 0.014145356826068942,2.2046494657153153e-06,-2.2216324480978293e-05,4.693261621553767e-08,2.0038111611396608e-07,0.00023275800665982548,0.9999999729118336
2026-09-30T01:07:30.078 0.014164430100072156,2.2048895807272076e-06,-2.2365690824389145e-05,-5.584484201798226e-08,2.887978905645875e-07,0.00023295290884811667,0.9999999728664275
2026-09-30T01:07:30.133 0.014183980705404123,2.2051357565739707e-06,-2.2202887103940302e-05,9.92232298456344e-08,5.963063049641129e-07,0.000189778113472385,0.999999981991951
2026-09-30T01:07:30.180 0.014201146777522431,1.96693329521851e-06,-2.2259830832658648e-05,6.210742677271205e-08,2.8676726439743373e-07,0.00016925693850415832,0.9999999856760012
2026-09-30T01:07:30.224 0.014219743422503667,2.324795300037789e-06,-2.227433302137992e-05,5.966388515021046e-08,3.1657000919888864e-07,0.00017471248440425452,0.9999999847377219
2026-09-30T01:07:30.264 0.014239293608252636,1.9674135580495996e-06,-2.237974980866244e-05,2.8841422051651542e-08,3.0201770119249096e-07,0.00017224124306608173,0.999999985166431
2026-09-30T01:07:30.319 0.014257413396113191,2.086850977630189e-06,-2.2408399170883233e-05,-1.2564365930188969e-08,2.9456674432926343e-07,0.0001708154780188009,0.9999999854109927
2026-09-30T01:07:30.358 0.01427648690722044,1.967881830440171e-06,-2.2408754069114e-05,1.1102469913390532e-07,2.9218124560872153e-07,0.00017370251070203873,0.9999999849136699
2026-09-30T01:07:30.412 0.014295560225342509,2.2065405300026104e-06,-2.2528318166385526e-05,1.1800777675231266e-07,2.924722568358982e-07,0.00017281722542357363,0.9999999850670535
2026-09-30T01:07:30.450 0.014313680039765155,2.087559373234479e-06,-2.254206634704117e-05,6.764622978490408e-08,2.719827678114926e-07,0.00017183957921620353,0.9999999852355401
2026-09-30T01:07:30.510 0.014332753550872407,1.968590226044461e-06,-2.2542421245271936e-05,9.028496205145635e-08,3.698300638758676e-07,0.0001731140471640773,0.9999999850156908
2026-09-30T01:07:30.545 0.014352303895540021,2.088045661359192e-06,-2.2543530112571333e-05,1.005697119722375e-07,3.243699636217062e-07,0.00017315155500282592,0.9999999850092117
2026-09-30T01:07:30.604 0.014368993173714149,2.207465070673524e-06,-2.2569917684577214e-05,-4.862226950748486e-10,3.687234803557277e-07,0.00017227217486169872,0.9999999851610808
2026-09-30T01:07:30.640 0.014389020310825056,2.0885079248597934e-06,-2.2601582728087574e-05,6.044135416894842e-08,3.290263377718522e-07,0.0001733442538524648,0.9999999849758288
2026-09-30T01:07:30.695 0.014407140054566761,1.9695267598898354e-06,-2.2660034336447697e-05,-3.4844781653216706e-08,3.0777994130743936e-07,0.0001732642646140566,0.9999999849896992
2026-09-30T01:07:30.731 0.014424783076546117,2.0889581842501654e-06,-2.2643226340892375e-05,5.832847620511286e-08,2.6342623303784423e-07,0.00017242003366178119,0.9999999851356295
2026-09-30T01:07:30.793 0.014444810168037284,1.8507917434272194e-06,-2.270469365004056e-05,-2.2642273911771526e-08,2.7920004947231254e-07,0.00017308206475669888,0.9999999850212601
2026-09-30T01:07:30.840 0.014461976348951834,2.3278450329894576e-06,-2.2687131782909097e-05,2.2961993563398375e-08,2.8071382792088775e-07,0.00017422123997833648,0.99999998482344
2026-09-30T01:07:30.903 0.014480573024997827,2.0896605928360226e-06,-2.2686732731569724e-05,7.860033667401543e-08,2.6080701749766706e-07,0.00017243899287230506,0.9999999851323597
2026-09-30T01:07:30.947 0.014500123391724871,2.3283253204260264e-06,-2.267294047579946e-05,2.96735893828833e-08,2.6319326848786627e-07,0.00017298755209817655,0.9999999850376182
2026-09-30T01:07:30.999 0.014516812533039774,2.090116844712712e-06,-2.2788734844718796e-05,1.1738194896487128e-07,3.3403261574249414e-07,0.00017409860969020002,0.9999999848447743
2026-09-30T01:07:31.037 0.014536362948388335,2.2095722882292688e-06,-2.2745140284313723e-05,1.303708882115008e-07,2.638923819556025e-07,0.00017283805341050326,0.9999999850634602
2026-09-30T01:07:31.092 0.014554959434450922,2.0905971157456284e-06,-2.2863950393018114e-05,6.660344046815936e-08,3.3216960060220434e-07,0.00017348231756997794,0.9999999849518852
2026-09-30T01:07:31.130 0.014573556105994253,2.210040544216188e-06,-2.286355140017424e-05,4.3308153585169825e-08,2.805974780442445e-07,0.00017345180582632085,0.9999999849571951
2026-09-30T01:07:31.189 0.014591675777554124,2.2102686605857348e-06,-2.296670645573733e-05,-1.5184840955861258e-08,3.652310206453998e-07,0.00017341023320098018,0.9999999849643786
2026-09-30T01:07:31.223 0.014609795661156829,2.2104968015607612e-06,-2.2935751228186997e-05,8.153961623075934e-08,3.0370618245202123e-07,0.00017381260466289196,0.9999999848945397
2026-09-30T01:07:31.278 0.014629345891024648,2.0915336441231182e-06,-2.3011365769330192e-05,4.26900030257212e-08,2.9520762518326455e-07,0.0001738519838538268,0.9999999848876993
2026-09-30T01:07:31.318 0.014646988820263634,2.0917557680063486e-06,-2.3054162324549015e-05,-9.579121538185891e-09,3.2530070901388415e-07,0.0001745983929992755,0.9999999847576475
2026-09-30T01:07:31.375 0.014665108678805135,2.211193195788764e-06,-2.3038108259065336e-05,8.384499208908717e-08,3.283280303087061e-07,0.00017379080489965035,0.9999999848983205
2026-09-30T01:07:31.415 0.014684659073595157,2.092230057488716e-06,-2.3009414802231425e-05,-2.813079640501779e-08,2.975354812075998e-07,0.00017380177761816554,0.9999999848964263
2026-09-30T01:07:31.474 0.014701348306149544,2.0924401717938327e-06,-2.3065604639875125e-05,1.3547522700082553e-07,2.8589499864825787e-07,0.00017399917619133405,0.9999999848620932
2026-09-30T01:07:31.513 0.01471946814113073,2.211877596842306e-06,-2.3064451716959605e-05,7.840126054323069e-08,2.6261164939786736e-07,0.0001748369166807702,0.9999999847159886
2026-09-30T01:07:31.570 0.014739495180998602,2.33133901917547e-06,-2.3155721369739595e-05,8.645259721560699e-08,2.853126237399537e-07,0.00017413131687179029,0.9999999848390977
2026-09-30T01:07:31.620 0.014757138205979738,2.212351864453137e-06,-2.3138913335187283e-05,6.283923866951551e-09,2.616797599909145e-07,0.0001734410377979419,0.9999999849590688
2026-09-30T01:07:31.660 0.014776211646406042,2.093382709061293e-06,-2.3183971661122525e-05,5.4992526658548015e-08,3.126118817592159e-07,0.00017498702425795077,0.9999999846897202
2026-09-30T01:07:31.700 0.014795285035209054,2.332041416825558e-06,-2.3258832330689573e-05,1.1384539887522099e-07,2.8246068507233704e-07,0.0001749108413970713,0.9999999847030523
2026-09-30T01:07:31.755 0.014811974316384957,2.213042247057227e-06,-2.3285219863698457e-05,1.3251418112016832e-08,2.9957295444240864e-07,0.00017313576151914794,0.999999985011959
2026-09-30T01:07:31.805 0.014832001502117382,1.9748758171700497e-06,-2.3287082602574004e-05,7.759833680105934e-08,2.973034383965157e-07,0.00017530374284612456,0.9999999846342515
2026-09-30T01:07:31.858 0.014850598126540082,2.0943192401727248e-06,-2.3316485894866438e-05,1.3926976117242357e-07,2.9590676853418083e-07,0.00017438398398265687,0.9999999847950595
2026-09-30T01:07:31.893 0.014868241123458237,2.3329599513404438e-06,-2.3314579061377784e-05,-1.8818757340738918e-08,2.654631270144844e-07,0.00017379088550587972,0.9999999848983285
2026-09-30T01:07:31.948 0.014888745047008881,2.4524273825635772e-06,-2.3376800359093092e-05,1.021935265607593e-07,3.019019640559589e-07,0.0001749034580953481,0.9999999847043393
2026-09-30T01:07:31.985 0.014905911166247815,2.2142249266760012e-06,-2.340394180267512e-05,7.712907879876269e-08,2.110979118207004e-07,0.0001752739699443671,0.9999999846394924
2026-09-30T01:07:32.043 0.014924507837791147,2.3336683551465603e-06,-2.3403542809831242e-05,1.6523248864035125e-07,2.8071472495981805e-07,0.00017423503932276877,0.9999999848210224
2026-09-30T01:07:32.081 0.014944058161900224,2.214705208644686e-06,-2.3419552780701805e-05,1.0111491905715183e-07,2.2675589682064632e-07,0.0001749896072064812,0.9999999846892877
2026-09-30T01:07:32.134 0.014961224157334033,2.453339897252724e-06,-2.3521200015118614e-05,4.5371212499822315e-08,2.8234386124652344e-07,0.00017517737073872186,0.9999999846564034
2026-09-30T01:07:32.171 0.01498125124732431,2.3343827459711097e-06,-2.3582667343765293e-05,4.505137418979764e-08,2.7727980894132836e-07,0.000175360259405371,0.9999999846243501
2026-09-30T01:07:32.227 0.014999848060229528,2.453826190845322e-06,-2.349286149551246e-05,7.902866417635303e-08,2.5487005343718365e-07,0.00017503912983185608,0.9999999846806158
2026-09-30T01:07:32.268 0.015016537177984117,2.2156177123980647e-06,-2.3623557006999956e-05,-1.1315968627613284e-08,3.3601096620625534e-07,0.0001753492444349526,0.9999999846262646
2026-09-30T01:07:32.333 0.015036564359213876,2.3350791511348813e-06,-2.3625419804370996e-05,-9.027307000916796e-09,4.0085424707783046e-07,0.00017472941873517076,0.9999999847347346
2026-09-30T01:07:32.368 0.015055160961577151,2.335313281862282e-06,-2.3669724219733093e-05,2.4102204870840425e-08,3.666866459918046e-07,0.00017568783988864838,0.9999999845668238
2026-09-30T01:07:32.422 0.01507280396149708,2.335535413947339e-06,-2.366781734724744e-05,1.2601144229470046e-09,3.175592454769002e-07,0.00017564228072214675,0.9999999845748441
2026-09-30T01:07:32.458 0.015092831120667415,2.335787560408882e-06,-2.368458126768814e-05,7.033963248384738e-08,2.9707055768311943e-07,0.0001752518854230185,0.9999999846433416
2026-09-30T01:07:32.512 0.015109997122104776,2.097585090851595e-06,-2.3786228424110958e-05,5.0262005547597545e-08,2.782112219782005e-07,0.00017606090153275558,0.9999999845012394
2026-09-30T01:07:32.553 0.015128593909948791,2.3362378225331958e-06,-2.3711323737924784e-05,3.164837488800235e-08,2.8176169931244417e-07,0.00017519513458476126,0.9999999846532921
2026-09-30T01:07:32.612 0.015148620996937293,2.455699250334244e-06,-2.377279110556846e-05,1.537706877905621e-07,2.975949837504191e-07,0.00017564454665235685,0.9999999845744404
2026-09-30T01:07:32.651 0.015166740739178107,2.4559273749056176e-06,-2.3831242733427074e-05,7.500721260705827e-09,3.051611013230245e-07,0.0001761694055056223,0.9999999844821236
2026-09-30T01:07:32.702 0.01518438373909804,2.456149506990674e-06,-2.382933586094142e-05,7.061048466159924e-08,2.8892149347009814e-07,0.00017529757856261395,0.9999999846353351
2026-09-30T01:07:32.746 0.015203934017587377,2.217977065479584e-06,-2.3875148097449798e-05,1.0046181142943161e-07,3.251851236675848e-07,0.00017625315138389985,0.9999999844673553
2026-09-30T01:07:32.799 0.015221100135325422,2.098983899133339e-06,-2.390228956053032e-05,6.643968979550988e-08,3.002138244102321e-07,0.0001762093758533263,0.9999999844750805
2026-09-30T01:07:32.833 0.015239696638944773,2.456845887548966e-06,-2.4006198604660553e-05,1.3667349670016527e-08,3.704700586896029e-07,0.0001754483531497095,0.9999999846088689
2026-09-30T01:07:32.888 0.015258770222233856,2.2186674590194435e-06,-2.396185005568834e-05,-9.468580692376085e-09,3.4817644605340544e-07,0.00017621653722348858,0.9999999844738052
2026-09-30T01:07:32.943 0.015275936286847721,2.5765114453706393e-06,-2.4018793881899173e-05,8.843538575693534e-09,3.535317059879596e-07,0.000176703750905379,0.9999999843878296
2026-09-30T01:07:32.988 0.01529548668463952,2.2191297279879293e-06,-2.3990100386068265e-05,-9.192802346840568e-09,3.3571999282796175e-07,0.00017597285099192476,0.9999999845167213
2026-09-30T01:07:33.038 0.015312652727193957,2.4577644220638518e-06,-2.4061945335348757e-05,2.0133148105915555e-07,3.2460373382222555e-07,0.0001769098859667838,0.999999984351373
2026-09-30T01:07:33.081 0.015330772610796661,2.457992563038878e-06,-2.4030990107798424e-05,-1.9456781935524925e-07,2.4957152919894397e-07,0.00017618920952275076,0.999999984478631
2026-09-30T01:07:33.119 0.01535223025609311,2.458262717032736e-06,-2.4064916961022204e-05,1.2215009562472555e-08,3.607494619542245e-07,0.00017655290262336414,0.999999984414471
2026-09-30T01:07:33.174 0.015370349904092667,2.458490830668341e-06,-2.4182973159153454e-05,1.1674606332569624e-09,3.05743179626332e-07,0.00017669904128201925,0.9999999843886775
2026-09-30T01:07:33.211 0.01538799288345406,2.2202943809367927e-06,-2.4195967390238958e-05,-2.6323352364926013e-08,3.0230872962350133e-07,0.00017638247141525635,0.9999999844445657
2026-09-30T01:07:33.263 0.015408973643566847,2.339767815582012e-06,-2.4258942618025912e-05,7.071820901534924e-08,2.8385753731602933e-07,0.0001766096383772166,0.9999999844044749
2026-09-30T01:07:33.300 0.015424232603538838,2.220750657418961e-06,-2.416385922027461e-05,1.1876189212942301e-07,3.2221668483373895e-07,0.00017672269687422966,0.9999999843844851
2026-09-30T01:07:33.354 0.015442829201399447,2.5786126567703565e-06,-2.4208163694132203e-05,1.692355756778073e-07,2.7244951026815454e-07,0.00017723287752240602,0.999999984294202
2026-09-30T01:07:33.389 0.015462379431267267,2.459649499332714e-06,-2.4283778235275398e-05,1.2176570294905576e-08,3.1185513182691073e-07,0.0001776673761547809,0.9999999842171029
2026-09-30T01:07:34.291 0.015480022409127773,2.340662339142497e-06,-2.4296772485859404e-05,-7.949430137907478e-09,2.3985208871076194e-07,0.00017692798004498512,0.999999984348216
2026-09-30T01:07:34.327 0.015498619054109012,2.6985243439617762e-06,-2.4311274674580682e-05,1.5519696537501641e-07,2.6005113668468166e-07,0.0001765536331585684,0.9999999844143613
2026-09-30T01:07:35.531 0.015517215588793118,2.4603398874046886e-06,-2.4400282478650256e-05,5.752965865267356e-08,3.0737340003861044e-07,0.00017730988725821184,0.9999999842805529
2026-09-30T01:07:35.571 0.015535812307457077,2.5797833213431324e-06,-2.4370081200670064e-05,1.0921755482245854e-07,2.7355505803367077e-07,0.00017700498303279942,0.9999999843345745
2026-09-30T01:07:35.626 0.01555393200407815,2.46080215090529e-06,-2.4458335094166498e-05,5.6782159855110385e-08,3.0929421660840845e-07,0.00017695415052060282,0.9999999843435647
2026-09-30T01:07:35.665 0.015573005538745716,2.341833006449215e-06,-2.4443788849829107e-05,9.81138964686561e-08,3.4154157491270237e-07,0.00017770485236362905,0.9999999842104295
2026-09-30T01:07:35.739 0.015590648464982926,2.5804737094151075e-06,-2.448658544404492e-05,1.3933042802388912e-07,3.127872572569097e-07,0.00017770339333775763,0.9999999842106932
2026-09-30T01:07:35.780 0.015609722023210804,2.461504567692974e-06,-2.4457138057139366e-05,7.356225459814811e-08,2.8566204408226414e-07,0.00017726217241384888,0.9999999842890175
2026-09-30T01:07:35.834 0.01562688811438676,2.580929977695449e-06,-2.4499180701785045e-05,9.94148786633966e-08,2.5655840976054566e-07,0.00017755863334284475,0.9999999842364279
2026-09-30T01:07:35.878 0.01564643832369604,2.223548238441202e-06,-2.45896963464994e-05,-4.289864223425126e-10,2.787931293329721e-07,0.00017791072268591432,0.9999999841738484
2026-09-30T01:07:35.934 0.01566551190098157,2.462206968077005e-06,-2.4545347875521188e-05,-4.901232981298214e-10,2.609815830587223e-07,0.00017782821333820007,0.9999999841885291
2026-09-30T01:07:35.969 0.015683154828719667,2.5816383815015657e-06,-2.4588144450238506e-05,9.079034598951421e-08,2.93054547681795e-07,0.00017755692262463906,0.9999999842367224
2026-09-30T01:07:36.023 0.015701751360402,2.581872504027141e-06,-2.4677152293305077e-05,8.919815672219195e-08,3.5452188906206004e-07,0.00017850550609833764,0.9999999840678252
2026-09-30T01:07:36.057 0.015720347892084326,2.5821066265527156e-06,-2.4766160136371655e-05,4.2028180176980356e-08,3.615064940177867e-07,0.000178332869650809,0.9999999840986274
2026-09-30T01:07:36.115 0.015737991102546204,2.7015380727845824e-06,-2.463014300027107e-05,-3.2333820068823467e-07,2.337965653590426e-07,0.0001776373437546954,0.9999999842224073
2026-09-30T01:07:36.150 0.01575706444723036,2.7017781959983015e-06,-2.4734805915977444e-05,1.0320120715656935e-07,3.441609935569411e-07,0.0001782501077682019,0.9999999841133849
2026-09-30T01:07:36.204 0.01577518416741175,2.5827970282944014e-06,-2.480815866690572e-05,1.8263432110829104e-08,2.803649091550264e-07,0.0001785832399306181,0.9999999840539736
2026-09-30T01:07:36.242 0.01579521144438366,2.5830491884256554e-06,-2.4750416874505627e-05,7.483531887178779e-08,2.6342674453588616e-07,0.00017739334362694973,0.9999999842657632
2026-09-30T01:07:36.295 0.015813807952505674,2.583283308217288e-06,-2.4854325860140357e-05,-1.9227918471671682e-08,3.203533005796573e-07,0.00017829351142970845,0.9999999841056603
2026-09-30T01:07:36.336 0.01582954365479855,2.4642721425405546e-06,-2.481960096273333e-05,1.17384167339901e-07,3.1808403314243946e-07,0.0001779232031283263,0.9999999841716093
2026-09-30T01:07:36.391 0.015849570719727625,2.4645242780663287e-06,-2.4895969453446663e-05,7.753296008693391e-08,2.6488203733979463e-07,0.0001784493732277006,0.9999999840778724
2026-09-30T01:07:36.437 0.01586959792301681,2.703195009078418e-06,-2.4882931127748045e-05,8.42939631135579e-08,2.8863075291830837e-07,0.0001778789040156743,0.9999999841795024
2026-09-30T01:07:36.479 0.015887240761016313,2.4649985429432175e-06,-2.49853322142425e-05,4.7529612902892254e-08,2.9741997442760466e-07,0.00017908779005789102,0.9999999839637362
2026-09-30T01:07:36.523 0.01590583745461907,2.70365126368905e-06,-2.4970032098328962e-05,5.6798945777952835e-08,2.59585034610755e-07,0.00017872689523504518,0.999999984028313
2026-09-30T01:07:36.582 0.015923003525236488,2.584658091874921e-06,-2.50269758465458e-05,-4.6875453515179775e-08,3.277454325618281e-07,0.0001774876485508823,0.9999999842490124
2026-09-30T01:07:36.630 0.015941123294039395,2.3464676400975738e-06,-2.5070526292839264e-05,-9.102591734557094e-08,3.3356607237533325e-07,0.00017936587052573525,0.9999999839138823
2026-09-30T01:07:36.684 0.015960673638707013,2.4659230754123046e-06,-2.507163516013866e-05,1.2080729670378085e-07,3.0184418588072617e-07,0.0001787138349538205,0.9999999840306296
2026-09-30T01:07:36.721 0.015979270382432173,2.4661572225433588e-06,-2.5026532720091812e-05,1.317934078949799e-07,2.512617912740519e-07,0.0001784591385448728,0.9999999840761276
2026-09-30T01:07:36.776 0.015997390099611788,2.5855946339221218e-06,-2.5099885510017087e-05,1.174950576160506e-07,3.540564420124061e-07,0.0001789569420215599,0.9999999839871367
2026-09-30T01:07:36.814 0.016016940350038145,2.7050500583010834e-06,-2.516059894758912e-05,-5.222831783904161e-08,2.6488130969279953e-07,0.00017953248835187162,0.9999999838840062
2026-09-30T01:07:36.869 0.016034583375019278,2.586062903578751e-06,-2.5143790913036808e-05,1.067448729980565e-07,3.310642774363546e-07,0.00017801666338636084,0.9999999841549732
2026-09-30T01:07:36.901 0.016053179925759258,2.9439248974622618e-06,-2.521789767203072e-05,-4.248172733086762e-08,3.0207605213675997e-07,0.00017950253206776935,0.9999999838893738
2026-09-30T01:07:36.954 0.016071776551682848,2.944159030923605e-06,-2.5247300944824657e-05,7.047668704241957e-08,2.531241620770102e-07,0.0001798274169616268,0.9999999838310154
2026-09-30T01:07:36.992 0.016090373274849475,2.705974596238055e-06,-2.521709960834897e-05,7.686851730408761e-08,2.613313947573742e-07,0.00017878572710253328,0.9999999840177947
2026-09-30T01:07:37.042 0.016109923621017975,2.706220742011454e-06,-2.521820845614987e-05,1.1890903899801977e-07,2.547542325257524e-07,0.0001792437297317495,0.999999983935803
2026-09-30T01:07:37.078 0.01612613599044813,2.9448434292432052e-06,-2.5288545545287085e-05,4.43421935542778e-08,3.2348597749395167e-07,0.00018036405438437198,0.9999999837343505
2026-09-30T01:07:37.144 0.016145209408815007,2.7066649815760876e-06,-2.5348504994291987e-05,2.027541159290578e-08,2.8589468849997484e-07,0.000179067992418144,0.9999999839672858
2026-09-30T01:07:37.183 0.016165236475244968,2.5877078275605308e-06,-2.542487346550682e-05,3.334159637929416e-08,2.9979539187968885e-07,0.000180284376780909,0.9999999837487261
2026-09-30T01:07:37.235 0.01618192587122067,2.707127250544573e-06,-2.537675532467191e-05,1.9579630720726694e-07,2.8193769434005244e-07,0.00017931884531758002,0.9999999839223168
2026-09-30T01:07:37.274 0.016201476098086712,2.826582672189593e-06,-2.54523699048121e-05,1.5592365466700377e-07,2.9829383287357095e-07,0.00017983823422976295,0.999999983829048
2026-09-30T01:07:37.326 0.016220072728512964,2.4691889370269433e-06,-2.5481773119110546e-05,4.6933633937875266e-08,2.8210036208131866e-07,0.0001803902450601914,0.9999999837296387
2026-09-30T01:07:37.361 0.016237238909427517,2.946242226589181e-06,-2.5464211251979087e-05,1.078760191637357e-07,3.2081985617416897e-07,0.00017944365305546113,0.9999999838999303
2026-09-30T01:07:37.418 0.016255835444111622,2.7080577700320935e-06,-2.555321905604866e-05,1.0837566743939498e-07,3.2250790970500414e-07,0.00017978146153351231,0.999999983839255
2026-09-30T01:07:37.456 0.016275862581222527,2.5891006242183635e-06,-2.5584884099559022e-05,9.105156974387051e-08,2.876303539202503e-07,0.0001802402966166281,0.9999999837566721
2026-09-30T01:07:37.507 0.0162925519551388,2.5893107549271324e-06,-2.555166708179377e-05,1.7601731239710718e-07,3.30424539068749e-07,0.00017934773138843056,0.9999999839171254
2026-09-30T01:07:37.542 0.01631210225268579,2.708766184773978e-06,-2.558257823422949e-05,1.3796139841980544e-08,3.6621018875388377e-07,0.00018031940351438192,0.9999999837423891
2026-09-30T01:07:37.598 0.016329745042063776,2.5897790027122247e-06,-2.571478162535876e-05,3.363389669223611e-08,3.034042980345201e-07,0.00018065495590894522,0.9999999836818467
2026-09-30T01:07:37.637 0.0163454807634143,2.828395708393427e-06,-2.566515564387907e-05,1.1027778808040237e-07,3.263495811902794e-07,0.00017924379510224087,0.9999999839357715
2026-09-30T01:07:37.692 0.016365507902026094,2.5902292730383655e-06,-2.5696820667890933e-05,4.6254028688012134e-08,3.096325987147493e-07,0.00018071652884691261,0.999999983670719
2026-09-30T01:07:37.727 0.016384104502888484,2.7096726933070973e-06,-2.5741125102751525e-05,-5.3362332503996924e-08,3.873973844826168e-07,0.00018078377894121232,0.999999983658536
2026-09-30T01:07:37.781 0.01640174752336695,2.9483134072087587e-06,-2.572431712669471e-05,-7.648766437123587e-09,2.396084302440677e-07,0.00018025140532324684,0.9999999837546866
2026-09-30T01:07:37.832 0.016421774614858116,2.710146966385813e-06,-2.578578443584289e-05,9.480448628566376e-08,3.018330459077279e-07,0.00018027938058779697,0.9999999837496223
2026-09-30T01:07:37.876 0.016438940707534964,2.7103630868469568e-06,-2.5827827060990066e-05,1.0849357546861454e-07,3.1644331675814473e-07,0.000181106092985744,0.9999999836002355
2026-09-30T01:07:37.913 0.01645706049539552,2.8298005064275457e-06,-2.5856476423210864e-05,6.252623645437518e-08,3.24068170899561e-07,0.00018039360957035949,0.9999999837290182
2026-09-30T01:07:37.969 0.016477087653064965,2.9492619424304203e-06,-2.5873240363150066e-05,1.7527741642928793e-07,3.275613692789603e-07,0.00018076625312855917,0.9999999836617117
2026-09-30T01:07:38.005 0.016494730514624783,2.7110654790291612e-06,-2.5960740307076365e-05,-5.903160844921452e-08,3.0398583844138183e-07,0.000181245225391151,0.999999983575036
2026-09-30T01:07:38.056 0.016512850300984455,2.9497121881510815e-06,-2.598938968879566e-05,-4.6522377660161236e-08,3.8704823929248374e-07,0.00018148343002980319,0.9999999835318062
2026-09-30T01:07:38.096 0.016531447091830246,2.9499463407500204e-06,-2.591448496361249e-05,1.9644335327856255e-07,2.65104676497332e-07,0.00018042624566396576,0.9999999837231304
2026-09-30T01:07:38.162 0.01654956681201163,2.8309651730461204e-06,-2.5987837714540772e-05,2.515329402258607e-08,3.0491770500425554e-07,0.000181413670415967,0.9999999835444932
2026-09-30T01:07:38.187 0.016568640295055902,3.0696238917461545e-06,-2.6003093813835188e-05,4.664736332716783e-08,2.796557060785186e-07,0.0001812050073446316,0.9999999835823323
2026-09-30T01:07:38.241 0.01658675999167698,2.950642721308312e-06,-2.6091347707331624e-05,5.2977445206215026e-08,2.736021089288282e-07,0.00018066972544389357,0.9999999836791862
2026-09-30T01:07:38.280 0.016605833594023713,3.070092164136726e-06,-2.603209807428675e-05,6.537182129584315e-08,3.408320909628106e-07,0.0001816411431841496,0.9999999835031872
2026-09-30T01:07:38.342 0.016624906987329387,2.9511230032769977e-06,-2.610695868535831e-05,1.3007108606870628e-07,3.3867883669477647e-07,0.00018189988337998232,0.9999999834561503
2026-09-30T01:07:38.380 0.01664159626850529,2.832123833508667e-06,-2.6133346218367193e-05,9.311069948094713e-08,3.409486361366603e-07,0.00018109297957894492,0.9999999836026038
2026-09-30T01:07:38.432 0.016660669660310077,2.8323639621902696e-06,-2.6208206848937244e-05,1.0191907614402826e-07,3.2994746628435164e-07,0.00018133456308586958,0.9999999835588284
2026-09-30T01:07:38.469 0.016679266496775612,2.9518074097984238e-06,-2.6103499858116257e-05,-1.6987699547511e-07,2.1614987944327796e-07,0.00018207983700536273,0.9999999834234286
2026-09-30T01:07:38.539 0.016696432562890363,3.1904421066082887e-06,-2.6160443664828593e-05,2.0321822362828328e-07,2.6754951355092216e-07,0.00018133879044667067,0.999999983558065
2026-09-30T01:07:38.586 0.016716459610262673,2.7138570812347954e-06,-2.6251713220116094e-05,-3.518757464106557e-09,3.3471978531970823e-07,0.00018079087067014737,0.9999999836572744
2026-09-30T01:07:38.634 0.01673505623018271,3.1909283728614645e-06,-2.6281116570904027e-05,8.879852947409726e-08,2.7790986372790143e-07,0.00018268734921646774,0.9999999833126235
2026-09-30T01:07:38.675 0.016751745467239763,2.8335106185425867e-06,-2.6337306350052228e-05,2.6924480848541243e-08,3.270366341156259e-07,0.00018159885633842082,0.9999999835108737
2026-09-30T01:07:38.725 0.01677272632009292,3.072193353664906e-06,-2.6340677027065048e-05,9.190675044728142e-09,3.1178609334884467e-07,0.0001812511674751862,0.9999999835739584
2026-09-30T01:07:38.760 0.01679227664270111,3.072439496704363e-06,-2.635668701743411e-05,1.7376629779870002e-07,2.830326223963046e-07,0.0001820806422455388,0.9999999834232646
2026-09-30T01:07:38.818 0.01681039634232396,2.715039747183858e-06,-2.6444940871933545e-05,9.028939436017663e-08,3.5544239082332693e-07,0.00018194569529046735,0.9999999834478146
2026-09-30T01:07:38.853 0.016828516131685407,2.715267877223116e-06,-2.6473590214655848e-05,6.689532357188804e-08,2.979331040487657e-07,0.00018208287928256283,0.9999999834228658
2026-09-30T01:07:38.909 0.016845682197800162,2.953902574032981e-06,-2.6530534021368184e-05,2.276286856203229e-08,3.8553536337744514e-07,0.00018253609049587798,0.9999999833402131
2026-09-30T01:07:38.946 0.016865232613148717,3.073358017549538e-06,-2.6486939460963108e-05,1.573473340736329e-08,3.6946993459784217e-07,0.0001815937434895215,0.9999999835117876
2026-09-30T01:07:38.999 0.01688430602851382,3.0735981489650832e-06,-2.6546898948965003e-05,1.2674465106975893e-07,3.403668780841857e-07,0.00018240460452364544,0.999999983364214
2026-09-30T01:07:39.034 0.016901949100615588,2.9546109997106346e-06,-2.6500288629276374e-05,1.6639663051367875e-07,3.562578207991359e-07,0.00018249869472089722,0.9999999833470358
2026-09-30T01:07:39.091 0.016921499325980742,3.193275710896986e-06,-2.6575903228915068e-05,9.326937035540003e-08,2.822172381631529e-07,0.00018245375824331802,0.9999999833552687
2026-09-30T01:07:39.126 0.01693818862921607,3.1934858334039286e-06,-2.658738963885429e-05,9.446421446424281e-08,3.2849235048773936e-07,0.00018280044336699971,0.9999999832919404
2026-09-30T01:07:39.182 0.01695630832433626,3.193713952507418e-06,-2.6675643551849223e-05,-7.280192974669012e-08,3.0712910482708305e-07,0.00018297010412398948,0.9999999832609205
2026-09-30T01:07:39.228 0.01697538190612445,3.0747448135192263e-06,-2.6631295022375514e-05,-1.3901453181218532e-08,3.3140206274400524e-07,0.00018296999987811886,0.9999999832609344
2026-09-30T01:07:39.270 0.016994455348051645,2.836566368586051e-06,-2.6676353328812253e-05,3.79008071249301e-08,2.9711843682045506e-07,0.00018722467877745552,0.9999999824734148
2026-09-30T01:07:39.311 0.017012575085789797,3.1944223617814184e-06,-2.6734805015166366e-05,4.207776682345298e-08,2.410645495932035e-07,0.00018777927778593,0.9999999823694413
2026-09-30T01:07:39.367 0.017031648455535158,3.075453198187748e-06,-2.682456676880608e-05,1.6328237477038824e-07,2.8192680287881704e-07,0.00018442679828425363,0.9999999829933248
2026-09-30T01:07:39.407 0.017048337900132375,3.0756633370983434e-06,-2.6746646323336354e-05,-1.5308006336893754e-07,2.5287939498587795e-07,0.0001868419388019436,0.9999999825450011
2026-09-30T01:07:39.460 0.01706788817411905,3.195118764211248e-06,-2.679245861834023e-05,6.465137295688514e-08,2.7104164967170504e-07,0.00018806849341369337,0.9999999823150819
2026-09-30T01:07:39.500 0.01708696161604624,2.9569403192780727e-06,-2.6837516924776974e-05,4.27660863096929e-08,2.843708695772069e-07,0.00018571869583520822,0.9999999827542415
2026-09-30T01:07:39.555 0.017105081262544907,3.0763777224550085e-06,-2.6955573142406722e-05,8.350119540623201e-09,2.2022537927552645e-07,0.0001801617529072101,0.999999983770847
2026-09-30T01:07:39.591 0.017124631750075302,3.0766238846320608e-06,-2.6867275134798674e-05,6.618046076405623e-08,3.389113770018967e-07,0.00018325154609988964,0.9999999832093757
2026-09-30T01:07:39.646 0.017142274515892977,2.9576366998363642e-06,-2.7014379668496104e-05,-5.918886286548656e-08,3.12484354808534e-07,0.00018369801057495244,0.9999999831274697
2026-09-30T01:07:39.684 0.017160871327297305,3.196289434251908e-06,-2.692457383974177e-05,-8.272770145838517e-09,2.3012063689872681e-07,0.00018093147559680202,0.9999999836318739
2026-09-30T01:07:39.736 0.017180421629346958,2.9581169954747603e-06,-2.6955484933681994e-05,1.4172972524551877e-07,1.8466158661947513e-07,0.00018305381228911458,0.9999999832456237
2026-09-30T01:07:39.773 0.017198064415723167,3.077548392495669e-06,-2.7087688363808263e-05,1.0548423089553024e-07,2.3157667891958358e-07,0.00018257505452035387,0.9999999833331422
2026-09-30T01:07:39.828 0.017217614998995708,2.958585276067158e-06,-2.693978576642908e-05,-2.7665639880125696e-08,2.505516296938047e-07,0.00018379501682749385,0.999999983109664
2026-09-30T01:07:39.868 0.017235734761795064,3.1972319824551365e-06,-2.6983336290716535e-05,5.621223401367414e-08,2.0288000870035416e-07,0.00018267803251281829,0.9999999833143459
2026-09-30T01:07:39.933 0.017250993416983853,2.9590054992095065e-06,-2.7081967726852798e-05,9.895740293441242e-08,2.8064563019338254e-07,0.0001819911484363406,0.9999999834395665
2026-09-30T01:07:39.979 0.017270543640848117,3.3168794999371892e-06,-2.7157582345989984e-05,1.2758999017533795e-07,2.3611708442696126e-07,0.00018344276756386863,0.9999999831743394
2026-09-30T01:07:40.031 0.017291047686702997,3.0787190762060395e-06,-2.714529787236901e-05,-1.8233466783365174e-07,2.317494365905437e-07,0.00018193569520024683,0.9999999834496578
2026-09-30T01:07:40.071 0.017308690682120265,3.43656907691509e-06,-2.714339105837885e-05,1.4450301069190108e-07,2.4915566991098097e-07,0.00018304653438869236,0.9999999832469415
2026-09-30T01:07:40.123 0.01732871777511232,3.0791933465508123e-06,-2.720485834802853e-05,1.3481557723769228e-07,1.93974748933191e-07,0.00018285166232239941,0.9999999832826068
2026-09-30T01:07:40.164 0.017345407028225242,3.317822042672534e-06,-2.7246147082101066e-05,9.839598090598273e-08,1.8640753996350115e-07,0.0001830198820575122,0.999999983251839
2026-09-30T01:07:40.220 0.01736209635352,3.4372414574547498e-06,-2.724273236897063e-05,7.267867109611198e-08,1.711569173930056e-07,0.00018229283095833087,0.9999999833846445
2026-09-30T01:07:40.260 0.017382600235953567,3.079871725044674e-06,-2.7334755873828267e-05,1.0659982307608583e-07,2.507852261605624e-07,0.00018281361718443728,0.9999999832895534
2026-09-30T01:07:40.318 0.017400720001754695,3.080099852349989e-06,-2.737830635911873e-05,1.279165126518439e-07,2.879800811970524e-07,0.00018328202662483994,0.9999999832037996
2026-09-30T01:07:40.353 0.01741883976605494,3.1995372691966366e-06,-2.7421856863907685e-05,1.2294844742604204e-07,2.6132091823583854e-07,0.00018288051446143413,0.9999999832773169
2026-09-30T01:07:40.412 0.017438390204963815,3.3189927154471354e-06,-2.736336116093445e-05,-4.609960975446774e-09,2.3297297243438077e-07,0.00018261937905235214,0.9999999833250539
2026-09-30T01:07:40.453 0.017455079391898463,3.1999935347430367e-06,-2.744935326421597e-05,8.850444027716705e-08,2.1068014927508164e-07,0.0001840619530173889,0.9999999830605725
2026-09-30T01:07:40.507 0.017473676088502994,3.2002276764062064e-06,-2.7434053109305435e-05,1.3900916715502698e-07,2.386781969666527e-07,0.00018227939041201804,0.9999999833870736
2026-09-30T01:07:40.546 0.01749322624768987,3.0812645107667375e-06,-2.7554371078153107e-05,1.1562464623725342e-07,2.6265970760503806e-07,0.0001836298557460716,0.9999999831399967
2026-09-30T01:07:40.598 0.017510869362409597,3.319905235604167e-06,-2.747795853182365e-05,5.190008728889552e-08,2.6801437013354755e-07,0.00018313258066034435,0.9999999832311915
2026-09-30T01:07:40.645 0.017529942848455646,3.3201453752215387e-06,-2.7493214592121073e-05,3.4458958502169714e-07,1.665021342690557e-07,0.00018371844206562735,0.9999999831236936
2026-09-30T01:07:40.686 0.01754758563783363,3.201158193159784e-06,-2.7625417983250348e-05,7.901243760065456e-08,2.399585150449198e-07,0.00018384449660792794,0.9999999831005685
2026-09-30T01:07:40.725 0.017564751754070792,3.2013743163548708e-06,-2.765255946582937e-05,4.834876131651231e-08,3.921132522835632e-07,0.0001857435473093581,0.9999999827495891
2026-09-30T01:07:40.781 0.01758477893530055,3.3208357550916873e-06,-2.7654422263200405e-05,2.346932017413363e-08,2.32624013199739e-07,0.0001839731213100028,0.9999999830769178
2026-09-30T01:07:40.834 0.01760385244490691,3.3210758974430007e-06,-2.765477718092967e-05,3.299779790678726e-08,2.5218176665046246e-07,0.00018307360117649526,0.9999999832419958
2026-09-30T01:07:40.872 0.01762197211946856,3.0828854347298854e-06,-2.775793219749577e-05,1.3311423453848745e-08,2.2109901446364636e-07,0.00018613970729147627,0.99999998267598
2026-09-30T01:07:40.911 0.017641522347835486,3.083131566833574e-06,-2.7833546758137462e-05,2.0479828948442314e-07,4.0515272330180946e-07,0.00018543696000556067,0.9999999828064637
2026-09-30T01:07:40.967 0.017658688484631188,3.321766271845265e-06,-2.7845787137145322e-05,1.1572854062122252e-07,3.1388244443209255e-07,0.0001837761899717271,0.9999999831130999
2026-09-30T01:07:41.006 0.017677762017797864,3.322006416930521e-06,-2.7831240912306422e-05,5.409765046804338e-08,2.356510893836369e-07,0.00018501821646019348,0.9999999828841004
2026-09-30T01:07:41.059 0.017696835481784485,3.2030372642726186e-06,-2.7861398095673508e-05,3.450516809998487e-08,4.1231137384449653e-07,0.00018767512161321217,0.9999999823889386
2026-09-30T01:07:41.093 0.01771447843758556,2.9648408118071283e-06,-2.788929346932717e-05,7.326538073839514e-08,2.4525538254721446e-07,0.00018393923461617942,0.9999999830831461
2026-09-30T01:07:41.145 0.017734505568692913,3.322720824158723e-06,-2.7920958590831523e-05,9.415447467915479e-08,2.868739235275559e-07,0.00018327972515820348,0.9999999832042255
2026-09-30T01:07:41.188 0.017752625310933728,3.3229489487300963e-06,-2.797941021869014e-05,5.403910007671681e-08,2.934513426642104e-07,0.00018584412441902218,0.999999982730936
2026-09-30T01:07:41.240 0.017769314684850004,3.3231590794388657e-06,-2.7946193200924886e-05,1.438419080720203e-07,2.3646652381873234e-07,0.00018456179716324126,0.9999999829684331
2026-09-30T01:07:41.281 0.017789341820460023,3.3234112231664665e-06,-2.7977858263933746e-05,1.1500775011029372e-07,2.6615224381664275e-07,0.00018461705913242878,0.9999999829582286
2026-09-30T01:07:41.346 0.01780889212100879,3.2044480739306503e-06,-2.800876937737247e-05,3.756051335214429e-08,2.852438956241061e-07,0.00018502495231936778,0.999999982882842
2026-09-30T01:07:41.388 0.017826058187123538,3.443082770740515e-06,-2.8065713184084803e-05,1.74290720067913e-07,2.5858566218289996e-07,0.00018509120093598166,0.9999999828705749
2026-09-30T01:07:41.439 0.017844178048666816,3.324101619440268e-06,-2.8049659079604127e-05,1.2826674914885705e-07,2.3856192790344237e-07,0.00018488771459584645,0.9999999829082297
2026-09-30T01:07:41.479 0.01786039049328058,3.2050964462498515e-06,-2.8075292682541375e-05,1.0771772215920618e-07,2.4799150129573174e-07,0.0001856977479261059,0.9999999827581365
2026-09-30T01:07:41.533 0.017880417628890595,3.2053485899774523e-06,-2.8106957745550234e-05,1.0182301176457778e-07,2.4729294147227557e-07,0.00018530971161328852,0.9999999828301195
2026-09-30T01:07:41.572 0.017899014204691775,3.444001297053574e-06,-2.8166163342477484e-05,1.6833775573299989e-07,2.1661792499384703e-07,0.00018520613667830313,0.9999999828493057
2026-09-30T01:07:41.629 0.017917610739375887,3.2058168404964866e-06,-2.825517114654707e-05,-2.7687185525096802e-08,2.8314802728880423e-07,0.00018524901561054624,0.9999999828413605
2026-09-30T01:07:41.663 0.0179376379897857,3.444487576976461e-06,-2.8212330535712123e-05,-2.8134391141150538e-08,2.755228027350015e-07,0.00018497579014650718,0.99999998289194
2026-09-30T01:07:41.714 0.01795528087040317,3.5639189849331374e-06,-2.8284929395565762e-05,7.626255043624039e-08,2.855934873791634e-07,0.0001862683254816692,0.9999999826520116
2026-09-30T01:07:41.751 0.017972446988141218,3.4449258185868927e-06,-2.8312070858646285e-05,1.0904123002574073e-07,2.3873651106924264e-07,0.00018589649705275706,0.9999999827212116
2026-09-30T01:07:41.806 0.017992950935252175,3.5643932525439677e-06,-2.835939101379344e-05,8.978063359518911e-08,4.0061199408048805e-07,0.00018779125979573061,0.9999999823671369
2026-09-30T01:07:41.845 0.018011547683480005,3.2069995310510287e-06,-2.8314288515251092e-05,1.1659804716291805e-07,2.427528969635255e-07,0.0001860319694812455,0.9999999826960168
2026-09-30T01:07:41.899 0.018029667353538986,3.326436936961907e-06,-2.8417443590312685e-05,1.1429901350556133e-07,2.6941191356364027e-07,0.00018519375170836968,0.9999999828515942
2026-09-30T01:07:41.937 0.018048264050143516,3.326671078625077e-06,-2.8402143435402146e-05,4.6223171000774785e-08,3.3181011644870125e-07,0.00018568784328052565,0.9999999827599562
2026-09-30T01:07:41.991 0.018065430212000418,3.446096496829379e-06,-2.8399482652343348e-05,1.411830959479646e-07,2.7761946776710723e-07,0.00018651073737850721,0.9999999826068238
2026-09-30T01:07:42.034 0.018084980393246717,3.4463426234651834e-06,-2.8504899498121363e-05,1.3458337082522058e-07,2.897265836850479e-07,0.00018611821928616622,0.999999982679953
2026-09-30T01:07:42.079 0.01810262344178817,3.3273554714767928e-06,-2.847319032100089e-05,9.769547544659776e-08,3.551519720647671e-07,0.00018895354481459083,0.999999982148211
2026-09-30T01:07:42.120 0.01812122004565233,3.208380312662863e-06,-2.851749471686449e-05,4.558080464863005e-08,2.8914389240552866e-07,0.00018545195715995058,0.9999999828037428
2026-09-30T01:07:42.177 0.01814172403838303,3.4470570416291544e-06,-2.8535012606373824e-05,2.690756987492999e-07,2.4199715494426134e-07,0.00018599829235749435,0.999999982702252
2026-09-30T01:07:42.216 0.01815936696612113,3.566488455053715e-06,-2.8577809181091145e-05,1.343526929302589e-07,2.7459271577496646e-07,0.00018758822529779827,0.999999982405282
2026-09-30T01:07:42.270 0.018175102500490023,3.685895849322049e-06,-2.864739232065822e-05,5.244946904401587e-08,2.984571955565897e-07,0.00018589639712242523,0.9999999827212187
2026-09-30T01:07:42.317 0.01819512963760093,3.5669387035083184e-06,-2.8679057364168582e-05,1.116497446783051e-07,2.8553554965637033e-07,0.00018685310963531115,0.9999999825429106
2026-09-30T01:07:42.366 0.018214203195828813,3.4479695617861858e-06,-2.864960997726303e-05,-4.3901227487242574e-08,2.8140180223788697e-07,0.00018653221761071127,0.9999999826028252
2026-09-30T01:07:42.408 0.01823279988793068,3.805831572073349e-06,-2.863430988084799e-05,2.2647107358607355e-08,2.5730430082880913e-07,0.0001870617091815101,0.999999982503925
2026-09-30T01:07:42.464 0.01825187328423813,3.4484438321309586e-06,-2.8709170452922548e-05,1.5921390682761254e-07,2.4973813156175607e-07,0.00018663261018696337,0.9999999825840904
2026-09-30T01:07:42.505 0.018267608727367546,3.3294326363808612e-06,-2.8838358123765266e-05,5.045563991860858e-08,3.208671841839186e-07,0.00018662015312259807,0.9999999825864063
2026-09-30T01:07:42.557 0.01828668242245465,3.5680913796863745e-06,-2.8719503939946254e-05,3.865205547451822e-08,2.563148167735811e-07,0.0001863964114728955,0.9999999826281551
2026-09-30T01:07:42.594 0.018307663092828844,3.3299369347718317e-06,-2.8842083679510345e-05,8.581899171091359e-08,2.7988924640125265e-07,0.00018686846728891766,0.999999982540045
2026-09-30T01:07:42.656 0.018325305970444534,3.687786921811171e-06,-2.8914682578360978e-05,5.742192337458522e-08,4.706356571981352e-07,0.00018870078060773877,0.9999999821958951
2026-09-30T01:07:42.694 0.01834533329453707,3.688039087410309e-06,-2.882713850082457e-05,-1.0027131613273425e-07,2.7290310392078707e-07,0.00018620370823347379,0.9999999826640471
2026-09-30T01:07:42.768 0.01836154557422863,3.569033895082297e-06,-2.8957080101738923e-05,5.334028238931987e-08,4.1824878789245305e-07,0.00018911801606592125,0.999999982117099
2026-09-30T01:07:42.807 0.01837918848290908,3.330837437148923e-06,-2.9014777760528904e-05,1.0911027662574809e-08,2.9834062906015153e-07,0.00018724853599258223,0.9999999824689482
2026-09-30T01:07:42.867 0.018399692642062867,3.450304895711478e-06,-2.892798763256263e-05,1.930791105409799e-08,2.397253957905375e-07,0.0001848955717210405,0.9999999829067847
2026-09-30T01:07:42.906 0.018418289147183107,3.6889575945857727e-06,-2.9031896657194363e-05,1.4824610353490964e-07,4.155138094390247e-07,0.00019135928595831675,0.9999999816907144
2026-09-30T01:07:42.957 0.0184364090573479,3.4507671592120793e-06,-2.898604024807887e-05,7.720616353786144e-08,3.1644356729300766e-07,0.00018658724352637639,0.9999999825925471
2026-09-30T01:07:42.998 0.018455482519833633,3.4510072960955083e-06,-2.901619745094445e-05,1.1936172539406378e-07,2.451976088073308e-07,0.0001857000385130964,0.9999999827577105
2026-09-30T01:07:43.052 0.01847169484514493,3.451211398776713e-06,-2.9116336786220985e-05,1.8638873152003346e-07,2.49854927609747e-07,0.00018919783023231332,0.9999999821020418
2026-09-30T01:07:43.092 0.01849124516325046,3.8090854104401635e-06,-2.9132346835085542e-05,2.0025636164168567e-07,3.9182346888034655e-07,0.00018940448620806988,0.9999999820628733
2026-09-30T01:07:43.146 0.01851127235048377,3.4517096910116548e-06,-2.9134209554462588e-05,2.678131177741509e-07,1.653376964201507e-07,0.00018614576280693237,0.9999999826748278
2026-09-30T01:07:43.182 0.01852891532384161,3.6903503994454318e-06,-2.9147203863542086e-05,8.454782025793727e-08,3.3914482397985055e-07,0.00018939960035947324,0.9999999820638344
2026-09-30T01:07:43.243 0.018548942343150944,3.57139323996199e-06,-2.925337461989324e-05,6.755183843595616e-08,2.8803833480724826e-07,0.0001885024586842976,0.9999999822333676
2026-09-30T01:07:43.250 0.018567062201692446,3.690830667744406e-06,-2.9237320554409563e-05,9.578544836663569e-08,3.071885927330733e-07,0.00018564184919543937,0.9999999827685
2026-09-30T01:07:43.290 0.018567062201692446,3.690830667744406e-06,-2.9237320554409563e-05,9.578544836663569e-08,3.071885927330733e-07,0.00018564184919543937,0.9999999827685
2026-09-30T01:07:43.350 0.018583274599185576,3.571825489086105e-06,-2.9292756442483125e-05,7.59209842766426e-08,2.719731258575808e-07,0.0001890702976354447,0.9999999821261712
2026-09-30T01:07:43.387 0.018604732101619247,3.6913049162176415e-06,-2.9416090170614354e-05,1.6868395720545192e-07,3.9717847707032056e-07,0.00019070044601298485,0.9999999818165767
