2026-09-30T01:50:26.617 5,0,map,-6.000000000000445,-1.0,0.0,0.0,0.0,0.9999999999991198,1.3267948966775328e-06,-2.3803181647963356e-12,0.0,0.0,0.0,0.0,0.0,0.0,0.0,0.0,0.0,0.0,0.0,0.0,0.0,0.0,0.0,0.0,0.0,0.0,0.0,0.0,0.0,0.0,0.0,0.0,0.0,0.0,0.0,0.0,0.0,0.0,0.0,0.0,0.0,0.0,-6.972200594645862e-14
2026-09-30T01:52:19.534 46,300000000,map,-6.084875482428292,-1.0037945396917218,0.0,0.0,0.0,-0.9739509854739496,0.22675863356071438,0.011438973829051235,0.001513597738846073,0.0,0.0,0.0,0.0,0.001513597738846073,0.0004623511019685722,0.0,0.0,0.0,0.0,0.0,0.0,0.0,0.0,0.0,0.0,0.0,0.0,0.0,0.0,0.0,0.0,0.0,0.0,0.0,0.0,0.0,0.0,0.0,0.0,0.0,0.0,0.0,0.012865491281105016
2026-09-30T01:52:25.939 47,800000000,map,-6.168891962377304,-1.065625858835653,0.0,0.0,0.0,-0.8110287679008659,0.585006271451173,0.02075379553929224,0.011329081245062156,0.0,0.0,0.0,0.0,0.011329081245062156,0.011853976260861376,0.0,0.0,0.0,0.0,0.0,0.0,0.0,0.0,0.0,0.0,0.0,0.0,0.0,0.0,0.0,0.0,0.0,0.0,0.0,0.0,0.0,0.0,0.0,0.0,0.0,0.0,0.0,0.03255620833065175
2026-09-30T01:52:29.812 49,100000000,map,-6.197450457700594,-1.1149449564940879,0.0,0.0,0.0,-0.5872415196909193,0.8094117602006408,0.016189274057850866,0.007099160625279488,0.0,0.0,0.0,0.0,0.0070991606252786,0.03237389957785042,0.0,0.0,0.0,0.0,0.0,0.0,0.0,0.0,0.0,0.0,0.0,0.0,0.0,0.0,0.0,0.0,0.0,0.0,0.0,0.0,0.0,0.0,0.0,0.0,0.0,0.0,0.0,0.03195645036358189
2026-09-30T01:52:32.283 50,0,map,-6.194945303200073,-1.156506105311025,0.0,0.0,0.0,-0.34005431842147243,0.9404057956663749,0.021119645638620455,-0.0012590375987286961,0.0,0.0,0.0,0.0,-0.0012590375987286961,0.03290443586623004,0.0,0.0,0.0,0.0,0.0,0.0,0.0,0.0,0.0,0.0,0.0,0.0,0.0,0.0,0.0,0.0,0.0,0.0,0.0,0.0,0.0,0.0,0.0,0.0,0.0,0.0,0.0,0.02251709801361945
2026-09-30T01:52:35.499 51,200000000,map,-6.150824534281413,-1.1741916025500059,0.0,0.0,0.0,0.043943366977988535,0.9990340236942072,0.045997195506785715,-0.01145266274491874,0.0,0.0,0.0,0.0,-0.01145266274491874,0.02911044093203352,0.0,0.0,0.0,0.0,0.0,0.0,0.0,0.0,0.0,0.0,0.0,0.0,0.0,0.0,0.0,0.0,0.0,0.0,0.0,0.0,0.0,0.0,0.0,0.0,0.0,0.0,0.0,0.014862326604389646
2026-09-30T01:52:38.928 52,500000000,map,-5.5935733287744975,-0.9526450186888327,0.0,0.0,0.0,0.12125175287541293,0.9926217872002607,0.062142608833681834,0.008079779622213401,0.0,0.0,0.0,0.0,0.008079779622213401,0.02863990469406763,0.0,0.0,0.0,0.0,0.0,0.0,0.0,0.0,0.0,0.0,0.0,0.0,0.0,0.0,0.0,0.0,0.0,0.0,0.0,0.0,0.0,0.0,0.0,0.0,0.0,0.0,0.0,0.01796453263616828
2026-09-30T01:52:42.183 53,700000000,map,-4.608830414717306,-0.8381187532671679,0.0,0.0,0.0,-0.044112236219314954,0.9990265815361128,0.10984997731043933,0.007560198054393119,0.0,0.0,0.0,0.0,0.007560198054393119,0.02701753845939414,0.0,0.0,0.0,0.0,0.0,0.0,0.0,0.0,0.0,0.0,0.0,0.0,0.0,0.0,0.0,0.0,0.0,0.0,0.0,0.0,0.0,0.0,0.0,0.0,0.0,0.0,0.0,0.02673816568349823
2026-09-30T01:52:45.748 55,0,map,-3.567328762941205,-0.9172962184150751,0.0,0.0,0.0,-0.041014674894219096,0.9991585441977272,0.15116072721823137,0.007500222040093707,0.0,0.0,0.0,0.0,0.007500222040093263,0.03078624299605426,0.0,0.0,0.0,0.0,0.0,0.0,0.0,0.0,0.0,0.0,0.0,0.0,0.0,0.0,0.0,0.0,0.0,0.0,0.0,0.0,0.0,0.0,0.0,0.0,0.0,0.0,0.0,0.032989777579703644
2026-09-30T01:52:49.040 56,200000000,map,-2.6050739412275163,-0.8973594910458059,0.0,0.0,0.0,-0.026595551007963236,0.999646275772877,0.139037328131848,0.010066016184648419,0.0,0.0,0.0,0.0,0.010066016184648863,0.028851634831032258,0.0,0.0,0.0,0.0,0.0,0.0,0.0,0.0,0.0,0.0,0.0,0.0,0.0,0.0,0.0,0.0,0.0,0.0,0.0,0.0,0.0,0.0,0.0,0.0,0.0,0.0,0.0,0.026462259167688365
2026-09-30T01:52:52.342 57,400000000,map,-1.579598054677686,-0.9131667360226631,0.0,0.0,0.0,-0.024627263061048663,0.9996967029625144,0.13099367811219853,0.014158646547878684,0.0,0.0,0.0,0.0,0.014158646547878684,0.028884434362865585,0.0,0.0,0.0,0.0,0.0,0.0,0.0,0.0,0.0,0.0,0.0,0.0,0.0,0.0,0.0,0.0,0.0,0.0,0.0,0.0,0.0,0.0,0.0,0.0,0.0,0.0,0.0,0.026231655284498015
2026-09-30T01:52:57.950 58,700000000,map,-0.6725081475966763,-0.9232848204771225,0.0,0.0,0.0,-0.01839649111701209,0.9998307702379347,0.1272908544660047,0.013273629894173133,0.0,0.0,0.0,0.0,0.013273629894173022,0.0222959042668478,0.0,0.0,0.0,0.0,0.0,0.0,0.0,0.0,0.0,0.0,0.0,0.0,0.0,0.0,0.0,0.0,0.0,0.0,0.0,0.0,0.0,0.0,0.0,0.0,0.0,0.0,0.0,0.022319127247695865
