2026-09-30T01:29:12.878 0.0,0.0,0.0,0.0,0.0,0.03684210526315797
2026-09-30T01:29:12.927 0.0,0.0,0.0,0.0,0.0,0.03684210526315797
2026-09-30T01:29:12.977 0.0,0.0,0.0,0.0,0.0,0.03684210526315797
2026-09-30T01:29:13.027 0.0,0.0,0.0,0.0,0.0,0.03684210526315797
2026-09-30T01:29:13.077 0.0,0.0,0.0,0.0,0.0,0.03684210526315797
2026-09-30T01:29:13.127 0.0,0.0,0.0,0.0,0.0,0.03684210526315797
2026-09-30T01:29:13.177 0.0,0.0,0.0,0.0,0.0,0.03684210526315797
2026-09-30T01:29:13.227 0.0,0.0,0.0,0.0,0.0,0.03684210526315797
2026-09-30T01:29:13.277 0.0,0.0,0.0,0.0,0.0,0.03684210526315797
2026-09-30T01:29:13.327 0.0,0.0,0.0,0.0,0.0,0.03684210526315797
2026-09-30T01:29:13.380 0.0,0.0,0.0,0.0,0.0,0.03684210526315797
2026-09-30T01:29:13.427 0.0,0.0,0.0,0.0,0.0,0.03684210526315797
2026-09-30T01:29:13.477 0.0,0.0,0.0,0.0,0.0,0.03684210526315797
2026-09-30T01:29:13.527 0.0,0.0,0.0,0.0,0.0,0.03684210526315797
2026-09-30T01:29:13.577 0.0,0.0,0.0,0.0,0.0,0.03684210526315797
2026-09-30T01:29:13.627 0.0,0.0,0.0,0.0,0.0,0.03684210526315797
2026-09-30T01:29:13.677 0.0,0.0,0.0,0.0,0.0,0.03684210526315797
2026-09-30T01:29:13.727 0.0,0.0,0.0,0.0,0.0,0.03684210526315797
2026-09-30T01:29:13.777 0.0,0.0,0.0,0.0,0.0,0.03684210526315797
2026-09-30T01:29:13.827 0.0,0.0,0.0,0.0,0.0,0.03684210526315797
2026-09-30T01:29:13.877 0.0,0.0,0.0,0.0,0.0,0.03684210526315797
2026-09-30T01:29:13.927 0.0,0.0,0.0,0.0,0.0,0.03684210526315797
2026-09-30T01:29:13.977 0.0,0.0,0.0,0.0,0.0,0.03684210526315797
2026-09-30T01:29:14.027 0.0,0.0,0.0,0.0,0.0,0.03684210526315797
2026-09-30T01:29:14.077 0.0,0.0,0.0,0.0,0.0,0.03684210526315797
2026-09-30T01:29:14.137 0.0,0.0,0.0,0.0,0.0,0.03684210526315797
2026-09-30T01:29:14.177 0.0,0.0,0.0,0.0,0.0,0.03684210526315797
2026-09-30T01:29:14.227 0.0,0.0,0.0,0.0,0.0,0.03684210526315797
2026-09-30T01:29:14.277 0.0,0.0,0.0,0.0,0.0,0.03684210526315797
2026-09-30T01:29:14.328 0.0,0.0,0.0,0.0,0.0,0.03684210526315797
2026-09-30T01:29:14.377 0.0,0.0,0.0,0.0,0.0,0.03684210526315797
2026-09-30T01:29:14.427 0.0,0.0,0.0,0.0,0.0,0.03684210526315797
2026-09-30T01:29:14.477 0.0,0.0,0.0,0.0,0.0,0.03684210526315797
2026-09-30T01:29:14.527 0.0,0.0,0.0,0.0,0.0,0.03684210526315797
2026-09-30T01:29:14.577 0.0,0.0,0.0,0.0,0.0,0.03684210526315797
2026-09-30T01:29:14.627 0.0,0.0,0.0,0.0,0.0,0.03684210526315797
2026-09-30T01:29:14.677 0.0,0.0,0.0,0.0,0.0,0.03684210526315797
2026-09-30T01:29:14.727 0.0,0.0,0.0,0.0,0.0,0.03684210526315797
2026-09-30T01:29:14.777 0.0,0.0,0.0,0.0,0.0,0.03684210526315797
2026-09-30T01:29:14.827 0.0,0.0,0.0,0.0,0.0,0.03684210526315797
2026-09-30T01:29:14.877 0.0,0.0,0.0,0.0,0.0,0.03684210526315797
2026-09-30T01:29:14.927 0.0,0.0,0.0,0.0,0.0,0.03684210526315797
2026-09-30T01:29:14.977 0.0,0.0,0.0,0.0,0.0,0.03684210526315797
2026-09-30T01:29:15.027 0.0,0.0,0.0,0.0,0.0,0.03684210526315797
2026-09-30T01:29:15.077 0.0,0.0,0.0,0.0,0.0,0.03684210526315797
2026-09-30T01:29:15.127 0.0,0.0,0.0,0.0,0.0,0.03684210526315797
2026-09-30T01:29:15.177 0.0,0.0,0.0,0.0,0.0,0.03684210526315797
2026-09-30T01:29:15.227 0.0,0.0,0.0,0.0,0.0,0.03684210526315797
2026-09-30T01:29:15.277 0.0,0.0,0.0,0.0,0.0,0.03684210526315797
2026-09-30T01:29:15.327 0.0,0.0,0.0,0.0,0.0,0.03684210526315797
2026-09-30T01:29:15.377 0.0,0.0,0.0,0.0,0.0,0.03684210526315797
2026-09-30T01:29:15.437 0.0,0.0,0.0,0.0,0.0,0.03684210526315797
2026-09-30T01:29:15.477 0.0,0.0,0.0,0.0,0.0,0.03684210526315797
2026-09-30T01:29:15.527 0.0,0.0,0.0,0.0,0.0,0.03684210526315797
2026-09-30T01:29:15.577 0.0,0.0,0.0,0.0,0.0,0.03684210526315797
2026-09-30T01:29:15.627 0.0,0.0,0.0,0.0,0.0,0.03684210526315797
2026-09-30T01:29:15.677 0.0,0.0,0.0,0.0,0.0,0.03684210526315797
2026-09-30T01:29:15.727 0.0,0.0,0.0,0.0,0.0,0.03684210526315797
2026-09-30T01:29:15.777 0.0,0.0,0.0,0.0,0.0,0.03684210526315797
2026-09-30T01:29:15.827 0.0,0.0,0.0,0.0,0.0,0.03684210526315797
2026-09-30T01:29:15.877 0.0,0.0,0.0,0.0,0.0,0.03684210526315797
2026-09-30T01:29:15.927 0.0,0.0,0.0,0.0,0.0,0.03684210526315797
2026-09-30T01:29:15.977 0.0,0.0,0.0,0.0,0.0,0.03684210526315797
2026-09-30T01:29:16.027 0.0,0.0,0.0,0.0,0.0,0.03684210526315797
2026-09-30T01:29:16.077 0.0,0.0,0.0,0.0,0.0,0.03684210526315797
2026-09-30T01:29:16.127 0.0,0.0,0.0,0.0,0.0,0.03684210526315797
2026-09-30T01:29:16.177 0.0,0.0,0.0,0.0,0.0,0.03684210526315797
2026-09-30T01:29:16.227 0.0,0.0,0.0,0.0,0.0,0.03684210526315797
2026-09-30T01:29:16.287 0.0,0.0,0.0,0.0,0.0,0.03684210526315797
2026-09-30T01:29:16.327 0.0,0.0,0.0,0.0,0.0,0.03684210526315797
2026-09-30T01:29:16.377 0.0,0.0,0.0,0.0,0.0,0.03684210526315797
2026-09-30T01:29:16.427 0.0,0.0,0.0,0.0,0.0,0.03684210526315797
2026-09-30T01:29:16.477 0.0,0.0,0.0,0.0,0.0,0.03684210526315797
2026-09-30T01:29:16.527 0.0,0.0,0.0,0.0,0.0,0.03684210526315797
2026-09-30T01:29:16.577 0.0,0.0,0.0,0.0,0.0,0.03684210526315797
2026-09-30T01:29:16.627 0.0,0.0,0.0,0.0,0.0,0.03684210526315797
2026-09-30T01:29:16.677 0.0,0.0,0.0,0.0,0.0,0.03684210526315797
2026-09-30T01:29:16.737 0.0,0.0,0.0,0.0,0.0,0.03684210526315797
2026-09-30T01:29:16.777 0.0,0.0,0.0,0.0,0.0,0.03684210526315797
2026-09-30T01:29:16.827 0.0,0.0,0.0,0.0,0.0,0.03684210526315797
2026-09-30T01:29:16.877 0.0,0.0,0.0,0.0,0.0,0.03684210526315797
2026-09-30T01:29:16.927 0.0,0.0,0.0,0.0,0.0,0.03684210526315797
2026-09-30T01:29:16.977 0.0,0.0,0.0,0.0,0.0,0.03684210526315797
2026-09-30T01:29:17.027 0.0,0.0,0.0,0.0,0.0,0.03684210526315797
2026-09-30T01:29:17.077 0.0,0.0,0.0,0.0,0.0,0.03684210526315797
2026-09-30T01:29:17.127 0.0,0.0,0.0,0.0,0.0,0.03684210526315797
2026-09-30T01:29:17.177 0.0,0.0,0.0,0.0,0.0,0.03684210526315797
2026-09-30T01:29:17.227 0.0,0.0,0.0,0.0,0.0,0.03684210526315797
2026-09-30T01:29:17.277 0.0,0.0,0.0,0.0,0.0,0.03684210526315797
2026-09-30T01:29:17.327 0.0,0.0,0.0,0.0,0.0,0.03684210526315797
2026-09-30T01:29:17.377 0.0,0.0,0.0,0.0,0.0,0.03684210526315797
2026-09-30T01:29:17.427 0.0,0.0,0.0,0.0,0.0,0.03684210526315797
2026-09-30T01:29:17.479 0.0,0.0,0.0,0.0,0.0,0.03684210526315797
2026-09-30T01:29:17.527 0.0,0.0,0.0,0.0,0.0,0.03684210526315797
2026-09-30T01:29:17.577 0.0,0.0,0.0,0.0,0.0,0.03684210526315797
2026-09-30T01:29:17.627 0.0,0.0,0.0,0.0,0.0,0.03684210526315797
2026-09-30T01:29:17.687 0.0,0.0,0.0,0.0,0.0,0.03684210526315797
2026-09-30T01:29:17.737 0.0,0.0,0.0,0.0,0.0,0.03684210526315797
2026-09-30T01:29:17.777 0.0,0.0,0.0,0.0,0.0,0.03684210526315797
2026-09-30T01:29:17.827 0.0,0.0,0.0,0.0,0.0,0.03684210526315797
2026-09-30T01:29:17.877 0.0,0.0,0.0,0.0,0.0,0.03684210526315797
2026-09-30T01:29:17.927 0.0,0.0,0.0,0.0,0.0,0.03684210526315797
2026-09-30T01:29:17.977 0.0,0.0,0.0,0.0,0.0,0.03684210526315797
2026-09-30T01:29:18.027 0.0,0.0,0.0,0.0,0.0,0.03684210526315797
2026-09-30T01:29:18.077 0.0,0.0,0.0,0.0,0.0,0.03684210526315797
2026-09-30T01:29:18.127 0.0,0.0,0.0,0.0,0.0,0.03684210526315797
2026-09-30T01:29:18.177 0.0,0.0,0.0,0.0,0.0,0.03684210526315797
2026-09-30T01:29:18.227 0.0,0.0,0.0,0.0,0.0,0.03684210526315797
2026-09-30T01:29:18.277 0.0,0.0,0.0,0.0,0.0,0.03684210526315797
2026-09-30T01:29:18.327 0.0,0.0,0.0,0.0,0.0,0.03684210526315797
2026-09-30T01:29:18.377 0.0,0.0,0.0,0.0,0.0,0.03684210526315797
2026-09-30T01:29:18.427 0.0,0.0,0.0,0.0,0.0,0.03684210526315797
2026-09-30T01:29:18.477 0.0,0.0,0.0,0.0,0.0,0.03684210526315797
2026-09-30T01:29:18.527 0.0,0.0,0.0,0.0,0.0,0.03684210526315797
2026-09-30T01:29:18.577 0.0,0.0,0.0,0.0,0.0,0.03684210526315797
2026-09-30T01:29:18.637 0.0,0.0,0.0,0.0,0.0,0.03684210526315797
2026-09-30T01:29:18.677 0.0,0.0,0.0,0.0,0.0,0.03684210526315797
2026-09-30T01:29:18.727 0.0,0.0,0.0,0.0,0.0,0.03684210526315797
2026-09-30T01:29:18.777 0.0,0.0,0.0,0.0,0.0,0.03684210526315797
2026-09-30T01:29:18.827 0.0,0.0,0.0,0.0,0.0,0.03684210526315797
2026-09-30T01:29:18.877 0.0,0.0,0.0,0.0,0.0,0.03684210526315797
2026-09-30T01:29:18.927 0.0,0.0,0.0,0.0,0.0,0.03684210526315797
2026-09-30T01:29:18.977 0.0,0.0,0.0,0.0,0.0,0.03684210526315797
2026-09-30T01:29:19.027 0.0,0.0,0.0,0.0,0.0,0.03684210526315797
2026-09-30T01:29:19.077 0.0,0.0,0.0,0.0,0.0,0.03684210526315797
2026-09-30T01:29:19.127 0.0,0.0,0.0,0.0,0.0,0.03684210526315797
2026-09-30T01:29:19.177 0.0,0.0,0.0,0.0,0.0,0.03684210526315797
2026-09-30T01:29:19.227 0.0,0.0,0.0,0.0,0.0,0.03684210526315797
2026-09-30T01:29:19.277 0.0,0.0,0.0,0.0,0.0,0.03684210526315797
2026-09-30T01:29:19.327 0.0,0.0,0.0,0.0,0.0,0.03684210526315797
2026-09-30T01:29:19.377 0.0,0.0,0.0,0.0,0.0,0.03684210526315797
2026-09-30T01:29:19.427 0.0,0.0,0.0,0.0,0.0,0.03684210526315797
2026-09-30T01:29:19.477 0.0,0.0,0.0,0.0,0.0,0.03684210526315797
2026-09-30T01:29:19.527 0.0,0.0,0.0,0.0,0.0,0.03684210526315797
2026-09-30T01:29:19.577 0.0,0.0,0.0,0.0,0.0,0.03684210526315797
2026-09-30T01:29:19.628 0.0,0.0,0.0,0.0,0.0,0.03684210526315797
2026-09-30T01:29:19.677 0.0,0.0,0.0,0.0,0.0,0.03684210526315797
2026-09-30T01:29:19.727 0.0,0.0,0.0,0.0,0.0,0.03684210526315797
2026-09-30T01:29:19.777 0.0,0.0,0.0,0.0,0.0,0.03684210526315797
2026-09-30T01:29:19.827 0.0,0.0,0.0,0.0,0.0,0.03684210526315797
2026-09-30T01:29:19.877 0.0,0.0,0.0,0.0,0.0,0.03684210526315797
2026-09-30T01:29:19.927 0.0,0.0,0.0,0.0,0.0,0.03684210526315797
2026-09-30T01:29:19.977 0.0,0.0,0.0,0.0,0.0,0.03684210526315797
2026-09-30T01:29:20.027 0.0,0.0,0.0,0.0,0.0,0.03684210526315797
2026-09-30T01:29:20.077 0.0,0.0,0.0,0.0,0.0,0.03684210526315797
2026-09-30T01:29:20.127 0.0,0.0,0.0,0.0,0.0,0.03684210526315797
2026-09-30T01:29:20.177 0.0,0.0,0.0,0.0,0.0,0.03684210526315797
2026-09-30T01:29:20.227 0.0,0.0,0.0,0.0,0.0,0.03684210526315797
2026-09-30T01:29:20.277 0.0,0.0,0.0,0.0,0.0,0.03684210526315797
2026-09-30T01:29:20.327 0.0,0.0,0.0,0.0,0.0,0.03684210526315797
2026-09-30T01:29:20.377 0.0,0.0,0.0,0.0,0.0,0.03684210526315797
2026-09-30T01:29:20.437 0.0,0.0,0.0,0.0,0.0,0.03684210526315797
2026-09-30T01:29:20.477 0.0,0.0,0.0,0.0,0.0,0.03684210526315797
2026-09-30T01:29:20.527 0.0,0.0,0.0,0.0,0.0,0.03684210526315797
2026-09-30T01:29:20.577 0.0,0.0,0.0,0.0,0.0,0.03684210526315797
2026-09-30T01:29:20.627 0.0,0.0,0.0,0.0,0.0,0.03684210526315797
2026-09-30T01:29:20.677 0.0,0.0,0.0,0.0,0.0,0.03684210526315797
2026-09-30T01:29:20.727 0.0,0.0,0.0,0.0,0.0,0.03684210526315797
2026-09-30T01:29:20.777 0.0,0.0,0.0,0.0,0.0,0.03684210526315797
2026-09-30T01:29:20.827 0.0,0.0,0.0,0.0,0.0,0.03684210526315797
2026-09-30T01:29:20.877 0.0,0.0,0.0,0.0,0.0,0.03684210526315797
2026-09-30T01:29:20.927 0.0,0.0,0.0,0.0,0.0,0.03684210526315797
2026-09-30T01:29:20.978 0.0,0.0,0.0,0.0,0.0,0.03684210526315797
2026-09-30T01:29:21.027 0.0,0.0,0.0,0.0,0.0,0.03684210526315797
2026-09-30T01:29:21.077 0.0,0.0,0.0,0.0,0.0,0.03684210526315797
2026-09-30T01:29:21.127 0.0,0.0,0.0,0.0,0.0,0.03684210526315797
2026-09-30T01:29:21.177 0.0,0.0,0.0,0.0,0.0,0.03684210526315797
2026-09-30T01:29:21.227 0.0,0.0,0.0,0.0,0.0,0.03684210526315797
2026-09-30T01:29:21.277 0.0,0.0,0.0,0.0,0.0,0.03684210526315797
2026-09-30T01:29:21.327 0.0,0.0,0.0,0.0,0.0,0.03684210526315797
2026-09-30T01:29:21.377 0.0,0.0,0.0,0.0,0.0,0.03684210526315797
2026-09-30T01:29:21.427 0.0,0.0,0.0,0.0,0.0,0.03684210526315797
2026-09-30T01:29:21.477 0.0,0.0,0.0,0.0,0.0,0.03684210526315797
2026-09-30T01:29:21.527 0.0,0.0,0.0,0.0,0.0,0.03684210526315797
2026-09-30T01:29:21.577 0.0,0.0,0.0,0.0,0.0,0.03684210526315797
2026-09-30T01:29:21.627 0.0,0.0,0.0,0.0,0.0,0.03684210526315797
2026-09-30T01:29:21.677 0.0,0.0,0.0,0.0,0.0,0.03684210526315797
2026-09-30T01:29:21.727 0.0,0.0,0.0,0.0,0.0,0.03684210526315797
2026-09-30T01:29:21.777 0.0,0.0,0.0,0.0,0.0,0.03684210526315797
2026-09-30T01:29:21.827 0.0,0.0,0.0,0.0,0.0,0.03684210526315797
2026-09-30T01:29:21.887 0.0,0.0,0.0,0.0,0.0,0.03684210526315797
2026-09-30T01:29:21.927 0.0,0.0,0.0,0.0,0.0,0.03684210526315797
2026-09-30T01:29:21.977 0.0,0.0,0.0,0.0,0.0,0.03684210526315797
2026-09-30T01:29:22.027 0.0,0.0,0.0,0.0,0.0,0.03684210526315797
2026-09-30T01:29:22.077 0.0,0.0,0.0,0.0,0.0,0.03684210526315797
2026-09-30T01:29:22.127 0.0,0.0,0.0,0.0,0.0,0.03684210526315797
2026-09-30T01:29:22.177 0.0,0.0,0.0,0.0,0.0,0.03684210526315797
2026-09-30T01:29:22.227 0.0,0.0,0.0,0.0,0.0,0.03684210526315797
2026-09-30T01:29:22.277 0.0,0.0,0.0,0.0,0.0,0.03684210526315797
2026-09-30T01:29:22.327 0.0,0.0,0.0,0.0,0.0,0.03684210526315797
2026-09-30T01:29:22.377 0.0,0.0,0.0,0.0,0.0,0.03684210526315797
2026-09-30T01:29:22.427 0.0,0.0,0.0,0.0,0.0,0.03684210526315797
2026-09-30T01:29:22.477 0.0,0.0,0.0,0.0,0.0,0.03684210526315797
2026-09-30T01:29:22.527 0.0,0.0,0.0,0.0,0.0,0.03684210526315797
2026-09-30T01:29:22.577 0.0,0.0,0.0,0.0,0.0,0.03684210526315797
2026-09-30T01:29:22.627 0.0,0.0,0.0,0.0,0.0,0.03684210526315797
2026-09-30T01:29:22.677 0.0,0.0,0.0,0.0,0.0,0.03684210526315797
2026-09-30T01:29:22.737 0.0,0.0,0.0,0.0,0.0,0.03684210526315797
2026-09-30T01:29:22.777 0.0,0.0,0.0,0.0,0.0,0.03684210526315797
2026-09-30T01:29:22.827 0.0,0.0,0.0,0.0,0.0,0.03684210526315797
2026-09-30T01:29:22.877 0.0,0.0,0.0,0.0,0.0,0.03684210526315797
2026-09-30T01:29:22.927 0.0,0.0,0.0,0.0,0.0,0.03684210526315797
2026-09-30T01:29:22.977 0.0,0.0,0.0,0.0,0.0,0.03684210526315797
2026-09-30T01:29:23.027 0.0,0.0,0.0,0.0,0.0,0.03684210526315797
2026-09-30T01:29:23.077 0.0,0.0,0.0,0.0,0.0,0.03684210526315797
2026-09-30T01:29:23.127 0.0,0.0,0.0,0.0,0.0,0.03684210526315797
2026-09-30T01:29:23.177 0.0,0.0,0.0,0.0,0.0,0.03684210526315797
2026-09-30T01:29:23.227 0.0,0.0,0.0,0.0,0.0,0.03684210526315797
2026-09-30T01:29:23.277 0.0,0.0,0.0,0.0,0.0,0.03684210526315797
2026-09-30T01:29:23.327 0.0,0.0,0.0,0.0,0.0,0.03684210526315797
2026-09-30T01:29:23.377 0.0,0.0,0.0,0.0,0.0,0.03684210526315797
2026-09-30T01:29:23.427 0.0,0.0,0.0,0.0,0.0,0.03684210526315797
2026-09-30T01:29:23.477 0.0,0.0,0.0,0.0,0.0,0.03684210526315797
2026-09-30T01:29:23.527 0.0,0.0,0.0,0.0,0.0,0.03684210526315797
2026-09-30T01:29:23.577 0.0,0.0,0.0,0.0,0.0,0.03684210526315797
2026-09-30T01:29:23.627 0.0,0.0,0.0,0.0,0.0,0.03684210526315797
2026-09-30T01:29:23.677 0.0,0.0,0.0,0.0,0.0,0.03684210526315797
2026-09-30T01:29:23.727 0.0,0.0,0.0,0.0,0.0,0.03684210526315797
2026-09-30T01:29:23.778 0.0,0.0,0.0,0.0,0.0,0.03684210526315797
2026-09-30T01:29:23.827 0.0,0.0,0.0,0.0,0.0,0.03684210526315797
2026-09-30T01:29:23.878 0.0,0.0,0.0,0.0,0.0,0.03684210526315797
2026-09-30T01:29:23.927 0.0,0.0,0.0,0.0,0.0,0.03684210526315797
2026-09-30T01:29:23.977 0.0,0.0,0.0,0.0,0.0,0.03684210526315797
2026-09-30T01:29:24.027 0.0,0.0,0.0,0.0,0.0,0.03684210526315797
2026-09-30T01:29:24.077 0.0,0.0,0.0,0.0,0.0,0.03684210526315797
2026-09-30T01:29:24.127 0.0,0.0,0.0,0.0,0.0,0.03684210526315797
2026-09-30T01:29:24.177 0.0,0.0,0.0,0.0,0.0,0.03684210526315797
2026-09-30T01:29:24.227 0.0,0.0,0.0,0.0,0.0,0.03684210526315797
2026-09-30T01:29:24.277 0.0,0.0,0.0,0.0,0.0,0.03684210526315797
2026-09-30T01:29:24.327 0.0,0.0,0.0,0.0,0.0,0.03684210526315797
2026-09-30T01:29:24.377 0.0,0.0,0.0,0.0,0.0,0.03684210526315797
2026-09-30T01:29:24.427 0.0,0.0,0.0,0.0,0.0,0.03684210526315797
2026-09-30T01:29:24.477 0.0,0.0,0.0,0.0,0.0,0.03684210526315797
2026-09-30T01:29:24.527 0.0,0.0,0.0,0.0,0.0,0.03684210526315797
2026-09-30T01:29:24.577 0.0,0.0,0.0,0.0,0.0,0.03684210526315797
2026-09-30T01:29:24.627 0.0,0.0,0.0,0.0,0.0,0.03684210526315797
2026-09-30T01:29:24.677 0.0,0.0,0.0,0.0,0.0,0.03684210526315797
2026-09-30T01:29:24.727 0.0,0.0,0.0,0.0,0.0,0.03684210526315797
2026-09-30T01:29:24.777 0.0,0.0,0.0,0.0,0.0,0.03684210526315797
2026-09-30T01:29:24.827 0.0,0.0,0.0,0.0,0.0,0.03684210526315797
2026-09-30T01:29:24.877 0.0,0.0,0.0,0.0,0.0,0.03684210526315797
2026-09-30T01:29:24.927 0.0,0.0,0.0,0.0,0.0,0.03684210526315797
2026-09-30T01:29:24.977 0.0,0.0,0.0,0.0,0.0,0.03684210526315797
2026-09-30T01:29:25.027 0.0,0.0,0.0,0.0,0.0,0.03684210526315797
2026-09-30T01:29:25.077 0.0,0.0,0.0,0.0,0.0,0.03684210526315797
2026-09-30T01:29:25.127 0.0,0.0,0.0,0.0,0.0,0.03684210526315797
2026-09-30T01:29:25.187 0.0,0.0,0.0,0.0,0.0,0.03684210526315797
2026-09-30T01:29:25.227 0.0,0.0,0.0,0.0,0.0,0.0
2026-09-30T01:29:25.277 0.0,0.0,0.0,0.0,0.0,0.0
2026-09-30T01:29:25.327 0.0,0.0,0.0,0.0,0.0,0.0
2026-09-30T01:29:25.377 0.0,0.0,0.0,0.0,0.0,0.0
2026-09-30T01:29:25.427 0.0,0.0,0.0,0.0,0.0,0.0
2026-09-30T01:29:25.477 0.0,0.0,0.0,0.0,0.0,0.0
2026-09-30T01:29:25.527 0.0,0.0,0.0,0.0,0.0,0.0
2026-09-30T01:29:25.577 0.0,0.0,0.0,0.0,0.0,0.0
2026-09-30T01:29:25.627 0.0,0.0,0.0,0.0,0.0,0.0
2026-09-30T01:29:25.677 0.0,0.0,0.0,0.0,0.0,0.0
2026-09-30T01:29:25.727 0.0,0.0,0.0,0.0,0.0,0.0
2026-09-30T01:29:25.777 0.0,0.0,0.0,0.0,0.0,0.0
2026-09-30T01:29:26.638 0.0,0.0,0.0,0.0,0.0,0.0
2026-09-30T01:29:26.687 0.0,0.0,0.0,0.0,0.0,0.0
2026-09-30T01:29:27.907 0.0,0.0,0.0,0.0,0.0,0.0
2026-09-30T01:29:27.956 0.0,0.0,0.0,0.0,0.0,0.0
2026-09-30T01:29:28.007 0.0,0.0,0.0,0.0,0.0,0.0
2026-09-30T01:29:28.056 0.0,0.0,0.0,0.0,0.0,0.0
2026-09-30T01:29:28.107 0.0,0.0,0.0,0.0,0.0,0.0
2026-09-30T01:29:28.156 0.0,0.0,0.0,0.0,0.0,0.0
2026-09-30T01:29:28.206 0.0,0.0,0.0,0.0,0.0,0.0
2026-09-30T01:29:28.256 0.0,0.0,0.0,0.0,0.0,0.0
2026-09-30T01:29:28.306 0.0,0.0,0.0,0.0,0.0,0.0
2026-09-30T01:29:28.357 0.0,0.0,0.0,0.0,0.0,0.0
2026-09-30T01:29:28.407 0.0,0.0,0.0,0.0,0.0,0.0
2026-09-30T01:29:28.456 0.0,0.0,0.0,0.0,0.0,0.0
2026-09-30T01:29:28.507 0.0,0.0,0.0,0.0,0.0,0.0
2026-09-30T01:29:28.556 0.0,0.0,0.0,0.0,0.0,0.0
2026-09-30T01:29:28.607 0.0,0.0,0.0,0.0,0.0,0.0
2026-09-30T01:29:28.657 0.0,0.0,0.0,0.0,0.0,0.0
2026-09-30T01:29:28.706 0.0,0.0,0.0,0.0,0.0,0.0
2026-09-30T01:29:28.757 0.0,0.0,0.0,0.0,0.0,0.0
2026-09-30T01:29:28.807 0.0,0.0,0.0,0.0,0.0,0.0
2026-09-30T01:29:28.856 0.0,0.0,0.0,0.0,0.0,0.0
2026-09-30T01:29:28.916 0.0,0.0,0.0,0.0,0.0,0.0
2026-09-30T01:29:28.956 0.0,0.0,0.0,0.0,0.0,0.0
2026-09-30T01:29:29.007 0.0,0.0,0.0,0.0,0.0,0.0
2026-09-30T01:29:29.056 0.0,0.0,0.0,0.0,0.0,0.0
2026-09-30T01:29:29.107 0.0,0.0,0.0,0.0,0.0,0.0
2026-09-30T01:29:29.157 0.0,0.0,0.0,0.0,0.0,0.0
2026-09-30T01:29:29.206 0.0,0.0,0.0,0.0,0.0,0.0
2026-09-30T01:29:29.257 0.0,0.0,0.0,0.0,0.0,0.0
2026-09-30T01:29:29.307 0.0,0.0,0.0,0.0,0.0,0.0
2026-09-30T01:29:29.356 0.0,0.0,0.0,0.0,0.0,0.0
2026-09-30T01:29:29.407 0.0,0.0,0.0,0.0,0.0,0.0
2026-09-30T01:29:29.456 0.0,0.0,0.0,0.0,0.0,0.0
2026-09-30T01:29:29.506 0.0,0.0,0.0,0.0,0.0,0.0
2026-09-30T01:29:29.557 0.0,0.0,0.0,0.0,0.0,0.0
2026-09-30T01:29:29.607 0.0,0.0,0.0,0.0,0.0,0.0
2026-09-30T01:29:29.656 0.0,0.0,0.0,0.0,0.0,0.0
2026-09-30T01:29:29.707 0.0,0.0,0.0,0.0,0.0,0.0
2026-09-30T01:29:29.756 0.0,0.0,0.0,0.0,0.0,0.0
2026-09-30T01:29:29.806 0.0,0.0,0.0,0.0,0.0,0.0
2026-09-30T01:29:29.856 0.0,0.0,0.0,0.0,0.0,0.0
2026-09-30T01:29:29.907 0.0,0.0,0.0,0.0,0.0,0.0
