2026-09-30T01:29:11.743 0.009305465732775485,-7.173082201807648e-07,-1.4578834928441694e-05,-2.5170043098653777e-07,1.0162599519757158e-07,-2.3467872069968698e-06,0.9999999999972095
2026-09-30T01:29:11.744 0.009323108544963344,-7.766907547379113e-07,-1.4696137186752057e-05,-2.840529410438996e-07,8.668234665688455e-08,-4.5534763271325066e-07,0.9999999999998522
2026-09-30T01:29:11.746 0.009342182068374245,-1.5902276340023372e-09,-1.46815910886534e-05,-2.1236135335502763e-07,6.099923796528005e-08,-2.659727548066958e-06,0.9999999999964385
2026-09-30T01:29:11.747 0.009359824979306026,-4.18600619879374e-07,-1.4739288718195635e-05,-3.650286155595687e-07,-5.3321493305368745e-08,-1.2903976354789286e-05,0.9999999999166757
2026-09-30T01:29:11.788 0.00937508379266302,-1.2038528105141804e-07,-1.4733612244098026e-05,-3.7142696874216185e-07,1.152227511497602e-08,-5.96229135042056e-06,0.9999999999821565
2026-09-30T01:29:11.849 0.009396541463020672,-2.393244138649492e-07,-1.4752637935255148e-05,-2.627473029295694e-07,1.1676224883825152e-07,-5.408950934737108e-06,0.9999999999853303
2026-09-30T01:29:11.902 0.009415614907949642,-7.15921437880787e-07,-1.4797696202694892e-05,-3.7176010976301476e-07,8.14796634853739e-08,1.239547188984321e-06,0.9999999999991593
2026-09-30T01:29:11.954 0.009433257807624761,-2.388621585661742e-07,-1.4855393978475863e-05,-4.012109868091871e-07,8.416183128165393e-08,-1.5248886513186917e-06,0.9999999999987533
2026-09-30T01:29:12.004 0.009452808136236505,-7.15453173692042e-07,-1.487140389085093e-05,-4.2627001793909455e-07,1.1850560211452419e-07,-3.15870953290945e-06,0.9999999999949134
2026-09-30T01:29:12.054 0.009470928063207616,-4.172018033958033e-07,-1.4810646426910524e-05,-2.788830153718033e-07,7.68330544734202e-08,-1.527954353090341e-07,0.9999999999999465
2026-09-30T01:29:12.104 0.009489524498397356,-2.381537574939999e-07,-1.4959258869497482e-05,-3.264459553398005e-07,7.904006833727689e-08,-1.1956201452167807e-06,0.9999999999992288
2026-09-30T01:29:12.151 0.009508121146380371,-1.1871033175738289e-07,-1.497376101922176e-05,-2.813179666395346e-07,5.3665507036664606e-08,-2.1185665715683785e-06,0.9999999999977148
2026-09-30T01:29:12.202 0.009524810564415499,1.1991838350193316e-07,-1.4910741755317187e-05,-2.1360491216223872e-07,-4.2028283784900856e-08,-1.2794497974345004e-05,0.9999999999181267
2026-09-30T01:29:12.244 0.009543883870984357,-5.950972360002201e-07,-1.5045206839168888e-05,-3.42444431984938e-07,7.601628134563539e-08,-7.274496712896794e-06,0.9999999999734793
2026-09-30T01:29:12.303 0.009562003707466432,-5.948691004930779e-07,-1.504405389675487e-05,-3.1941558839637084e-07,5.552748194135408e-08,-4.659196097949187e-06,0.9999999999890934
2026-09-30T01:29:12.350 0.009580123569009709,-7.13850251793325e-07,-1.5027999792274198e-05,-3.2704000430565285e-07,4.039270819044305e-08,1.578677206459256e-06,0.9999999999986996
2026-09-30T01:29:12.404 0.009600627510117114,-1.1754565967092431e-07,-1.5075320025415345e-05,-1.4278005774524342e-07,9.371208416919983e-08,-2.104476522431603e-06,0.999999999997771
2026-09-30T01:29:12.455 0.009619224047802997,-5.941486953106743e-07,-1.5164327790487927e-05,-2.916483250918691e-07,9.115043697232448e-08,-3.984424268228161e-06,0.9999999999920155
2026-09-30T01:29:12.506 0.009637343841667107,-9.515484338954104e-07,-1.5192977074714734e-05,-3.200860860847857e-07,8.717635965623155e-08,-8.634135987972238e-07,0.9999999999995722
2026-09-30T01:29:12.572 0.009656894156770858,-3.5525584314929684e-07,-1.5208987162576282e-05,-2.8178849267231103e-07,1.25370078588712e-07,-1.2414202682750163e-06,0.9999999999991819
2026-09-30T01:29:12.609 0.009672152951070202,-4.1466837567927694e-07,-1.521821177255134e-05,-2.65621255971616e-07,1.1757587575063431e-07,-3.1591864639229554e-06,0.9999999999949676
2026-09-30T01:29:12.654 0.009692180113992753,-7.124394530710621e-07,-1.5234975644245798e-05,-3.020314488403676e-07,2.6537779248071666e-08,-9.80423536714167e-07,0.9999999999994734
2026-09-30T01:29:12.706 0.009711730405536186,-1.1614686505889073e-07,-1.5265886874675502e-05,-3.45816110744104e-07,1.2314542950299194e-07,-9.957191656896972e-07,0.9999999999994369
2026-09-30T01:29:12.751 0.00972889649971392,-2.3514003413907777e-07,-1.5307929480324184e-05,-2.1381150125286228e-07,9.941388536430257e-08,-2.1321997932639313e-06,0.9999999999976991
2026-09-30T01:29:12.805 0.009749400360088062,-7.11719058824427e-07,-1.5414854108251486e-05,-2.818779412708796e-07,1.6751327817420008e-07,-1.6293989866606124e-06,0.9999999999986188
2026-09-30T01:29:12.841 0.009765613011491545,-4.1349169401470474e-07,-1.5306377496320043e-05,-2.605201888076268e-07,5.273346016006092e-08,-1.20308473776847e-05,0.999999999927594
2026-09-30T01:29:12.892 0.009782779197659205,-3.5367091784712623e-07,-1.528881556094384e-05,-1.996280986092637e-07,5.238496186195289e-08,-8.048436596041238e-06,0.99999999996759
2026-09-30T01:29:12.932 0.009802329311226338,-5.91843378495811e-07,-1.5438935795429333e-05,-3.364796756732898e-07,1.3189690581924675e-07,7.052937938810191e-06,0.9999999999750627
2026-09-30T01:29:12.986 0.009820925861966317,-2.3398138461229992e-07,-1.5513042554423244e-05,-3.8578934826134866e-07,2.627503028654701e-07,4.218189693410277e-05,0.9999999991102348
2026-09-30T01:29:13.021 0.009841429970997703,1.2390464756503327e-07,-1.545605475059028e-05,-3.9504482038203297e-07,-1.7031251920546976e-07,6.74416785690109e-05,0.9999999977257175
2026-09-30T01:29:13.076 0.009858595992993604,1.2412075982435108e-07,-1.554280080344194e-05,-3.897937596475248e-07,2.4481610225473812e-09,7.207014457262539e-05,0.9999999974028712
2026-09-30T01:29:13.112 0.009878146317102682,5.157613322476984e-09,-1.55588107743125e-05,-2.9682732960973915e-07,3.9351891076055005e-08,6.598443019813961e-05,0.9999999978229827
2026-09-30T01:29:13.165 0.009895789175660724,5.379729003880531e-09,-1.5646310757235797e-05,-2.952216022190869e-07,7.381096608937446e-08,6.773010673503347e-05,0.99999999770627
2026-09-30T01:29:13.204 0.009915339473207711,1.2483515885072684e-07,-1.5677221909671515e-05,-3.560749317655037e-07,-2.3046769842318184e-08,6.965531593958966e-05,0.9999999975740048
2026-09-30T01:29:13.273 0.009934412940196107,-2.3255257288983767e-07,-1.57073790540416e-05,-5.174820958969645e-07,7.963026786912242e-08,6.696610258674826e-05,0.9999999977576335
2026-09-30T01:29:13.309 0.009953009607236772,2.4451872420471526e-07,-1.5706980119693215e-05,-4.1668849330931414e-07,5.681360235680206e-08,6.810893143467495e-05,0.9999999976804983
2026-09-30T01:29:13.361 0.009971606258221565,1.2554357085866973e-07,-1.57214822304205e-05,-4.204563072347094e-07,3.93513300980166e-08,6.863871115870552e-05,0.9999999976442745
2026-09-30T01:29:13.405 0.009991156579328867,2.449990034394582e-07,-1.5737492240288056e-05,-1.7924695036944543e-07,-1.3924995196579627e-09,6.862265640519189e-05,0.9999999976454494
2026-09-30T01:29:13.465 0.010009753230313658,1.2602385009341265e-07,-1.575199435101534e-05,-2.2952262103177126e-07,-1.7690953388227252e-08,6.863783200638412e-05,0.9999999976443975
2026-09-30T01:29:13.515 0.010028349832676932,1.2625798082081407e-07,-1.5796298766377438e-05,-4.86144556400891e-07,4.947904161062521e-08,6.860374954134996e-05,0.9999999976466434
2026-09-30T01:29:13.572 0.010048376922667208,7.300829539199293e-09,-1.5857766095024116e-05,-3.972573029721975e-07,3.236657507570716e-08,6.882475434052038e-05,0.9999999976314972
2026-09-30T01:29:13.606 0.010066496689969227,-1.1168033269681628e-07,-1.5901316560816076e-05,-3.542722969422093e-07,5.681401982867603e-08,6.842544294986878e-05,0.999999997658915
2026-09-30T01:29:13.658 0.010087000778442073,7.787117663912226e-09,-1.5859229860554278e-05,-3.9713177054971647e-07,4.971239246919485e-08,6.810548062763456e-05,0.9999999976807417
2026-09-30T01:29:13.694 0.010105597263003774,8.021234721602923e-09,-1.5978039988757174e-05,-5.178424767562801e-07,1.3273687486439381e-08,6.855153247067502e-05,0.9999999976502095
2026-09-30T01:29:13.749 0.010124193981667735,1.2746466866004637e-07,-1.5947838710776975e-05,-2.9707511904646647e-07,-2.712099488866519e-08,6.888945774022568e-05,0.9999999976270768
2026-09-30T01:29:13.786 0.01014374428071561,1.277108089655614e-07,-1.5978749843714195e-05,-3.864216115660925e-07,5.099310056132629e-08,6.898883242949878e-05,0.9999999976201945
2026-09-30T01:29:13.841 0.010161863950774593,2.471482148764398e-07,-1.6081904918775788e-05,-3.1057508329069675e-07,3.946845830330101e-08,6.891426443624704e-05,0.9999999976253631
2026-09-30T01:29:13.883 0.010180937554622214,2.47388368163522e-07,-1.6022655266232415e-05,-3.3362658204326686e-07,-2.0919402732964627e-09,6.89005454203949e-05,0.9999999976263018
2026-09-30T01:29:13.940 0.010200487716810864,-1.0999337655860966e-07,-1.6142973196083093e-05,-3.898245825649281e-07,5.122589449684507e-08,6.880769231061219e-05,0.9999999976326734
2026-09-30T01:29:13.989 0.010219561246975763,1.286653476093086e-07,-1.612842701024119e-05,-3.7861348551660065e-07,-3.4597551015426746e-10,6.913146284655163e-05,0.9999999976103487
2026-09-30T01:29:14.031 0.010238634803702754,1.289054954285065e-07,-1.6098979642834136e-05,-2.843480716495989e-07,1.051622115433041e-09,6.938697962892765e-05,0.9999999975926831
2026-09-30T01:29:14.070 0.010255800965559655,2.4833091363280845e-07,-1.6096318859775338e-05,-2.5048235462049776e-07,-9.091465782695586e-08,8.862540394110394e-05,0.9999999960727334
2026-09-30T01:29:14.126 0.010275351193926587,2.4857704573649705e-07,-1.617193342041703e-05,-3.0596772085249035e-07,7.32308638880907e-08,9.270362463741827e-05,0.9999999957029695
2026-09-30T01:29:14.163 0.010294901370670222,6.064510409962952e-07,-1.6277350324690542e-05,-3.668995311150117e-07,6.927496831213453e-08,0.00012457971233881417,0.9999999922398779
2026-09-30T01:29:14.218 0.010313974878775695,7.259004728889401e-07,-1.6277705261918304e-05,-1.598158485732989e-07,1.817060000283872e-08,0.00013234055159932353,0.9999999912429762
2026-09-30T01:29:14.256 0.010332571413459803,4.877160163318526e-07,-1.636671306598788e-05,-3.3877449963390413e-07,3.0117540948312194e-07,0.0001372442831575697,0.9999999905819006
2026-09-30T01:29:14.311 0.010351644847882554,8.455840191053335e-07,-1.6411771469917113e-05,-2.84535378372418e-07,2.3970869928509357e-07,0.00013986218876890796,0.9999999902192148
2026-09-30T01:29:14.351 0.010370718476791376,7.266148855850267e-07,-1.6337620655307083e-05,-1.7329806140301034e-07,2.6578602969395027e-07,0.00013508985623452197,0.999999990875315
2026-09-30T01:29:14.408 0.010390745613902283,6.076577397712961e-07,-1.6369285698817443e-05,-2.609082802778419e-07,2.645051199240537e-07,0.0001376552543363494,0.9999999905254464
2026-09-30T01:29:14.441 0.010409819029267384,6.078978711868411e-07,-1.6429245186819342e-05,-2.838585716616746e-07,2.4296815905882353e-07,0.00013777532562376819,0.99999999050891
2026-09-30T01:29:14.495 0.010426985169064859,6.081139971158697e-07,-1.6441485526830204e-05,-2.3363080200134274e-07,2.3819532402841743e-07,0.00013622175325287358,0.9999999907217613
2026-09-30T01:29:14.530 0.010447012329736083,4.891568540360813e-07,-1.6458249427772406e-05,-2.068981069464521e-07,1.8930123949056342e-07,0.0001382136572140803,0.9999999904484531
2026-09-30T01:29:14.585 0.010466562507980606,7.278215597545482e-07,-1.6563666312547415e-05,-2.573871891807544e-07,2.0396920129447345e-07,0.0001376737329370147,0.9999999905229177
2026-09-30T01:29:14.620 0.010485159181024824,7.280556986837761e-07,-1.656326730020504e-05,-1.898583774832879e-07,2.617115329367795e-07,0.00013681761920246398,0.9999999906404172
2026-09-30T01:29:14.688 0.010505186318135731,6.090985528700455e-07,-1.65949323437154e-05,-1.7266274888894475e-07,2.498373996333175e-07,0.00013824305345408683,0.9999999904443829
2026-09-30T01:29:14.722 0.010521398850987199,9.669305487807228e-07,-1.6560961454373995e-05,-1.1170637482320383e-07,2.5530924845664393e-07,0.00013759876258071763,0.9999999905332514
2026-09-30T01:29:14.777 0.010541902731919878,7.287701059119783e-07,-1.6652984978730136e-05,-2.2513991682876997e-07,2.061812816344894e-07,0.00013752748912972194,0.9999999905430482
2026-09-30T01:29:14.813 0.010561929894091986,4.906036732908586e-07,-1.666974886017384e-05,-2.472567628254104e-07,2.0874235180071372e-07,0.00013841389372743518,0.9999999904207446
2026-09-30T01:29:14.871 0.010580049752633488,6.100411010732742e-07,-1.6653694794690163e-05,-1.289209303699592e-07,2.2317855037062548e-07,0.00013790256293452706,0.9999999904914083
2026-09-30T01:29:14.904 0.010599599932378901,7.294965172504098e-07,-1.6759111659966673e-05,-1.6746070001463278e-07,1.9977887139888765e-07,0.0001383292551520402,0.9999999904324746
2026-09-30T01:29:14.959 0.010616766142857318,7.297126513812647e-07,-1.672664857227306e-05,-2.694662109771585e-07,2.3307299737576303e-07,0.00013830654819129822,0.9999999904355859
2026-09-30T01:29:14.995 0.010636793394768022,8.491740983199075e-07,-1.6683807941939618e-05,-1.8423208368435263e-07,2.0513384307310006e-07,0.00013802690815133692,0.9999999904742483
2026-09-30T01:29:15.047 0.010655866736450404,1.0878328006162886e-06,-1.678847089664299e-05,-8.930762652973106e-08,1.898840815309095e-07,0.00013852206509262424,0.9999999904057967
2026-09-30T01:29:15.084 0.010674940181379372,6.112357766004507e-07,-1.6833529164082737e-05,-1.797960935062273e-07,2.2818417006794401e-07,0.0001389321217232333,0.9999999903488905
2026-09-30T01:29:15.140 0.010694967361108245,8.499065048785983e-07,-1.683539198095227e-05,-3.867279373338611e-08,1.5624034793283076e-07,0.0001380633193640074,0.9999999904692469
2026-09-30T01:29:15.184 0.010714040920837012,6.117280736151336e-07,-1.6805944574548223e-05,4.096170704162149e-08,1.9232963318499112e-07,0.00013867062354202118,0.9999999903852097
2026-09-30T01:29:15.266 0.010732160567335681,7.311654767920699e-07,-1.6924000792177975e-05,-1.1913281772268143e-07,2.106058571466602e-07,0.00013908789508780458,0.9999999903272494
2026-09-30T01:29:15.305 0.010751233909018065,9.698241790884507e-07,-1.7028663746881344e-05,-2.509725908796465e-07,2.296970797832548e-07,0.00013843199946244285,0.9999999904182328
2026-09-30T01:29:15.373 0.01076935381768197,8.508430332560883e-07,-1.698280735726435e-05,-2.2954090255459571e-07,1.8359679013282899e-07,0.00013872709573688657,0.9999999903773532
2026-09-30T01:29:15.426 0.01078795044210467,9.70286456258763e-07,-1.7012210649556787e-05,-7.208977744237475e-08,1.9896462905556164e-07,0.00013909871528314596,0.9999999903257513
2026-09-30T01:29:15.461 0.01080893130246227,6.129227436744259e-07,-1.7015581229077114e-05,-1.9514579484290897e-07,2.5856841403059127e-07,0.0001383739800737006,0.9999999904262683
2026-09-30T01:29:15.499 0.010827527923883194,9.707847457597633e-07,-1.704498456036655e-05,-1.1175806801648721e-07,2.016419195672406e-07,0.00013898940201090133,0.9999999903409464
2026-09-30T01:29:15.552 0.01084707812868981,9.710308751295096e-07,-1.7135500263576405e-05,-1.3072132827760178e-07,2.3668279023535828e-07,0.00013886822989713293,0.9999999903577708
2026-09-30T01:29:15.588 0.010864244266986395,1.0904562905998696e-06,-1.7147740623085765e-05,-1.0159617789840752e-07,2.3749793055464603e-07,0.00013948410214357772,0.9999999902720592
2026-09-30T01:29:15.643 0.010883317636731758,9.714871270061987e-07,-1.723750237672548e-05,-1.9644136278301332e-07,3.0629872969929783e-07,0.00013910483729504843,0.9999999903248559
2026-09-30T01:29:15.677 0.010903344938764867,8.525300003300635e-07,-1.7164859422258728e-05,-1.4674425663838878e-07,2.2946492206006428e-07,0.00013862537081845382,0.9999999903914661
2026-09-30T01:29:15.730 0.010920987888562392,1.0911707060298982e-06,-1.7192754873906385e-05,-1.5682428609618385e-07,1.5752032863263742e-07,0.00013998964945537837,0.9999999902014243
2026-09-30T01:29:15.767 0.0109410150507345,8.530042734087785e-07,-1.720951875535009e-05,-1.394134506994288e-07,1.320254631054465e-07,0.0001396227819093464,0.9999999902527209
2026-09-30T01:29:15.824 0.010959134745854688,8.532323925122678e-07,-1.7297772668345024e-05,-2.0952227354127864e-07,2.0816061172163986e-07,0.00013961122553157236,0.9999999902543092
2026-09-30T01:29:15.857 0.01097820820834042,8.534725293956971e-07,-1.7327929871210605e-05,-2.3804180523448743e-07,2.2830028649376801e-07,0.00013976706934089626,0.9999999902325287
2026-09-30T01:29:15.912 0.010996804906445841,7.344973815175359e-07,-1.731262969680157e-05,-2.1173788803125758e-07,2.43085169655028e-07,0.00013946955022004975,0.9999999902740703
2026-09-30T01:29:15.946 0.011015878387989222,1.0923653897589011e-06,-1.7327885815594485e-05,-1.0479752361967923e-07,2.4657833263940396e-07,0.0001398547714106589,0.9999999902202855
2026-09-30T01:29:15.996 0.011034475016914586,8.541809441375821e-07,-1.7357289049391427e-05,-3.339591332342625e-07,1.9430644678307552e-07,0.00014006278216425645,0.9999999901911338
2026-09-30T01:29:16.034 0.01105354843227969,8.544210755531272e-07,-1.7417248537393326e-05,-2.6699444794338794e-07,2.3179260349614093e-07,0.0001402536218582758,0.9999999901643982
2026-09-30T01:29:16.098 0.011072621776963847,8.546611987668457e-07,-1.75219114530997e-05,-1.476385446728709e-07,2.97102244770098e-07,0.00013928064422876266,0.999999990300396
2026-09-30T01:29:16.134 0.011092649006815124,8.549133534302151e-07,-1.749397194583592e-05,-1.53160014161445e-07,2.65320916243512e-07,0.00014023839679254413,0.9999999901665491
2026-09-30T01:29:16.187 0.011110768838794537,1.2127693575613512e-06,-1.7492819061917402e-05,-4.387273449223682e-08,2.0629906828594752e-07,0.00014033452806772896,0.9999999901530878
2026-09-30T01:29:16.219 0.0111284117710353,9.745729023619185e-07,-1.7535615578139224e-05,-6.523799154800799e-08,1.981498705201231e-07,0.0001404018915874713,0.9999999901436326
2026-09-30T01:29:16.272 0.011147962067081399,1.213237621750096e-06,-1.756652675007344e-05,-1.771206370003382e-07,1.826658968424393e-07,0.00013994635906444208,0.9999999902074759
2026-09-30T01:29:16.309 0.011167035483947388,1.09426846362431e-06,-1.7626486218576838e-05,-1.5149616590225397e-07,2.24808439849269e-07,0.00014056392327910653,0.9999999901208549
2026-09-30T01:29:16.366 0.011187062595997093,1.0945206046179684e-06,-1.7673052424153856e-05,-2.803416392127731e-07,3.0373720161761027e-07,0.00014076746056399713,0.9999999900921756
2026-09-30T01:29:16.400 0.011207089783230404,7.371448851894598e-07,-1.7674915143530905e-05,-6.517266028372377e-08,2.585693586718956e-07,0.00013991347074093695,0.9999999902120748
2026-09-30T01:29:16.455 0.011225209616710703,9.757915997792643e-07,-1.767376224011388e-05,-1.0797304288403022e-07,1.7882469985914198e-07,0.00014082430904122691,0.9999999900842351
2026-09-30T01:29:16.488 0.01124237573444875,8.567984334330195e-07,-1.7700903703194403e-05,-1.949237274516122e-07,2.6310877948621967e-07,0.00014042210486331103,0.9999999901407626
2026-09-30T01:29:16.546 0.011261449054071705,9.76247843454127e-07,-1.7820467780967436e-05,-2.1695386088721756e-07,2.458791895934107e-07,0.00014052931217557196,0.9999999901257024
2026-09-30T01:29:16.580 0.01128004570205472,1.0956912691907441e-06,-1.7834969930691715e-05,-1.343635126040244e-07,2.3901124829812605e-07,0.00014103437239591205,0.9999999900546153
2026-09-30T01:29:16.636 0.011299596096844743,9.767281308906965e-07,-1.78062764738578e-05,-2.187891062446513e-07,2.309780473146683e-07,0.0001408539075572774,0.9999999900800377
2026-09-30T01:29:16.671 0.011318669557829586,1.096177557315457e-06,-1.783643369622188e-05,-6.717336498778423e-08,1.804548006619648e-07,0.00014118778404738168,0.9999999900329862
2026-09-30T01:29:16.725 0.011337266158691973,1.2156209775841898e-06,-1.7880738131082476e-05,-1.4516752827806845e-07,2.3086212549696667e-07,0.0001412077235920447,0.9999999900301522
2026-09-30T01:29:16.770 0.011356816504860479,1.2158671233575893e-06,-1.7881846978883378e-05,-1.0508592758588011e-07,1.8289928640963427e-07,0.00014123758124439826,0.9999999900259505
2026-09-30T01:29:16.816 0.011375413017485157,8.584733745252282e-07,-1.7985755906022616e-05,-2.50048345085207e-07,2.4192092996014246e-07,0.00014137003146845513,0.9999999900071965
2026-09-30T01:29:16.850 0.0113949635240732,1.2163474080602163e-06,-1.78825568143419e-05,-1.5977132504329847e-07,1.691619424555241e-07,0.0001412712685225298,0.9999999900211872
2026-09-30T01:29:16.910 0.011414036918879763,9.781689576591568e-07,-1.7957417405914958e-05,-1.3198576046956707e-07,1.8627517114948194e-07,0.00014137578738839709,0.9999999900064173
2026-09-30T01:29:16.944 0.011433110356304293,1.0976183813499751e-06,-1.8002475770847196e-05,-6.432501418782146e-08,1.9337692046145542e-07,0.00014126030883350018,0.9999999900227418
2026-09-30T01:29:16.998 0.011451706886485735,1.2170617934168814e-06,-1.809148363341227e-05,-2.1994083180065063e-07,2.193365635647336e-07,0.00014145490394337735,0.9999999899952068
2026-09-30T01:29:17.035 0.01146982662872655,1.2172899179882549e-06,-1.814993526127089e-05,-2.0422277721877718e-07,2.0781156056837748e-07,0.00014160119542959196,0.9999999899745082
2026-09-30T01:29:17.089 0.011491284462505516,1.2175600938536502e-06,-1.8064652973949395e-05,-8.274213956510567e-08,1.7556528901171818e-07,0.00014151972627695725,0.9999999899860647
2026-09-30T01:29:17.122 0.011509881042809365,1.0985849323057782e-06,-1.8123858512381153e-05,-1.4922989198788632e-07,2.0280608000256415e-07,0.00014195077741572577,0.9999999899249566
2026-09-30T01:29:17.177 0.01152847755093138,1.098819052097411e-06,-1.822776749801589e-05,-2.4111959000944624e-07,2.419210183400859e-07,0.00014176702971800724,0.9999999899509963
2026-09-30T01:29:17.213 0.011547074274098002,8.606346174118605e-07,-1.8197566161540195e-05,-2.3369837162577968e-07,2.611295833756138e-07,0.0001417355046410735,0.9999999899554619
2026-09-30T01:29:17.269 0.011566147710021643,1.0992933306440101e-06,-1.8242624545970932e-05,-1.1325895568732887e-07,1.9977951970748528e-07,0.00014209527766245096,0.9999999899044396
2026-09-30T01:29:17.305 0.011586174749889514,1.2187547529771737e-06,-1.8333894198750925e-05,-2.0108379739956422e-07,2.668341866602953e-07,0.00014234895832649023,0.9999999898683312
2026-09-30T01:29:17.357 0.011604294680612848,1.2189828994200845e-06,-1.827313668606427e-05,-1.7699574773642187e-07,2.173578323792223e-07,0.00014217478211185159,0.9999999898931263
2026-09-30T01:29:17.395 0.01162289133159764,1.100007746074039e-06,-1.8287638796791555e-05,-2.588014796711329e-07,2.0222334675599152e-07,0.0001423608493885327,0.9999999898666403
2026-09-30T01:29:17.458 0.011642918374467286,9.810505893245399e-07,-1.837890841057455e-05,-1.541611966729221e-07,1.6776509411256005e-07,0.00014247628040332653,0.9999999898502288
2026-09-30T01:29:17.494 0.011662468672014273,1.1005060191713863e-06,-1.8409819563010267e-05,-1.7242870244449978e-07,2.512346974592653e-07,0.00014207145965808903,0.9999999899078037
2026-09-30T01:29:17.548 0.011682018949002723,9.815428672016277e-07,-1.8455631819017148e-05,-2.393527721763826e-07,2.0839349187623712e-07,0.0001425191007968653,0.9999999898441025
2026-09-30T01:29:17.582 0.011700138829603652,1.2201895872593168e-06,-1.8424676630463808e-05,-9.752743873439008e-08,1.9500670223625205e-07,0.00014343794174730953,0.9999999897127546
2026-09-30T01:29:17.637 0.011719212268529068,1.2204297214088039e-06,-1.8469734975897548e-05,-1.9554750973512938e-07,1.8697333508711632e-07,0.00014226030339422016,0.9999999898809664
2026-09-30T01:29:17.675 0.011737332081450828,1.220657854182004e-06,-1.848348317605169e-05,-2.432929255780576e-08,2.059501371106219e-07,0.0001426710274652203,0.9999999898224674
2026-09-30T01:29:17.724 0.01175640549681593,1.220897985597549e-06,-1.8543442664053587e-05,-1.219784985355279e-07,2.553096379196953e-07,0.0001431563815468054,0.9999999897530851
2026-09-30T01:29:17.759 0.01177547882094155,9.827195269946628e-07,-1.8663006683331122e-05,-3.5560562941095065e-07,3.0012799074857425e-07,0.0001424570262754581,0.9999999898528895
2026-09-30T01:29:17.815 0.01179550614203231,1.2213902716764634e-06,-1.8575462644791706e-05,-1.36634439307411e-07,1.826664375206129e-07,0.00014344516132957523,0.9999999897117168
2026-09-30T01:29:17.847 0.01181410271933438,1.3408336892112539e-06,-1.863466822222046e-05,-7.728818549314017e-08,2.2806871909607137e-07,0.00014283742651938352,0.9999999897987057
2026-09-30T01:29:17.901 0.01183412988300738,9.83457967048803e-07,-1.8651432084165666e-05,-1.1877435296116978e-07,2.1980299306058409e-07,0.00014307584897801077,0.9999999897646195
2026-09-30T01:29:17.936 0.011851295925561818,1.2220926611247255e-06,-1.872327703344616e-05,-5.787597014338559e-08,2.2783609323692713e-07,0.00014383069691910918,0.9999999896563376
2026-09-30T01:29:17.995 0.01187036929380629,1.2223327870723863e-06,-1.8813038806584378e-05,-2.4589891494507175e-07,2.18288770438005e-07,0.00014278235009055202,0.9999999898065461
2026-09-30T01:29:18.036 0.01188991970765396,1.4609975201302745e-06,-1.87694442656778e-05,-1.0226452960352825e-07,2.1537936321003204e-07,0.00014363652195274352,0.9999999896842463
2026-09-30T01:29:18.090 0.011909470008202723,1.3420343708944585e-06,-1.880035537911652e-05,-7.28354737656147e-08,2.2562410094803475e-07,0.00014375628908568555,0.9999999896670365
2026-09-30T01:29:18.135 0.011927589821124483,1.3422625036676583e-06,-1.8814103579270662e-05,-8.864404896860056e-08,1.5274796882704522e-07,0.0001428821686575589,0.9999999897923273
2026-09-30T01:29:18.176 0.011946663236489588,1.3425026350832034e-06,-1.8874063067272558e-05,-1.4801073070517239e-07,2.0688074687189095e-07,0.00014349322065740504,0.9999999897048154
2026-09-30T01:29:18.215 0.01196573665185469,1.3427427664987482e-06,-1.8934022555274457e-05,-2.3995887079760774e-07,2.46927050979736e-07,0.00014382455400134499,0.9999999896571895
2026-09-30T01:29:18.270 0.01198481020858168,1.3429829143179463e-06,-1.8904575187867398e-05,-2.347607910500462e-07,2.3586759225497122e-07,0.00014332844601520163,0.9999999897284229
2026-09-30T01:29:18.306 0.012002453139321556,1.223995748659845e-06,-1.8947371723587722e-05,-2.3618275151673477e-07,3.1468079684732325e-07,0.0001442029595161598,0.9999999896026758
2026-09-30T01:29:18.357 0.012022480274931574,1.2242478923874457e-06,-1.8979036786596578e-05,-2.198803473213015e-07,2.2329490529079423e-07,0.00014418158380286245,0.9999999896057863
2026-09-30T01:29:18.392 0.012042507409040703,1.3437093256563779e-06,-1.9010701869103936e-05,-3.1345109109719e-07,1.958202418738216e-07,0.0001433249576188921,0.9999999897289099
2026-09-30T01:29:18.444 0.012059673641578549,1.463134752062506e-06,-1.896333765834066e-05,-2.0443811887428737e-07,1.7440056893344973e-07,0.00014396826913323755,0.9999999896365326
2026-09-30T01:29:18.479 0.01207827015270234,1.2249502927714766e-06,-1.90672466049784e-05,-1.5429215101104166e-07,2.441336932372107e-07,0.000144687821984052,0.9999999895326753
2026-09-30T01:29:18.535 0.012098774217614872,1.344417740398263e-06,-1.904006104728476e-05,-1.312901917948177e-07,2.308624203236327e-07,0.00014373986335268027,0.9999999896693905
2026-09-30T01:29:18.573 0.012116893912735058,1.3446458595017523e-06,-1.9128314960279697e-05,-2.5838714728700854e-07,2.5612378640655725e-07,0.00014437212815447017,0.9999999895782781
2026-09-30T01:29:18.625 0.012135967378222567,1.1064674173025189e-06,-1.915847212414828e-05,-7.911619404368242e-08,2.4657886182854934e-07,0.00014435833707716203,0.9999999895803017
2026-09-30T01:29:18.659 0.012153610354582184,1.106689546653633e-06,-1.9171466394230782e-05,-1.9441423792955918e-07,2.3249185813443567e-07,0.00014400065455977282,0.9999999896318598
2026-09-30T01:29:18.713 0.012173637560873146,1.1069416985830602e-06,-1.9158428029535164e-05,-1.8682262666220255e-07,2.3028007693648302e-07,0.00014476698087508767,0.9999999895212166
2026-09-30T01:29:18.752 0.01219318783335893,1.3456064152372958e-06,-1.9204240344037537e-05,-1.341611501090992e-07,2.0839434054660079e-07,0.00014481333074916068,0.9999999895145188
2026-09-30T01:29:18.814 0.012211784462284297,1.1074219696159767e-06,-1.923364357783448e-05,-1.1739901648512611e-07,2.1048984926092843e-07,0.0001439287939972798,0.999999989642222
2026-09-30T01:29:18.850 0.012230857945328565,1.3460806883160108e-06,-1.9248899677128897e-05,-1.793401251743304e-07,2.568228125069916e-07,0.00014481508465851828,0.9999999895142465
2026-09-30T01:29:18.905 0.012249931338634243,1.2271115274562823e-06,-1.9323760288200457e-05,-1.753612059075155e-07,2.2038488196448017e-07,0.0001451250667469567,0.9999999894693178
2026-09-30T01:29:18.938 0.012269004895361233,1.2273516752754801e-06,-1.92943129207934e-05,-7.492150315987152e-08,2.0432021432638157e-07,0.00014523374786799088,0.9999999894535555
2026-09-30T01:29:18.994 0.012288078217985965,1.1083825062139253e-06,-1.9413876959569435e-05,-2.0108511066167054e-07,2.395932294130422e-07,0.0001449884154733979,0.9999999894891307
2026-09-30T01:29:19.028 0.012306674933648147,1.4662445192350314e-06,-1.9383675720586233e-05,-1.912889481582573e-07,1.9186302836307517e-07,0.0001449962946864333,0.9999999894880005
2026-09-30T01:29:19.087 0.012326702023638423,1.3472873679534165e-06,-1.944514304923291e-05,-6.059368200007847e-08,2.3144507608255414e-07,0.00014539988960353693,0.9999999894294074
2026-09-30T01:29:19.124 0.012345775552302434,1.7051553816626663e-06,-1.943059688288951e-05,-1.3917262050617198e-07,1.7777715094294803e-07,0.00014553313117235118,0.9999999894100283
2026-09-30T01:29:19.179 0.012363895253426176,1.2285463426008305e-06,-1.9518850717890452e-05,-1.4955852692968592e-07,2.3167732133194341e-07,0.00014507586035644154,0.9999999894764593
2026-09-30T01:29:19.215 0.012382968737971333,1.347995771759533e-06,-1.9534106797686373e-05,-5.870350786762456e-08,2.3994340664039903e-07,0.0001454371704583967,0.9999999894239842
2026-09-30T01:29:19.269 0.012403949593826269,1.3482599277991896e-06,-1.9537477435702192e-05,-1.3850157458349778e-07,2.0187509193254472e-07,0.0001452111556939503,0.9999999894568301
2026-09-30T01:29:19.305 0.012422069384688603,1.2292787682971162e-06,-1.9566126758925993e-05,-1.974070811491348e-07,2.423872361286558e-07,0.00014522383214273586,0.9999999894549704
2026-09-30T01:29:19.364 0.012440189101868213,1.348716179675879e-06,-1.9639479548851268e-05,-2.434153751391958e-07,2.717236556031125e-07,0.00014593767008333968,0.9999999893510316
2026-09-30T01:29:19.400 0.01245830898246914,1.5873628997335678e-06,-1.9608524360297932e-05,-7.804894683949579e-08,2.1898855627594166e-07,0.00014569946921802666,0.9999999893858053
2026-09-30T01:29:19.453 0.01247785928001613,1.7068183295804143e-06,-1.9639435512733647e-05,1.950740540423808e-08,1.6858135660077703e-07,0.0001456850741915613,0.9999999893879151
2026-09-30T01:29:19.503 0.012497409604125207,1.5878551830785399e-06,-1.965544548360421e-05,7.553873229299892e-08,1.7091000522069748e-07,0.00014558351457939414,0.9999999894027026
2026-09-30T01:29:19.544 0.012515529277185966,1.4688740099067558e-06,-1.975860051966881e-05,-2.184573832534138e-07,2.3272467477501267e-07,0.00014568889962721926,0.9999999893873213
2026-09-30T01:29:19.580 0.01253555639073656,1.3499168613590834e-06,-1.9805166705747325e-05,-1.4562615812740818e-07,2.3167741613951908e-07,0.00014592632997580953,0.9999999893527156
2026-09-30T01:29:19.634 0.01255272257765466,1.350132992755996e-06,-1.978760476062187e-05,-1.453913046190892e-07,2.0222435100926498e-07,0.00014592027521478365,0.9999999893536056
2026-09-30T01:29:19.668 0.012573226619006879,1.46960043764884e-06,-1.977532034549639e-05,-1.1773041140044627e-07,2.038543359432251e-07,0.00014586265804072648,0.9999999893620147
2026-09-30T01:29:19.724 0.012591823175750411,1.3506252733670263e-06,-1.984942702649631e-05,-1.9897340715792578e-07,2.3516958179096174e-07,0.00014647934385562638,0.9999999892718534
2026-09-30T01:29:19.757 0.012609942866367935,1.7084812610945093e-06,-1.993768099798674e-05,-2.923045661117302e-07,2.838305600282501e-07,0.00014624216330439422,0.9999999893065318
2026-09-30T01:29:19.816 0.012629493402519844,1.5895181391981145e-06,-1.9819580685743872e-05,1.874571200469864e-07,2.18291912687862e-07,0.00014785960824680218,0.9999999890687267
2026-09-30T01:29:19.851 0.012649043485022224,1.947392123522144e-06,-1.998460216029002e-05,3.0915141171697567e-07,2.1549868130149015e-07,0.00014746815348327537,0.9999999891265008
2026-09-30T01:29:19.909 0.01266764029942833,1.9476262788550243e-06,-1.9894796292538685e-05,-2.142624682384465e-08,1.5670710463648322e-07,0.0001501530683948878,0.9999999887270155
2026-09-30T01:29:19.947 0.012686236738370289,1.8286511009034998e-06,-2.0043408686379397e-05,6.00392195793362e-08,2.269059799096351e-07,0.00014955297072371865,0.9999999888169269
2026-09-30T01:29:20.007 0.012704356618971215,2.067297820961189e-06,-2.0012453497826057e-05,1.7749404684774315e-07,1.5507848106770324e-07,0.00014937432687411488,0.9999999888436274
2026-09-30T01:29:20.043 0.012724383735523584,1.7099220933308537e-06,-2.0059019644907583e-05,2.632399707847234e-07,2.0874651747685192e-07,0.00015005991527496906,0.9999999887409544
2026-09-30T01:29:20.102 0.012742503617625401,1.8293595238472113e-06,-2.0028064436855745e-05,1.1741115112157981e-08,1.3004822645069318e-07,0.00015027850957720321,0.9999999887081762
2026-09-30T01:29:20.138 0.012761100172868045,1.8295936491067284e-06,-2.010217113735416e-05,8.78529839537861e-08,1.2574121822086653e-07,0.00014877546977133923,0.999999988932918
2026-09-30T01:29:20.209 0.012779696751671003,1.8298277771001876e-06,-2.016137669528442e-05,-1.0838994604135229e-07,2.8988540660510723e-07,0.00014739397715442975,0.9999999891374598
2026-09-30T01:29:20.246 0.012799723744418246,1.949289193965467e-06,-2.0282448633200732e-05,-2.7896740279980156e-07,2.9826646016413006e-07,0.000150156038162079,0.9999999887264986
2026-09-30T01:29:20.302 0.012819750928649782,1.8303320536196205e-06,-2.028431139157477e-05,-1.7290361649041986e-07,2.842972354790877e-07,0.00014942800919215366,0.9999999888355796
2026-09-30T01:29:20.337 0.012839777900838486,1.7113748886682952e-06,-2.0420284433062245e-05,-2.3456437634867055e-07,3.2888385298275787e-07,0.00014890215066473784,0.9999999889139931
2026-09-30T01:29:20.391 0.012858851551806735,1.7116150474232618e-06,-2.0331232495382554e-05,-1.6710663733252218e-07,2.880225814482387e-07,0.00014969334377561857,0.9999999887958959
2026-09-30T01:29:20.425 0.012877924939108857,2.0694830447288585e-06,-2.04060931844481e-05,-1.4773411834303857e-07,3.189891727279125e-07,0.00014976253759070392,0.9999999887855293
2026-09-30T01:29:20.478 0.012895091033286591,1.950489875648671e-06,-2.044813579009679e-05,-7.281550108965773e-08,3.1666128355786027e-07,0.00014910636062853726,0.9999999888835938
2026-09-30T01:29:20.515 0.012915595032020843,1.7123294464496375e-06,-2.0465653601612128e-05,-3.0355343161755965e-07,3.535635237725651e-07,0.0001497024158437384,0.9999999887944847
2026-09-30T01:29:20.567 0.012935145420807311,2.0702034663149147e-06,-2.0436960222772204e-05,-2.863320401144331e-07,2.948903297190444e-07,0.00014967504392926468,0.9999999887986061
2026-09-30T01:29:20.602 0.012954218790552675,1.9512343027212445e-06,-2.0526721976411926e-05,-2.3520287365348492e-07,3.5659073829968007e-07,0.00014957476953474387,0.9999999888136029
2026-09-30T01:29:20.658 0.012971861788971716,2.070665724347632e-06,-2.0524815123424764e-05,-1.5410310407493435e-07,2.9593889871242826e-07,0.00014965145312349575,0.9999999888021656
2026-09-30T01:29:20.694 0.01299141204390074,1.8324932801026003e-06,-2.0585528502501308e-05,-3.2225588255793516e-08,2.3831416191614115e-07,0.0001503586088401697,0.9999999886961154
2026-09-30T01:29:20.750 0.013011916154433012,2.071170022738602e-06,-2.0528540679169846e-05,-6.838899693143899e-08,2.384303434697174e-07,0.00015026425471621125,0.999999988710296
2026-09-30T01:29:20.785 0.013030035921735031,1.9521888605025865e-06,-2.057209114496181e-05,-1.5781601684736225e-07,2.8860471368253685e-07,0.00014966493092474618,0.9999999888001501
2026-09-30T01:29:20.840 0.013047678734673334,1.8332016811747744e-06,-2.0689393393522925e-05,-2.2426423547581664e-07,2.9593849644654014e-07,0.00015014013267925002,0.9999999887289013
2026-09-30T01:29:20.885 0.013068182703843717,2.0718784074071236e-06,-2.0721812425600417e-05,-2.467268114263101e-07,2.8685797513231203e-07,0.00015029172279475738,0.9999999887061274
2026-09-30T01:29:20.929 0.013087256262071597,1.95290926568499e-06,-2.0692365038694867e-05,-2.4291385539098067e-07,2.601988615734661e-07,0.00014980603495371613,0.9999999887790125
2026-09-30T01:29:20.966 0.013105376004312415,1.9531373902563637e-06,-2.0750816666553484e-05,-2.6363700892689343e-07,3.554265007965295e-07,0.00015071540100967015,0.999999988642336
2026-09-30T01:29:21.024 0.013124449468299035,1.8341682375984616e-06,-2.0780973849920566e-05,-2.5529831017247224e-07,3.0874402249473254e-07,0.00015064714595023807,0.9999999886526384
2026-09-30T01:29:21.059 0.013143999790907223,1.8344143806379188e-06,-2.0796983840289624e-05,-2.6652144399261766e-07,2.9116521528409886e-07,0.00015028792579131826,0.9999999887066917
2026-09-30T01:29:21.112 0.013163073203270549,2.0730730911361267e-06,-2.0856943367288517e-05,-2.313715906024076e-07,2.788254899803346e-07,0.00015115772523442657,0.9999999885756053
2026-09-30T01:29:21.148 0.013181192994132883,1.954091931634053e-06,-2.088559269051232e-05,-1.9440962348735133e-07,3.3284238136491616e-07,0.00015080571404067127,0.999999988628744
2026-09-30T01:29:21.201 0.013199312876234699,2.0735293621504107e-06,-2.085463748246048e-05,-2.8319980901315166e-07,2.683477485337812e-07,0.00015068354733038661,0.9999999886471581
2026-09-30T01:29:21.233 0.013220293496486485,2.073793490850646e-06,-2.100701954615789e-05,-1.719982677514512e-07,3.22481568005774e-07,0.0001508780480689787,0.9999999886178405
2026-09-30T01:29:21.290 0.013237936565586474,2.19322492067886e-06,-2.0960409265466256e-05,-1.0822254793986057e-07,3.387801326241838e-07,0.00015115201130144385,0.9999999885764714
2026-09-30T01:29:21.325 0.01325653314739121,1.9550404695896566e-06,-2.101961478439952e-05,-2.0015076232572836e-07,3.186396887556836e-07,0.00015090222654612156,0.9999999886141882
2026-09-30T01:29:21.377 0.013276083539179454,2.074495910372272e-06,-2.0990921366562598e-05,-1.690473452295764e-07,2.8161986611421466e-07,0.00015135884210150364,0.9999999885451964
2026-09-30T01:29:21.410 0.01329563374398607,2.0747420397420177e-06,-2.1081437069772454e-05,-1.8320077293087263e-07,3.2667249378763486e-07,0.0001514342899380727,0.9999999885337577
2026-09-30T01:29:21.469 0.013316614694082263,2.075006206717443e-06,-2.1025203137515638e-05,-5.7602695322235105e-08,2.8697563755277364e-07,0.00015096334898267568,0.9999999886049907
2026-09-30T01:29:21.503 0.013334257529079992,2.0752283196649047e-06,-2.1127604263007093e-05,-2.8496769604079056e-07,3.6287700293412134e-07,0.00015141973130704646,0.999999988535926
2026-09-30T01:29:21.572 0.013352854202124209,2.0754624585941325e-06,-2.1127205250664713e-05,-2.1256257358082453e-07,2.8185244855910965e-07,0.00015168373316779135,0.9999999884959602
2026-09-30T01:29:21.608 0.013371927614487538,2.31412116909234e-06,-2.118716477766361e-05,-6.598699216467549e-08,2.8453088828403197e-07,0.0001512539577362972,0.9999999885610774
2026-09-30T01:29:21.660 0.013389570570288615,2.07592471662685e-06,-2.1215060151317273e-05,-1.808543864730088e-07,2.6823201714678173e-07,0.00015114569462572943,0.9999999885774371
2026-09-30T01:29:21.695 0.013410074636702036,2.0761828747123044e-06,-2.1187874574125135e-05,-1.2838051722257698e-07,3.0897775238555924e-07,0.00015185625268967479,0.9999999884697832
2026-09-30T01:29:21.752 0.01342962490918782,2.31484759136654e-06,-2.123368688862751e-05,-1.5010037590556042e-07,3.1118952293944804e-07,0.00015206703977732692,0.999999988437748
2026-09-30T01:29:21.788 0.013448698305495273,1.9574598514241493e-06,-2.1308547460702073e-05,-2.3706018928066416e-07,3.3959429103465433e-07,0.00015193125152680254,0.9999999884583616
2026-09-30T01:29:21.840 0.013468725439604402,2.0769212846930814e-06,-2.1340212543209428e-05,-2.018492818858536e-07,3.349379057316129e-07,0.0001519975216175319,0.9999999884483002
2026-09-30T01:29:21.876 0.013485891464602079,1.8387188178697364e-06,-2.142695855706409e-05,-2.569669517189685e-07,3.378479233836734e-07,0.00015178391400312387,0.9999999884807316
2026-09-30T01:29:21.929 0.0135044883025685,1.8389529759365593e-06,-2.1322251546744602e-05,-2.3670378351543152e-07,2.9815049019026725e-07,0.00015236967102113941,0.9999999883916691
2026-09-30T01:29:21.959 0.013523561550009623,2.0776116672971717e-06,-2.1486519071720604e-05,-1.8666772063341307e-07,3.2550834492676933e-07,0.0001517605462763742,0.9999999884842978
2026-09-30T01:29:22.014 0.013542158200994416,1.9586365139511265e-06,-2.1501021182447892e-05,-2.709546281827096e-07,3.2981520339921434e-07,0.0001520533975168909,0.999999988439791
2026-09-30T01:29:22.049 0.01356170854566203,2.078091949265857e-06,-2.1502130049747286e-05,-1.2426547568276235e-07,2.8220232812062533e-07,0.00015263547537965302,0.9999999883511582
2026-09-30T01:29:22.102 0.01357982835858379,2.078320082039057e-06,-2.151587824990143e-05,-2.87388448402316e-07,3.5973386248886283e-07,0.00015247928786826757,0.9999999883749273
2026-09-30T01:29:22.139 0.013598901891750465,2.078560227124313e-06,-2.150133202506253e-05,-2.687912051867627e-07,2.8476253628507927e-07,0.00015242045378446685,0.9999999883839259
2026-09-30T01:29:22.191 0.013617498775336629,2.198003680200351e-06,-2.1366822749105222e-05,-9.603272533496699e-08,3.2151666118638287e-07,0.0001745044855733659,0.9999999847740358
2026-09-30T01:29:22.235 0.013637525793145071,2.198255810258241e-06,-2.1472993524954876e-05,-3.168075683858365e-08,2.566638103967941e-07,0.00018872855766764797,0.9999999821907322
2026-09-30T01:29:22.279 0.013657076092192948,2.198501950563756e-06,-2.1503904657892093e-05,-1.9109812298619707e-07,2.4833928928310067e-07,0.0001908771287082687,0.9999999817829116
2026-09-30T01:29:22.314 0.013676149485498624,2.079532789704028e-06,-2.1578765268963652e-05,-2.1983537915453704e-07,4.224960513456773e-07,0.00018697639332832701,0.9999999825198006
2026-09-30T01:29:22.366 0.01369331571653558,2.3181675056514876e-06,-2.1531401077698876e-05,-5.6570561435227247e-08,2.681887935495758e-07,0.00018905547184066985,0.9999999821289766
2026-09-30T01:29:22.399 0.013713819618026798,2.3184256445993478e-06,-2.160852349848385e-05,-1.0997742456566245e-07,3.1498950976818647e-07,0.00021485924039096134,0.9999999769176975
2026-09-30T01:29:22.456 0.013733846705015299,2.4378870724003955e-06,-2.1669990866127526e-05,-2.6772198606269778e-08,3.455500887719002e-07,0.00022763191860756158,0.9999999740917944
2026-09-30T01:29:22.493 0.01375196654449915,2.199696628824875e-06,-2.166883788471651e-05,-2.4785662969271127e-07,2.816948520996823e-07,0.0002268626457576455,0.9999999742665993
2026-09-30T01:29:22.546 0.013771040027543419,2.438355347524909e-06,-2.168409398401093e-05,-3.556883422959999e-08,3.6534053971659497e-07,0.00022652472757763052,0.9999999743432062
2026-09-30T01:29:22.582 0.01378915974772481,2.319374179821009e-06,-2.1757446734939208e-05,-4.503476579301474e-08,3.5561983700444147e-07,0.0002269175209422674,0.9999999742541548
2026-09-30T01:29:22.634 0.013807756513509399,2.4388176192273368e-06,-2.169744317182269e-05,3.375176934888111e-08,3.4106845609525847e-07,0.00022732107087942578,0.9999999741625063
2026-09-30T01:29:22.670 0.013828260273638728,2.439075741771544e-06,-2.186397244801662e-05,-3.2070621294529315e-08,3.3361744550050075e-07,0.00022711139989128003,0.9999999742101495
2026-09-30T01:29:22.724 0.013847810596246918,2.4393218848110013e-06,-2.187998243838568e-05,-5.8117105325163965e-08,3.5422281480587985e-07,0.00022745039347595988,0.9999999741330945
2026-09-30T01:29:22.762 0.013865930456289307,2.4395500230520857e-06,-2.1863928353403503e-05,-1.10511746050687e-07,3.9304698009572456e-07,0.0002274519767011411,0.9999999741327155
2026-09-30T01:29:22.817 0.013885957547780471,2.2013835822291395e-06,-2.1925395662551683e-05,-2.2203224456785475e-07,3.4275485214309493e-07,0.00022714979238912258,0.9999999742014022
2026-09-30T01:29:22.851 0.01390455414714197,2.4400362920392035e-06,-2.196970011691078e-05,-7.475628304778836e-08,3.5620180700995694e-07,0.00022790288415338065,0.9999999740300711
2026-09-30T01:29:22.918 0.013923627700867185,2.6786950189410636e-06,-2.194025278850072e-05,2.267579294606434e-08,3.012544417228592e-07,0.0002283187301100573,0.9999999739352328
2026-09-30T01:29:22.951 0.013942701235534748,2.5597258744849885e-06,-2.1925706544163326e-05,-6.729769703548073e-08,3.6225544924030036e-07,0.00022791478153376125,0.999999974027358
2026-09-30T01:29:23.005 0.013961297770218855,2.3215414179279012e-06,-2.2014714348232903e-05,-9.023075594905378e-09,3.370519143464452e-07,0.00022799203543988545,0.9999999740097587
2026-09-30T01:29:23.042 0.013980848210628618,2.3217875746370687e-06,-2.195621862576117e-05,-9.882139861512046e-08,3.1766825901257674e-07,0.0002286690027611691,0.9999999738551879
2026-09-30T01:29:23.093 0.013998967857127287,2.4412249778140053e-06,-2.207427484339092e-05,-1.6550687710544745e-08,3.224999719968393e-07,0.0002281847374999828,0.9999999739658103
2026-09-30T01:29:23.131 0.014018518248915533,2.56068041859662e-06,-2.2045581425554004e-05,-2.8501638112826588e-08,2.9735413906632965e-07,0.00022749187151231476,0.9999999741236792
2026-09-30T01:29:23.188 0.014038545315345496,2.4417232645810633e-06,-2.212194989676884e-05,-6.138244436814646e-08,3.2552652134793356e-07,0.00022861216236761395,0.9999999738681844
2026-09-30T01:29:23.221 0.014057141870588138,2.4419573898405802e-06,-2.2196056597267257e-05,-7.52737792571507e-08,3.4339618836485717e-07,0.0002287166272733577,0.9999999738442901
2026-09-30T01:29:23.274 0.014077645888380043,2.5614248319994825e-06,-2.2198673324709936e-05,-1.2746611636170973e-07,3.4543310003541584e-07,0.0002283745243076725,0.9999999739224702
2026-09-30T01:29:23.312 0.014095765699800915,2.6808622543140134e-06,-2.2212421544362575e-05,-1.5326074079286894e-07,3.6539821113822037e-07,0.00022903173794087037,0.9999999737721527
2026-09-30T01:29:23.363 0.014113408655601994,2.442665801848523e-06,-2.224031691801624e-05,-6.811829881588609e-08,3.4432757299766896e-07,0.00022893254280262915,0.9999999737948835
2026-09-30T01:29:23.396 0.014133912577651748,2.6813425226129875e-06,-2.2302538235230054e-05,2.1199218798850375e-08,3.5986959175672373e-07,0.00022911830107110113,0.9999999737523367
2026-09-30T01:29:23.456 0.014152986112319313,2.5623733781569124e-06,-2.2287991990892657e-05,-3.996655136823062e-07,2.2069250370936323e-07,0.00022948976534586417,0.9999999736671192
2026-09-30T01:29:23.488 0.01417158266606107,2.6818167929577603e-06,-2.2362098710889574e-05,-1.4515483769049408e-07,3.063757808288609e-07,0.00022984291348828974,0.9999999735860597
2026-09-30T01:29:23.548 0.014191133013730463,2.562853649189829e-06,-2.2363207539191974e-05,1.8309924499425484e-08,3.26458377415731e-07,0.00022898803466556524,0.9999999737821862
2026-09-30T01:29:23.595 0.014209252778030704,2.6822910660364755e-06,-2.2406758043980934e-05,4.292293589265217e-09,3.167376792971786e-07,0.00022980778384427785,0.9999999735941407
2026-09-30T01:29:23.639 0.01422927986802098,2.563333914754861e-06,-2.246822537262761e-05,-5.5652240701671656e-08,3.289026886258727e-07,0.0002296760203812409,0.9999999736244068
2026-09-30T01:29:23.675 0.014248830215690374,2.4443707709869292e-06,-2.2469334200930013e-05,-1.0191446389313798e-07,3.4450205246140407e-07,0.00022977046961195988,0.9999999736027008
2026-09-30T01:29:23.732 0.014267903631055475,2.4446109024024743e-06,-2.2529293688931912e-05,-7.172314706736191e-08,3.5061413349695137e-07,0.00023085267222097399,0.9999999733534575
2026-09-30T01:29:23.767 0.014286977019858487,2.683269610166739e-06,-2.2604154358498964e-05,-1.3236651964782262e-07,3.860039133067987e-07,0.00022984424216402258,0.9999999735857286
2026-09-30T01:29:23.822 0.014304620230320364,2.8027010563986064e-06,-2.2468137222398374e-05,8.168834790134549e-08,2.84258312143827e-07,0.00022991997597854712,0.9999999735683582
2026-09-30T01:29:23.861 0.014324647158390215,2.445325306896734e-06,-2.2633912510025168e-05,-2.262766641207045e-07,3.3838958421543206e-07,0.0002312017200862616,0.9999999732727991
2026-09-30T01:29:23.915 0.014344674407299142,2.803205332918039e-06,-2.2591071918688728e-05,-3.103308558331214e-08,3.705795320787694e-07,0.00022990557147518453,0.9999999735716446
2026-09-30T01:29:23.949 0.014362794061302251,2.3265962883883193e-06,-2.2709128038825987e-05,-1.3151074700331296e-07,3.8710988125579423e-07,0.0002300433997299393,0.9999999735399332
2026-09-30T01:29:24.003 0.014382821308710292,2.8036856039509558e-06,-2.2666287466988046e-05,5.1500165981458566e-09,3.070753528076193e-07,0.00023147796514863317,0.9999999732089283
2026-09-30T01:29:24.038 0.014399987401387135,2.8039017244121e-06,-2.2708330092135226e-05,-1.6978546927030295e-07,3.510209162032228e-07,0.00023021281374883983,0.9999999735009538
2026-09-30T01:29:24.096 0.014419060818253124,2.6849325662863137e-06,-2.2768289560638626e-05,-4.677567305606199e-08,3.494501172616888e-07,0.00023060171921329052,0.999999973411361
2026-09-30T01:29:24.131 0.014440041741787226,2.9236153096104594e-06,-2.2726956809946966e-05,-3.248598288882244e-08,3.2727312891524727e-07,0.0002309995866482102,0.999999973319541
2026-09-30T01:29:24.186 0.014458638323591963,2.6854308585212557e-06,-2.2786162328880225e-05,1.4921450353152765e-08,3.2686594029064104e-07,0.00023059130945837173,0.9999999734137701
2026-09-30T01:29:24.221 0.014478665410580464,2.8048922863223034e-06,-2.28476296965239e-05,1.2376529736730915e-08,3.847243693945231e-07,0.00023121742198703427,0.9999999732691774
2026-09-30T01:29:24.286 0.014496308410500397,2.80511441840736e-06,-2.2845722824038243e-05,8.21645449138787e-08,3.575418095717155e-07,0.00023083776538043756,0.9999999733568954
2026-09-30T01:29:24.319 0.014515381874487017,2.686145265749458e-06,-2.2875880007405325e-05,-3.078337582723169e-08,3.1650473302541795e-07,0.00023108846814971556,0.999999973299009
2026-09-30T01:29:24.371 0.014536839425542205,2.686415408807547e-06,-2.2969411430901738e-05,-1.4717126497904056e-07,3.406020391658279e-07,0.00023201327654146154,0.9999999730848506
2026-09-30T01:29:24.408 0.014554482446020674,2.925056122709209e-06,-2.2952603454844918e-05,-8.577727452949108e-08,3.8647001430341053e-07,0.00023163965023458155,0.9999999731714575
2026-09-30T01:29:24.463 0.014573556054370959,2.5676684073722975e-06,-2.289335374380605e-05,6.773748154730083e-08,2.62779751596255e-07,0.00023170373289878334,0.9999999731566529
2026-09-30T01:29:24.498 0.014593583047118202,2.687129824237576e-06,-2.301442568172236e-05,1.951342749734723e-08,3.2855410445375277e-07,0.00023198180001603286,0.9999999730921677
2026-09-30T01:29:24.556 0.014611225976357188,2.687351948120806e-06,-2.305722223694118e-05,7.213600779198847e-09,3.1993927541700635e-07,0.00023173576536030262,0.999999973149216
2026-09-30T01:29:24.590 0.014631253298948836,2.8068134032612753e-06,-2.2969678178903267e-05,-2.154288652361548e-07,2.4502468135075925e-07,0.00023223134700535116,0.9999999730342471
2026-09-30T01:29:24.643 0.014649849684766613,3.164675378007191e-06,-2.314809293587429e-05,4.373092729205303e-08,3.648758731033333e-07,0.0002325850447925414,0.9999999729520306
2026-09-30T01:29:24.679 0.014670353729120606,3.045724243817373e-06,-2.3135808481751813e-05,-9.166522879734296e-08,3.457246946002057e-07,0.00023242580865680322,0.9999999729890574
2026-09-30T01:29:24.730 0.014689904032671147,2.6883425154988943e-06,-2.3166719556193538e-05,-2.7044530848494252e-08,3.789616536133226e-07,0.0002323012511701603,0.9999999730179918
2026-09-30T01:29:24.771 0.01470754693834982,2.688564636648182e-06,-2.3224417253980516e-05,-6.696594327901716e-08,3.1481659410821554e-07,0.0002324410976238566,0.9999999729855159
2026-09-30T01:29:24.821 0.01472566670565184,2.5695834744121666e-06,-2.3267967719772476e-05,-1.0408993711586229e-07,3.602183345582575e-07,0.00023261735088709497,0.9999999729445134
2026-09-30T01:29:24.858 0.014745693886881598,2.6890449131489827e-06,-2.3269830517143515e-05,-9.428394341317826e-08,3.197641118936899e-07,0.00023293410918726471,0.9999999728707945
2026-09-30T01:29:24.911 0.014764290578983465,3.0469069234361464e-06,-2.3254530420728476e-05,-3.4793568862956904e-08,3.365864826770864e-07,0.0002327945671867984,0.9999999729032871
2026-09-30T01:29:24.957 0.014783364088589827,3.0471470657874602e-06,-2.3254885338457736e-05,-8.63950015764416e-09,3.4869386962340014e-07,0.00023318983540771845,0.9999999728111891
2026-09-30T01:29:25.002 0.014801483761650587,2.928165892615676e-06,-2.3358040374522335e-05,-8.445471873274286e-08,3.449681115321103e-07,0.00023329947076522646,0.999999972785615
2026-09-30T01:29:25.037 0.014821034157941499,2.689993464774297e-06,-2.332934689818992e-05,-1.6077840162616843e-07,3.1452501519998646e-07,0.00023305284708811377,0.9999999728431225
2026-09-30T01:29:25.090 0.014841061219868796,2.928664179382734e-06,-2.340571542790025e-05,5.4666847565389764e-08,3.4485258538469656e-07,0.00023345320420332488,0.9999999727497394
2026-09-30T01:29:25.123 0.014859657801673531,2.690479728293531e-06,-2.3464920946833514e-05,-1.0744303531443172e-07,3.341413280921064e-07,0.00023308024991492985,0.9999999728367366
2026-09-30T01:29:25.178 0.014878731237597172,2.92913844152568e-06,-2.3509979331264248e-05,-1.2404611011777292e-07,3.4782010852699883e-07,0.00023417046402919258,0.9999999725820283
2026-09-30T01:29:25.211 0.014896851122700765,2.8101572929593757e-06,-2.3479024084215413e-05,-1.050614025207883e-07,3.391472300469991e-07,0.00023344346409622408,0.9999999727520111
2026-09-30T01:29:25.268 0.014916401278885862,2.9296127064025694e-06,-2.3599342092060085e-05,-1.5254290872000067e-07,3.715685884356357e-07,0.00023347312881904947,0.999999972745068
2026-09-30T01:29:25.305 0.014934997956432746,2.572218976707803e-06,-2.3598943021222214e-05,-1.3204993493299358e-07,3.9415337888788317e-07,0.00023466200439838618,0.9999999724667851
2026-09-30T01:29:25.361 0.014955025183282247,2.810889710453835e-06,-2.357100355295543e-05,6.985907526943594e-08,6.226741291663334e-07,0.00018916241525558942,0.9999999821085939
2026-09-30T01:29:25.400 0.014973144857843896,2.57269924774072e-06,-2.367415856952153e-05,-5.028310978970332e-08,3.535665567372578e-07,0.00016730040528389908,0.9999999860052233
2026-09-30T01:29:25.453 0.014991741694309429,2.6921426953488734e-06,-2.3569451578700537e-05,2.5579845331011396e-07,3.6534909179049764e-07,0.00017278152219962962,0.9999999850731732
2026-09-30T01:29:25.488 0.01500986153229239,2.573161541314685e-06,-2.3568298616788024e-05,-9.106492658200035e-08,2.110965066838312e-07,0.00017103911582299724,0.9999999853727839
2026-09-30T01:29:25.540 0.015028458062473831,2.692604953381591e-06,-2.3657306479353097e-05,-6.364988194757378e-08,3.5347247895555533e-07,0.0001698288695724561,0.9999999855790129
2026-09-30T01:29:25.579 0.015047054641276793,2.69283908137505e-06,-2.3716512037283353e-05,7.222225507610536e-08,3.156385478097965e-07,0.00017204481648748217,0.999999985200238
2026-09-30T01:29:25.644 0.015065651339382213,2.573863933496889e-06,-2.370121186287432e-05,-2.7727724741497147e-07,3.038200967272637e-07,0.00017083801079907876,0.9999999854071023
2026-09-30T01:29:25.678 0.015085201779791975,2.574110090206057e-06,-2.364271614040259e-05,6.141933067497775e-08,3.1080711398454125e-07,0.00017045447408797805,0.9999999854725858
2026-09-30T01:29:25.733 0.015102844614789704,2.5743322031535185e-06,-2.374511726589404e-05,-6.970146646236228e-09,2.8263433326376985e-07,0.00017229164950946824,0.9999999851577537
2026-09-30T01:29:25.765 0.015120487520468377,2.5745543243028064e-06,-2.380281496368102e-05,4.804566435682948e-08,3.672685086490739e-07,0.00017122468907433976,0.9999999853409842
2026-09-30T01:29:26.630 0.015139561027072963,2.813213045736782e-06,-2.380316992040728e-05,3.895019786583829e-10,3.3222716559722937e-07,0.00017071948421425057,0.9999999854273736
2026-09-30T01:29:26.666 0.015158157514636438,2.5750285837118104e-06,-2.3921980009613174e-05,1.3573035311664436e-08,3.949751777422111e-07,0.0001718042028586389,0.9999999852415797
2026-09-30T01:29:27.893 0.015175800657419145,2.4560414426591886e-06,-2.3830666262220064e-05,-6.917945785159843e-08,3.3082986791516664e-07,0.00017225074968068858,0.9999999851647824
2026-09-30T01:29:27.928 0.015195827790027388,2.6947121654694513e-06,-2.386233136422592e-05,-3.850352979464144e-09,2.955563887332245e-07,0.00017152997108065457,0.9999999852886907
2026-09-30T01:29:27.984 0.015213470530783858,2.6949342674811445e-06,-2.402433705999001e-05,-1.811341327723509e-08,3.8362446005886114e-07,0.00017147939951267743,0.9999999852973339
2026-09-30T01:29:28.016 0.015231590580809654,2.5759531380524348e-06,-2.388907381496407e-05,-1.4085838352902596e-07,2.3554340839705366e-07,0.0001710871479032625,0.9999999853645561
2026-09-30T01:29:28.069 0.015250187062369577,2.814605834192788e-06,-2.4007883982163957e-05,4.16221555672881e-08,3.85603983914204e-07,0.0001725284593595872,0.99999998511689
2026-09-30T01:29:28.106 0.015268306969532597,2.8148339779017564e-06,-2.3962027612045465e-05,1.6166942452408646e-07,2.999230748738291e-07,0.0001723853481158769,0.9999999851415877
2026-09-30T01:29:28.163 0.015285949878213044,2.576637519968382e-06,-2.4019725270835446e-05,1.1007644501064211e-07,2.8007392694351613e-07,0.00017220584629999345,0.9999999851725279
2026-09-30T01:29:28.200 0.015305023339197888,2.696086946393142e-06,-2.4049882493199522e-05,8.860981578560469e-08,3.017852166877345e-07,0.00017185944133843846,0.9999999852321166
2026-09-30T01:29:28.254 0.01532218940681353,2.8155123536616757e-06,-2.410682628041336e-05,1.666512660720914e-08,3.6988768524255996e-07,0.00017158504883789093,0.9999999852792169
2026-09-30T01:29:28.297 0.015341262798618319,2.8157524823432783e-06,-2.4181686910983417e-05,-6.944458550691339e-08,3.7634826772149654e-07,0.00017251757473389566,0.9999999851187699
2026-09-30T01:29:28.339 0.01536033621398342,2.8159926137588234e-06,-2.4241646398985316e-05,-7.976725470977041e-08,3.5702327879587214e-07,0.0001727075138403494,0.9999999850859903
2026-09-30T01:29:28.373 0.015377979119662093,2.8162147349081113e-06,-2.4299344096772294e-05,-1.215411352913569e-07,3.6639436659383245e-07,0.00017170436756928564,0.9999999852587305
2026-09-30T01:29:28.431 0.015397529627751021,3.0548794789017683e-06,-2.4196144985593078e-05,8.08439960352817e-09,3.6552215762693074e-07,0.00017280415730757382,0.9999999850692947
2026-09-30T01:29:28.466 0.015413742026745043,2.816665010702136e-06,-2.425158085416814e-05,-6.508671315913262e-08,3.4881614251856744e-07,0.00017330922410481407,0.9999999849818934
2026-09-30T01:29:28.529 0.015433292349353233,2.8169111537415932e-06,-2.4267590844537202e-05,9.744109450493029e-08,2.943346904568002e-07,0.00017183667430777948,0.9999999852360305
2026-09-30T01:29:28.562 0.015452365811838965,2.8171512906250227e-06,-2.4297748047402783e-05,2.468939818653522e-08,2.74136216017816e-07,0.0001722822823218763,0.9999999851593696
2026-09-30T01:29:28.627 0.015470485555580667,2.698170125655065e-06,-2.4356199655762902e-05,6.119171170990249e-09,2.8828063599033775e-07,0.0001732405415080249,0.9999999849938157
2026-09-30T01:29:28.662 0.015490035854628543,2.69841626596058e-06,-2.4387110788700122e-05,7.571309619686179e-08,3.5335717240223005e-07,0.00017264249021103483,0.9999999850972199
2026-09-30T01:29:28.722 0.01550767892522942,2.6986384062474633e-06,-2.434050048850999e-05,1.9286345159113934e-08,2.935775801509374e-07,0.00017281605178664955,0.9999999850672627
2026-09-30T01:29:28.758 0.015524368204904434,2.698848526020464e-06,-2.4366888041017373e-05,3.783996252864882e-08,3.098176453242938e-07,0.00017302305196159192,0.9999999850314629
2026-09-30T01:29:28.814 0.015544872032712929,2.93752523584916e-06,-2.448871392850382e-05,-2.8538822351263873e-08,3.496312545344848e-07,0.0001730068643449459,0.9999999850342508
2026-09-30T01:29:28.848 0.015563468776438093,2.937759382980214e-06,-2.4443611488456963e-05,-1.6323806080368827e-08,3.286765193953932e-07,0.0001722539973195991,0.999999985164226
2026-09-30T01:29:28.902 0.015580634702691845,3.057184773845095e-06,-2.4589962131079754e-05,1.507928315626197e-07,3.3694317020955453e-07,0.00017365754263939012,0.9999999849214607
2026-09-30T01:29:28.934 0.015600185260903182,3.057430944223973e-06,-2.445696069576723e-05,-1.7827502532612657e-07,2.78209504133804e-07,0.00017265869717836806,0.9999999850944324
2026-09-30T01:29:29.000 0.015618304772043515,2.7000311728319316e-06,-2.4664423690811937e-05,-1.109352045577423e-07,3.60690193201959e-07,0.0001730425826656174,0.999999985028061
2026-09-30T01:29:29.033 0.015634517355017388,2.8194445951278306e-06,-2.4600650477337225e-05,-4.466883365694691e-09,3.532402667852824e-07,0.00017282782828454928,0.9999999850652084
2026-09-30T01:29:29.085 0.01565597499881295,2.93892403866302e-06,-2.46345773500595e-05,-1.2761863529586278e-07,3.5719768550941235e-07,0.0001737318619295333,0.999999984908548
2026-09-30T01:29:29.123 0.01567314106642859,3.058349445931553e-06,-2.469152113727334e-05,-8.442304874237402e-08,3.857778994478691e-07,0.00017359998708578014,0.9999999849314442
2026-09-30T01:29:29.177 0.015690784022229665,2.8201529934660627e-06,-2.4719416510927004e-05,-7.106183181314252e-08,3.7652297641702506e-07,0.00017371089091330197,0.9999999849121897
2026-09-30T01:29:29.208 0.015710334487700636,2.7011898633678417e-06,-2.4646019626388613e-05,1.0941350190309198e-08,3.0556837822175174e-07,0.00017374924364019825,0.9999999849055533
2026-09-30T01:29:29.265 0.015727500481633554,3.059033841517211e-06,-2.4747666880303924e-05,-5.772648021077067e-08,2.9398460250652576e-07,0.0001734733064300938,0.999999984953461
2026-09-30T01:29:29.298 0.015746574017802006,2.8208554075198043e-06,-2.4733120616468028e-05,-3.524973346261107e-08,3.3764049116671406e-07,0.00017364409899276766,0.9999999849238057
2026-09-30T01:29:29.352 0.015767077872172595,2.8211135409997796e-06,-2.484004532238932e-05,1.7234882600093333e-07,3.7134406336550256e-07,0.0001741333446528377,0.9999999848387052
2026-09-30T01:29:29.393 0.01578519770865467,2.821341676506922e-06,-2.4838892379975302e-05,-1.7257677160235995e-07,3.31353181647717e-07,0.00017340238393347384,0.9999999849657367
2026-09-30T01:29:29.445 0.015804271169639516,2.940791102931683e-06,-2.4869049602339382e-05,-6.960023283572638e-08,2.84787743895877e-07,0.00017376572213700407,0.9999999849026938
2026-09-30T01:29:29.480 0.01582143726231636,2.941007223392827e-06,-2.4911092227486562e-05,5.5740027363402605e-08,3.4747824736874667e-07,0.00017476484496787388,0.9999999847285624
2026-09-30T01:29:29.536 0.01584003400604152,2.9412413705238817e-06,-2.4865989787439713e-05,-2.05196345298865e-08,3.3554511330162305e-07,0.0001737215608768646,0.999999984910353
2026-09-30T01:29:29.569 0.01585958430659028,2.822278221288065e-06,-2.489690090087843e-05,-5.407733907942902e-09,3.261738006647513e-07,0.0001739852304612094,0.9999999848645165
2026-09-30T01:29:29.620 0.01587818086033204,2.9417216360889133e-06,-2.4971007620875345e-05,1.5438448983568464e-08,3.05568463212848e-07,0.00017443061974031985,0.9999999847869325
2026-09-30T01:29:29.670 0.01589534695450977,2.8227284670087263e-06,-2.5013050226524026e-05,7.004467292748646e-08,3.474200929066033e-07,0.00017430505155864977,0.9999999848088116
2026-09-30T01:29:29.711 0.015916327879544764,2.9422019207915406e-06,-2.497171745633387e-05,-1.174807005965959e-07,2.2099182217009858e-07,0.00017326287413154827,0.9999999849899568
2026-09-30T01:29:29.750 0.01593301697223815,2.8232027291516727e-06,-2.5117314129888023e-05,4.1494386245448355e-08,3.8996975800437557e-07,0.00017501730257943004,0.9999999846843949
2026-09-30T01:29:29.802 0.01595161376008216,3.0618554608332742e-06,-2.504240944370185e-05,1.0095919678605189e-07,2.8158745701307253e-07,0.0001745144573686189,0.9999999847723072
2026-09-30T01:29:29.836 0.015970687060647467,2.823676999496446e-06,-2.5176874605547542e-05,4.13223995446016e-08,3.567913584181442e-07,0.0001744958208059172,0.9999999847755396
2026-09-30T01:29:29.890 0.01598880712973091,3.0623237414256717e-06,-2.5026710276448934e-05,-3.934209702094236e-08,2.527737521763932e-07,0.00017403825568950698,0.9999999848553099
2026-09-30T01:29:29.927 0.016006926827852878,2.8241332814464987e-06,-2.5114964150446876e-05,-1.3849699835900742e-09,3.864770503180554e-07,0.0001752619546641531,0.9999999846415488
2026-09-30T01:29:29.981 0.016025523424212595,3.3012045703392254e-06,-2.5159268643802964e-05,7.010417424050624e-08,2.8211116721868244e-07,0.0001749498461307263,0.9999999846962333
2026-09-30T01:29:30.018 0.016044119957395818,3.182229403323469e-06,-2.524827646737104e-05,1.0716165164971715e-07,3.410175192881597e-07,0.00017472001371848995,0.9999999847363944
2026-09-30T01:29:30.073 0.01606367030356432,3.1824755490968685e-06,-2.5249385315171942e-05,2.5792755904915496e-08,2.3810592466439921e-07,0.00017513829945960967,0.9999999846632592
2026-09-30T01:29:30.113 0.01608179004580514,3.1827036736682418e-06,-2.5307836943030563e-05,1.210464069519857e-07,3.0003936576813834e-07,0.00017401178916819687,0.9999999848598962
2026-09-30T01:29:30.167 0.01610086362759333,3.0637345346800507e-06,-2.526348841355685e-05,-1.2143961851343537e-07,2.669760064098637e-07,0.0001753357113734988,0.999999984628651
2026-09-30T01:29:30.202 0.016119460160776547,2.944759367664294e-06,-2.5352496237124926e-05,7.052549303860234e-08,3.3903826628361957e-07,0.0001752047951585386,0.9999999846515798
2026-09-30T01:29:30.267 0.01613710311357585,2.9449814942814663e-06,-2.5380391649775586e-05,-7.033009091841935e-08,3.009695572004878e-07,0.00017490819354893321,0.999999984703514
2026-09-30T01:29:30.305 0.016155699737998547,3.064424917284141e-06,-2.5409794942068023e-05,5.9583319420927905e-08,3.122044975296103e-07,0.00017549237917977457,0.9999999846011618
2026-09-30T01:29:30.373 0.016175249991426686,2.9454617625804408e-06,-2.5470508340643063e-05,4.1760517036558426e-08,3.861862650332038e-07,0.00017505828007125375,0.9999999846772237
2026-09-30T01:29:30.411 0.016192416036982897,2.9456778775737006e-06,-2.554235325092656e-05,-7.495578911133061e-08,2.915981479347956e-07,0.0001755332018692027,0.9999999845940021
2026-09-30T01:29:30.476 0.016211489543587483,3.1843365990076767e-06,-2.554270820765282e-05,5.609539540784312e-08,3.622629807898116e-07,0.00017462974491789938,0.9999999847521588
2026-09-30T01:29:30.513 0.016229132590628047,3.1845587365606174e-06,-2.5510999050030845e-05,-1.3420156733531397e-07,2.8240098066291874e-07,0.00017568988599604707,0.999999984566483
2026-09-30T01:29:30.565 0.01624772928723258,3.1847928782237876e-06,-2.549569889512031e-05,-9.624319965079933e-08,3.06091731806956e-07,0.0001757056009438569,0.9999999845637193
2026-09-30T01:29:30.607 0.01626680267753648,3.304242296446722e-06,-2.557055954518886e-05,8.723531702356803e-08,3.214596823839297e-07,0.00017542573905882688,0.9999999846128494
2026-09-30T01:29:30.655 0.01628492242277907,3.0660518419354326e-06,-2.5629011134050484e-05,-5.544693988658846e-08,3.791425880919893e-07,0.00017579130802907418,0.9999999845486345
2026-09-30T01:29:30.694 0.016303519023641456,3.1854952622041656e-06,-2.5673315568911083e-05,-4.955168924736522e-08,4.027167324015043e-07,0.00017589238232949207,0.9999999845308525
2026-09-30T01:29:30.748 0.0163225924846263,3.3049446886289264e-06,-2.5703472791275156e-05,-6.593690088170659e-09,3.986424546467094e-07,0.00017574493697638524,0.999999984556779
2026-09-30T01:29:30.796 0.016340235440427377,3.0667482361634357e-06,-2.5731368164928822e-05,-6.8143047490459135e-09,3.6674468918577055e-07,0.0001760453763525362,0.9999999845039453
2026-09-30T01:29:30.834 0.016358832086909504,3.3054009514413837e-06,-2.57458703341516e-05,-9.077317356984223e-08,3.560920964917375e-07,0.00017527683824989734,0.9999999846389473
2026-09-30T01:29:30.870 0.01637742874089607,2.9480072190126754e-06,-2.5760372405881886e-05,6.371192967094584e-08,3.453246929366228e-07,0.00017571761124451563,0.9999999845615988
2026-09-30T01:29:30.926 0.016396025388879087,3.067450644749293e-06,-2.5774874555606168e-05,-2.5080116127674173e-07,3.0649826549240747e-07,0.00017634705574910006,0.9999999844507794
2026-09-30T01:29:30.961 0.01641557566286576,3.1869060718621966e-06,-2.5820686850610045e-05,-6.099682783841627e-08,3.6459062252879504e-07,0.00017554081610143964,0.9999999845926425
2026-09-30T01:29:31.011 0.01643178801323826,3.067900887736012e-06,-2.5905925023819922e-05,-2.3112511721464875e-08,3.946843035202604e-07,0.00017664216291715703,0.9999999843986949
2026-09-30T01:29:31.057 0.016450384780523738,3.0681350376010083e-06,-2.584592144120491e-05,-3.590318485770192e-08,3.508538921430137e-07,0.0001769426705776716,0.9999999843455833
2026-09-30T01:29:31.100 0.016469935008890667,3.068381169704697e-06,-2.5921536001846607e-05,7.718173242175272e-08,3.4765303228116396e-07,0.00017508613477910584,0.9999999846723592
2026-09-30T01:29:31.137 0.01648757796168997,3.068603296321869e-06,-2.5949431414497268e-05,-7.127214481162509e-08,3.395031546845135e-07,0.00017667194447952678,0.9999999843934517
2026-09-30T01:29:31.196 0.016507605260721307,3.1880647487283963e-06,-2.5876788499027516e-05,6.445133426161147e-08,3.590617535822344e-07,0.0001763620274900692,0.999999984448151
2026-09-30T01:29:31.229 0.01652572498090269,3.0690835810244966e-06,-2.5950141249955794e-05,3.312514133267235e-08,3.1278648809821406e-07,0.00017648245437279015,0.9999999844269221
2026-09-30T01:29:31.283 0.016542414189896763,3.0692936925956704e-06,-2.602123223016765e-05,-7.417227400595101e-10,3.2663973333949213e-07,0.00017694066378981857,0.9999999843459473
2026-09-30T01:29:31.328 0.01656244132700767,2.95033654678194e-06,-2.605289727367801e-05,-3.020093603867278e-08,3.6243718823966535e-07,0.0001762075317102346,0.9999999844753866
2026-09-30T01:29:31.378 0.016581037901307966,3.3081985433993932e-06,-2.611210289010376e-05,1.0109720617656611e-07,2.9689627592943253e-07,0.00017704812141186826,0.999999984326932
2026-09-30T01:29:31.420 0.0165991577172315,3.0700080970899306e-06,-2.612585105126091e-05,-5.718300171066546e-08,3.8019037813715037e-07,0.0001765403268182088,0.9999999844166825
2026-09-30T01:29:31.471 0.016619661570101203,3.1894755201112377e-06,-2.6232775776680697e-05,-1.001781064626759e-07,3.737873707860369e-07,0.0001778151672002529,0.9999999841908082
2026-09-30T01:29:31.511 0.016635874107455335,3.1896796473979214e-06,-2.6198804828843804e-05,-9.02744520932856e-08,3.186647093875073e-07,0.00017677938297001424,0.9999999843744699
2026-09-30T01:29:31.563 0.016654470827620182,3.189913791795033e-06,-2.616860353136511e-05,-3.820701867585074e-09,3.6709397438536855e-07,0.00017629784972389813,0.9999999844594666
2026-09-30T01:29:31.597 0.016674974799792342,3.1901719389447196e-06,-2.6201022524445608e-05,9.018698159442644e-08,3.461981358827777e-07,0.00017769272248503194,0.9999999842125841
2026-09-30T01:29:31.655 0.01669214100726898,3.4288066521582377e-06,-2.616855947574899e-05,1.8288439938694993e-07,3.193649720335313e-07,0.00017742946221196526,0.9999999842593251
2026-09-30T01:29:31.688 0.016710737472773032,3.071412897857992e-06,-2.6302270688024546e-05,6.354495973202015e-08,3.264654923959545e-07,0.00017667838668580747,0.9999999843923184
2026-09-30T01:29:31.753 0.016729810768835673,3.1908623051451575e-06,-2.643673590836574e-05,2.5927732620967304e-08,3.863027738882561e-07,0.00017741270626435492,0.9999999842622908
2026-09-30T01:29:31.785 0.016746500400414522,3.3102817554686217e-06,-2.6239606341849235e-05,-1.48718867278474e-07,2.701774200258102e-07,0.00017734896215534546,0.9999999842736251
2026-09-30T01:29:31.839 0.016766050512480767,3.1913185843612684e-06,-2.6389726595833228e-05,4.059477623988949e-08,3.198297582734394e-07,0.0001776859503442004,0.9999999842137994
2026-09-30T01:29:31.875 0.016784647091283727,3.1915527123547277e-06,-2.6448932153763484e-05,-5.728483540893319e-08,3.727981145764487e-07,0.00017788114000425565,0.9999999841790788
2026-09-30T01:29:31.930 0.016802766926264912,3.310990137403201e-06,-2.644777923084796e-05,5.17594586896563e-08,3.899699924733558e-07,0.0001771036320070416,0.9999999843170743
2026-09-30T01:29:31.964 0.01682327087787854,3.072829702736283e-06,-2.6495099327499625e-05,-1.4078547078110936e-07,3.6767532552784203e-07,0.00017798784276299608,0.9999999841600863
2026-09-30T01:29:32.018 0.016839960154551775,3.311458401591946e-06,-2.6521486919004e-05,2.68541541409578e-08,3.648824153337963e-07,0.0001779889332417112,0.9999999841599028
2026-09-30T01:29:32.054 0.016858556805536568,3.1924832482459006e-06,-2.6535989029731288e-05,1.3517404218505517e-08,4.0888730289053567e-07,0.0001779191227756847,0.9999999841723091
2026-09-30T01:29:32.107 0.016878107222386016,3.1927294022211265e-06,-2.6492394449827713e-05,-4.93306706076613e-08,3.629611017034057e-07,0.00017822054327851065,0.9999999841186518
2026-09-30T01:29:32.144 0.01689622684682526,3.192957513122789e-06,-2.6625351790527125e-05,3.3888587817084057e-08,3.599930204766412e-07,0.00017805010296388237,0.9999999841490149
2026-09-30T01:29:32.199 0.01691386984374341,3.431598224290508e-06,-2.662344495703846e-05,-1.3573417014583763e-07,2.998634196619796e-07,0.00017758393627762377,0.9999999842319185
2026-09-30T01:29:32.231 0.016933420164850714,3.551053656871296e-06,-2.663945496690602e-05,-5.569215720133513e-08,2.831001401666453e-07,0.0001778079434233059,0.9999999841921259
2026-09-30T01:29:32.288 0.016950109332727708,3.0744266048092613e-06,-2.6740348154260207e-05,-1.018916028140741e-07,3.9631378200247454e-07,0.0001785989929468653,0.999999984051116
2026-09-30T01:29:32.323 0.016969182884952035,3.432294621252453e-06,-2.671090084534864e-05,-1.3724122154001073e-07,3.585367774321305e-07,0.00017834497345763664,0.9999999840964614
2026-09-30T01:29:32.376 0.016989210069183573,3.313337480906607e-06,-2.6712763603722684e-05,-5.095062447419673e-08,3.570238643047368e-07,0.00017764257129372879,0.9999999842214933
2026-09-30T01:29:32.423 0.01700589929873618,3.5519661742943854e-06,-2.676895348036338e-05,-3.1902979267909064e-08,3.124262744813918e-07,0.00018316579563160056,0.9999999832250962
2026-09-30T01:29:32.470 0.017025926484468604,3.3137997444072084e-06,-2.6770816219238925e-05,1.2700324062579335e-07,2.441496262628872e-07,0.00018211467224356627,0.9999999834170851
2026-09-30T01:29:32.505 0.01704309257564456,3.4332251544096836e-06,-2.6812858863884604e-05,7.913439763444951e-08,2.268032888123722e-07,0.00018016839080657346,0.9999999837696465
2026-09-30T01:29:32.569 0.017061689342930036,3.4334593042746805e-06,-2.6752855281269592e-05,3.518009032456908e-08,2.7220507507507396e-07,0.00018142315059911028,0.9999999835427824
2026-09-30T01:29:32.602 0.01708123956979608,3.5529147259197e-06,-2.6828469861409787e-05,4.482916805738505e-08,2.1510347349240867e-07,0.0001818310043287584,0.9999999834687187
2026-09-30T01:29:32.663 0.01709983622078087,3.4339395725736546e-06,-2.6842971972137072e-05,1.9254417613375186e-07,1.418897886196935e-07,0.00017575525604738852,0.9999999845550163
2026-09-30T01:29:32.697 0.017117479197140486,3.434161701924769e-06,-2.6855966242219573e-05,1.8753937945528658e-07,2.7629136771680383e-07,0.00017770914658572418,0.9999999842096737
2026-09-30T01:29:32.757 0.017135598846640933,3.3151805260190425e-06,-2.6974022420852324e-05,1.000065375364468e-07,1.996314217727388e-07,0.0001785842818588718,0.9999999840538021
2026-09-30T01:29:32.793 0.01715276500699695,3.5538152337646754e-06,-2.6971361657292025e-05,-1.8834490392997594e-08,3.11098303395301e-07,0.00017849383250458315,0.9999999840699272
2026-09-30T01:29:32.853 0.01717231528548628,3.315642792253586e-06,-2.7017173893800407e-05,-9.500510481335886e-08,2.6185400934671527e-07,0.00017666917035894116,0.9999999843939632
2026-09-30T01:29:32.885 0.01719234241959541,3.435104225522518e-06,-2.7048838976307764e-05,-1.3352386918253524e-08,2.7559159281644156e-07,0.00017746663842752982,0.9999999842527579
2026-09-30T01:29:32.939 0.017209508557892,3.5545296409928776e-06,-2.7061079335817125e-05,1.1429300425645685e-08,2.6447409757794664e-07,0.00017759185173746154,0.9999999842305319
2026-09-30T01:29:32.972 0.017228582043938043,3.554769780610249e-06,-2.7076335396114544e-05,4.5766681374979285e-08,2.626698653672884e-07,0.00017743763326584492,0.9999999842579075
2026-09-30T01:29:33.029 0.017246701786178858,3.5549979051816227e-06,-2.7134787023973164e-05,6.116595053872444e-08,2.2844389274390958e-07,0.0001777629719890751,0.9999999842001348
2026-09-30T01:29:33.070 0.017266252083725845,3.6744533350284687e-06,-2.716569817640888e-05,3.152733180298609e-08,2.641831947585252e-07,0.00017768607487428164,0.9999999842137939
2026-09-30T01:29:33.128 0.017285325571272783,3.5554841851045093e-06,-2.7180954217207803e-05,1.2106762742359483e-07,1.964301196873861e-07,0.00017842340731839725,0.9999999840825171
2026-09-30T01:29:33.164 0.017302968550634176,3.317287735372961e-06,-2.7193948448293307e-05,4.402588058489388e-08,2.620295343185767e-07,0.00017700279386669503,0.9999999843349701
2026-09-30T01:29:33.218 0.017321565173555986,3.555940447916967e-06,-2.7223351760084246e-05,1.0025198157562265e-07,2.5347337583473193e-07,0.0001771442811970303,0.9999999843099145
2026-09-30T01:29:33.254 0.01734016173029952,3.4369652836351534e-06,-2.7297458441084163e-05,-2.135855386794512e-08,2.474773589338904e-07,0.00017881642154315546,0.9999999840123127
2026-09-30T01:29:33.306 0.017357327821475477,3.5563906936376286e-06,-2.7339501085729842e-05,-8.261058880011652e-08,3.923447870767792e-07,0.0001800139764849332,0.9999999837974036
2026-09-30T01:29:33.344 0.017377354938027844,3.1990149660072934e-06,-2.7386067232811368e-05,8.465760267527137e-08,2.9742002755603284e-07,0.00017686946648512813,0.999999984358548
2026-09-30T01:29:33.396 0.01739595160506851,3.676086263101846e-06,-2.7385668298462982e-05,-6.758400266436501e-08,2.158703043082455e-07,0.0001786491990073172,0.9999999840422061
2026-09-30T01:29:33.435 0.017413117721305667,3.6763023862969327e-06,-2.7412809781042004e-05,-3.204865621602997e-08,2.45207172218486e-07,0.00017854684166866653,0.999999984060482
2026-09-30T01:29:33.488 0.017432668048416523,3.318920660712396e-06,-2.7428819712915566e-05,-3.510063634446914e-08,2.489905264814084e-07,0.00017704441615194053,0.9999999843276056
2026-09-30T01:29:33.525 0.017449357303030332,3.438340067292786e-06,-2.7470108427489605e-05,9.850961417737369e-08,2.649403561003281e-07,0.00017818270784703498,0.9999999841254212
2026-09-30T01:29:33.577 0.017468907484276635,3.43858619392859e-06,-2.757552527326762e-05,-5.4796449732272606e-08,3.0143562144219204e-07,0.0001786513129975661,0.9999999840418071
2026-09-30T01:29:33.613 0.017487504253063,3.3196110542522553e-06,-2.751552167115411e-05,-6.834308439524011e-09,2.711679006199902e-07,0.0001780525225817176,0.9999999841486127
2026-09-30T01:29:33.668 0.01750610092460633,3.4390544827228144e-06,-2.751512267831023e-05,-2.5337346127788954e-08,2.398521071622989e-07,0.00017849372209214492,0.9999999840699664
2026-09-30T01:29:33.705 0.017524697526969606,3.439288613450216e-06,-2.7559427093672326e-05,1.0401683459841792e-07,1.9683748454586984e-07,0.0001786494123025055,0.9999999840421688
2026-09-30T01:29:33.760 0.017542817245650107,3.439516735287648e-06,-2.7632779864099106e-05,-8.143422253075362e-08,3.9770002001342874e-07,0.0001815026955735763,0.9999999835283032
2026-09-30T01:29:33.802 0.01755998345162586,3.797360738042496e-06,-2.7600316834900987e-05,7.379981002961917e-08,2.452077812353746e-07,0.0001778449771474076,0.9999999841855491
2026-09-30T01:29:33.846 0.017579056846432423,3.5591822876414364e-06,-2.7675177426474044e-05,2.3163040013960516e-08,2.742530902382455e-07,0.0001780056122277095,0.999999984156963
2026-09-30T01:29:33.877 0.017597653495916327,3.5594164238367217e-06,-2.7689679556699827e-05,-9.49399773998599e-08,2.824487070204272e-07,0.00018028960000846068,0.9999999837477855
2026-09-30T01:29:33.932 0.01761625014540023,3.559650560032008e-06,-2.7704181686925607e-05,9.631112427840048e-08,2.5196002563537093e-07,0.0001780486857243072,0.9999999841492963
2026-09-30T01:29:33.967 0.017635800490067844,3.6791059953467383e-06,-2.770529055422501e-05,5.093299898013474e-08,2.1872324961421974e-07,0.00017895216349452173,0.9999999839880362
2026-09-30T01:29:34.021 0.017652012841941234,3.4408915216792226e-06,-2.779052870793639e-05,-4.315003309238714e-08,2.436938078916761e-07,0.00017981796093444942,0.9999999838327197
2026-09-30T01:29:34.054 0.017669655860918818,3.7987415251222145e-06,-2.7773720751378068e-05,1.0426742758578757e-07,2.4253051383052205e-07,0.00017897959511844366,0.9999999839831173
2026-09-30T01:29:34.109 0.017689682930350555,3.4413657920239954e-06,-2.785008918359591e-05,3.077635957987792e-08,2.1540527288839695e-07,0.000178782823967864,0.9999999840183271
2026-09-30T01:29:34.146 0.01770684899496442,3.799209778375191e-06,-2.7907033009806743e-05,4.9341047755618574e-08,2.512613174809399e-07,0.00017900955752258262,0.9999999839777562
