2026-09-30T13:48:42.838 3,700000000,map,-6.000000000000445,-1.0,0.0,0.0,0.0,0.9999999999991198,1.3267948966775328e-06,-2.3803181647963356e-12,0.0,0.0,0.0,0.0,0.0,0.0,0.0,0.0,0.0,0.0,0.0,0.0,0.0,0.0,0.0,0.0,0.0,0.0,0.0,0.0,0.0,0.0,0.0,0.0,0.0,0.0,0.0,0.0,0.0,0.0,0.0,0.0,0.0,0.0,-6.972200594645862e-14
2026-09-30T13:48:49.472 8,500000000,map,-6.038960111361357,-1.0064505931004688,0.0,0.0,0.0,-0.9692428930861815,0.246106103544648,0.013961740898807307,0.002728719420538539,0.0,0.0,0.0,0.0,0.002728719420538539,0.0007027073381358218,0.0,0.0,0.0,0.0,0.0,0.0,0.0,0.0,0.0,0.0,0.0,0.0,0.0,0.0,0.0,0.0,0.0,0.0,0.0,0.0,0.0,0.0,0.0,0.0,0.0,0.0,0.0,0.014451866998660584
2026-09-30T13:48:57.791 10,800000000,map,-6.122972622088151,-1.0602914159220038,0.0,0.0,0.0,-0.9280754123734032,0.3723923051674641,0.02346083103346075,0.01294800219363168,0.0,0.0,0.0,0.0,0.01294800219363168,0.012619827024612729,0.0,0.0,0.0,0.0,0.0,0.0,0.0,0.0,0.0,0.0,0.0,0.0,0.0,0.0,0.0,0.0,0.0,0.0,0.0,0.0,0.0,0.0,0.0,0.0,0.0,0.0,0.0,0.02121552112660685
2026-09-30T13:49:05.948 13,100000000,map,-6.157175260989525,-1.0909343101858466,0.0,0.0,0.0,-0.8752593160732046,0.48365393581264915,0.024897981048120243,0.0190626474594211,0.0,0.0,0.0,0.0,0.0190626474594211,0.0241829448120372,0.0,0.0,0.0,0.0,0.0,0.0,0.0,0.0,0.0,0.0,0.0,0.0,0.0,0.0,0.0,0.0,0.0,0.0,0.0,0.0,0.0,0.0,0.0,0.0,0.0,0.0,0.0,0.027482384154858402
2026-09-30T13:49:15.470 15,600000000,map,-6.191827795237693,-1.125276672782714,0.0,0.0,0.0,-0.9129435644356783,0.40808583429896034,0.022399474219731985,0.021559329599336152,0.0,0.0,0.0,0.0,0.021559329599336152,0.033920228991318746,0.0,0.0,0.0,0.0,0.0,0.0,0.0,0.0,0.0,0.0,0.0,0.0,0.0,0.0,0.0,0.0,0.0,0.0,0.0,0.0,0.0,0.0,0.0,0.0,0.0,0.0,0.0,0.03167833919286716
2026-09-30T13:49:19.214 16,700000000,map,-6.239371317674092,-1.1682682908132758,0.0,0.0,0.0,-0.997979956241063,0.06352957532587492,0.03367450904666924,0.02445057131903461,0.0,0.0,0.0,0.0,0.02445057131903461,0.03414084682282881,0.0,0.0,0.0,0.0,0.0,0.0,0.0,0.0,0.0,0.0,0.0,0.0,0.0,0.0,0.0,0.0,0.0,0.0,0.0,0.0,0.0,0.0,0.0,0.0,0.0,0.0,0.0,0.0417435516853765
2026-09-30T13:49:23.319 17,900000000,map,-6.251768748754308,-1.1744007057422956,0.0,0.0,0.0,0.9611104438919895,0.27616428922245334,0.05477610039884695,0.015687431144291608,0.0,0.0,0.0,0.0,0.015687431144291608,0.034347037068403585,0.0,0.0,0.0,0.0,0.0,0.0,0.0,0.0,0.0,0.0,0.0,0.0,0.0,0.0,0.0,0.0,0.0,0.0,0.0,0.0,0.0,0.0,0.0,0.0,0.0,0.0,0.0,0.0472093449095396
2026-09-30T13:49:26.379 18,800000000,map,-6.286703894989129,-1.16360021067039,0.0,0.0,0.0,0.8360607848578626,0.5486368234295386,0.06126952571298716,0.003496750336537069,0.0,0.0,0.0,0.0,0.0034967503365361807,0.04459263761568932,0.0,0.0,0.0,0.0,0.0,0.0,0.0,0.0,0.0,0.0,0.0,0.0,0.0,0.0,0.0,0.0,0.0,0.0,0.0,0.0,0.0,0.0,0.0,0.0,0.0,0.0,0.0,0.055685435376908614
2026-09-30T13:49:29.070 19,600000000,map,-6.252618359838136,-0.7254639977570666,0.0,0.0,0.0,0.5830304224558898,0.8124503224757232,0.05104195921457233,-5.3820039851437684e-05,0.0,0.0,0.0,0.0,-5.3820039851437684e-05,0.06754371171086648,0.0,0.0,0.0,0.0,0.0,0.0,0.0,0.0,0.0,0.0,0.0,0.0,0.0,0.0,0.0,0.0,0.0,0.0,0.0,0.0,0.0,0.0,0.0,0.0,0.0,0.0,0.0,0.03999024501580408
2026-09-30T13:49:32.040 20,500000000,map,-5.721937557159089,-0.24357335017562382,0.0,0.0,0.0,0.21945941277041278,0.9756216306265794,0.08066784122330262,0.029866557660518378,0.0,0.0,0.0,0.0,0.0298665576605186,0.0971462341409135,0.0,0.0,0.0,0.0,0.0,0.0,0.0,0.0,0.0,0.0,0.0,0.0,0.0,0.0,0.0,0.0,0.0,0.0,0.0,0.0,0.0,0.0,0.0,0.0,0.0,0.0,0.0,0.03787942174751411
2026-09-30T13:49:36.162 21,700000000,map,-4.776073211690779,-0.07838107723221502,0.0,0.0,0.0,-0.03030986364677097,0.999540550535952,0.16901928157421153,0.018175710401750145,0.0,0.0,0.0,0.0,0.018175710401750145,0.08898122739943462,0.0,0.0,0.0,0.0,0.0,0.0,0.0,0.0,0.0,0.0,0.0,0.0,0.0,0.0,0.0,0.0,0.0,0.0,0.0,0.0,0.0,0.0,0.0,0.0,0.0,0.0,0.0,0.08763694945840124
2026-09-30T13:49:40.316 22,900000000,map,-3.895419286150435,-0.2656515651471593,0.0,0.0,0.0,-0.12026686836902105,0.9927415979864592,0.23740516418114233,0.00480704128952314,0.0,0.0,0.0,0.0,0.00480704128952314,0.07881243979545381,0.0,0.0,0.0,0.0,0.0,0.0,0.0,0.0,0.0,0.0,0.0,0.0,0.0,0.0,0.0,0.0,0.0,0.0,0.0,0.0,0.0,0.0,0.0,0.0,0.0,0.0,0.0,0.06852909345057671
2026-09-30T13:49:45.177 24,100000000,map,-2.996315716298382,-0.36822043297642026,0.0,0.0,0.0,-0.033711464512124846,0.9994316070449482,0.3110233219009988,0.010643439512632247,0.0,0.0,0.0,0.0,0.010643439512632247,0.07266836734764248,0.0,0.0,0.0,0.0,0.0,0.0,0.0,0.0,0.0,0.0,0.0,0.0,0.0,0.0,0.0,0.0,0.0,0.0,0.0,0.0,0.0,0.0,0.0,0.0,0.0,0.0,0.0,0.08221493103130256
2026-09-30T13:49:49.372 25,300000000,map,-2.064857525997605,-0.3909446357473165,0.0,0.0,0.0,-0.09587435986909977,0.9953934433778888,0.3449500872206839,0.038548823739870675,0.0,0.0,0.0,0.0,0.038548823739870675,0.10351033517300315,0.0,0.0,0.0,0.0,0.0,0.0,0.0,0.0,0.0,0.0,0.0,0.0,0.0,0.0,0.0,0.0,0.0,0.0,0.0,0.0,0.0,0.0,0.0,0.0,0.0,0.0,0.0,0.09723755226624724
2026-09-30T13:49:53.578 26,500000000,map,-1.0759210196426412,-0.5937084272096771,0.0,0.0,0.0,-0.16091107297790375,0.9869689086253425,0.33378773842382814,0.03799313432255913,0.0,0.0,0.0,0.0,0.03799313432255913,0.107060340779565,0.0,0.0,0.0,0.0,0.0,0.0,0.0,0.0,0.0,0.0,0.0,0.0,0.0,0.0,0.0,0.0,0.0,0.0,0.0,0.0,0.0,0.0,0.0,0.0,0.0,0.0,0.0,0.0721226541585719
2026-09-30T13:50:00.032 28,300000000,map,-0.12504421523202103,-0.8224458660940676,0.0,0.0,0.0,-0.17690748073273582,0.9842274855239498,0.2890625205898927,0.03303859273697064,0.0,0.0,0.0,0.0,0.033038592736970615,0.06750349288660029,0.0,0.0,0.0,0.0,0.0,0.0,0.0,0.0,0.0,0.0,0.0,0.0,0.0,0.0,0.0,0.0,0.0,0.0,0.0,0.0,0.0,0.0,0.0,0.0,0.0,0.0,0.0,0.050304147346380695
