2026-09-30T01:34:49.743 5,500000000,map,-6.000000000000445,-1.0,0.0,0.0,0.0,0.9999999999991198,1.3267948966775328e-06,-2.3803181647963356e-12,0.0,0.0,0.0,0.0,0.0,0.0,0.0,0.0,0.0,0.0,0.0,0.0,0.0,0.0,0.0,0.0,0.0,0.0,0.0,0.0,0.0,0.0,0.0,0.0,0.0,0.0,0.0,0.0,0.0,0.0,0.0,0.0,0.0,0.0,-6.972200594645862e-14
2026-09-30T01:36:41.610 46,500000000,map,-6.084875220393283,-1.003207184024894,0.0,0.0,0.0,-0.9735721335888009,0.2283797291778542,0.011935597804367148,0.0016760428901267943,0.0,0.0,0.0,0.0,0.0016760428901267943,0.0004986613596422718,0.0,0.0,0.0,0.0,0.0,0.0,0.0,0.0,0.0,0.0,0.0,0.0,0.0,0.0,0.0,0.0,0.0,0.0,0.0,0.0,0.0,0.0,0.0,0.0,0.0,0.0,0.0,0.013921121060864045
2026-09-30T01:36:45.647 47,900000000,map,-6.170345187054244,-1.062480634705363,0.0,0.0,0.0,-0.8259370446814085,0.5637623597074755,0.022316819594436765,0.01110138257428428,0.0,0.0,0.0,0.0,0.01110138257428428,0.010819599118877754,0.0,0.0,0.0,0.0,0.0,0.0,0.0,0.0,0.0,0.0,0.0,0.0,0.0,0.0,0.0,0.0,0.0,0.0,0.0,0.0,0.0,0.0,0.0,0.0,0.0,0.0,0.0,0.029050273423861607
2026-09-30T01:36:49.323 49,200000000,map,-6.200701472625167,-1.125028808799698,0.0,0.0,0.0,-0.5960993566038388,0.8029106781308176,0.0200367767606906,0.010912092587482825,0.0,0.0,0.0,0.0,0.010912092587482825,0.03299734778487329,0.0,0.0,0.0,0.0,0.0,0.0,0.0,0.0,0.0,0.0,0.0,0.0,0.0,0.0,0.0,0.0,0.0,0.0,0.0,0.0,0.0,0.0,0.0,0.0,0.0,0.0,0.0,0.03988390931565902
2026-09-30T01:36:52.673 50,400000000,map,-6.1888476929559895,-1.1564884625179677,0.0,0.0,0.0,-0.2824943422416193,0.9592689646816865,0.028946741781133767,-0.004283694645774716,0.0,0.0,0.0,0.0,-0.004283694645774716,0.042126460448475456,0.0,0.0,0.0,0.0,0.0,0.0,0.0,0.0,0.0,0.0,0.0,0.0,0.0,0.0,0.0,0.0,0.0,0.0,0.0,0.0,0.0,0.0,0.0,0.0,0.0,0.0,0.0,0.03595390236666942
2026-09-30T01:36:57.964 51,600000000,map,-6.141096319386816,-1.1321871583526257,0.0,0.0,0.0,0.10043618702475138,0.994943502082369,0.06544907099150521,-0.012575486001829894,0.0,0.0,0.0,0.0,-0.012575486001829894,0.041191722233583805,0.0,0.0,0.0,0.0,0.0,0.0,0.0,0.0,0.0,0.0,0.0,0.0,0.0,0.0,0.0,0.0,0.0,0.0,0.0,0.0,0.0,0.0,0.0,0.0,0.0,0.0,0.0,0.017182508475391583
2026-09-30T01:37:02.269 53,100000000,map,-5.622825169384583,-0.6921324746078523,0.0,0.0,0.0,0.3254901924243969,0.9455454164848609,0.08612740411428987,0.001668814576003541,0.0,0.0,0.0,0.0,0.001668814576003541,0.04024023749516892,0.0,0.0,0.0,0.0,0.0,0.0,0.0,0.0,0.0,0.0,0.0,0.0,0.0,0.0,0.0,0.0,0.0,0.0,0.0,0.0,0.0,0.0,0.0,0.0,0.0,0.0,0.0,0.03146945231554421
2026-09-30T01:37:05.766 54,300000000,map,-4.715627568350374,-0.22271090704148172,0.0,0.0,0.0,0.12913575502687308,0.9916269241875391,0.10603620838702454,0.022076957067105107,0.0,0.0,0.0,0.0,0.022076957067104885,0.049586634524911445,0.0,0.0,0.0,0.0,0.0,0.0,0.0,0.0,0.0,0.0,0.0,0.0,0.0,0.0,0.0,0.0,0.0,0.0,0.0,0.0,0.0,0.0,0.0,0.0,0.0,0.0,0.0,0.025211646332965503
2026-09-30T01:37:09.194 55,500000000,map,-3.684107000831057,-0.06483610195642513,0.0,0.0,0.0,0.07139367507682691,0.9974482157781548,0.11739799078870661,0.023341455401419464,0.0,0.0,0.0,0.0,0.023341455401419464,0.03822361728920961,0.0,0.0,0.0,0.0,0.0,0.0,0.0,0.0,0.0,0.0,0.0,0.0,0.0,0.0,0.0,0.0,0.0,0.0,0.0,0.0,0.0,0.0,0.0,0.0,0.0,0.0,0.0,0.027691187335145393
2026-09-30T01:37:12.515 56,700000000,map,-2.704854610371808,0.08346065446616609,0.0,0.0,0.0,0.02635846213052937,0.9996525553781741,0.10547223935864825,0.016162363784806233,0.0,0.0,0.0,0.0,0.016162363784806233,0.03795813808070771,0.0,0.0,0.0,0.0,0.0,0.0,0.0,0.0,0.0,0.0,0.0,0.0,0.0,0.0,0.0,0.0,0.0,0.0,0.0,0.0,0.0,0.0,0.0,0.0,0.0,0.0,0.0,0.024207251188092815
2026-09-30T01:37:16.039 57,900000000,map,-1.7586799030894307,-0.07068215934548511,0.0,0.0,0.0,-0.18852866875893037,0.9820676865959828,0.08969893383053229,0.014388904767539484,0.0,0.0,0.0,0.0,0.014388904767539484,0.03656781316893386,0.0,0.0,0.0,0.0,0.0,0.0,0.0,0.0,0.0,0.0,0.0,0.0,0.0,0.0,0.0,0.0,0.0,0.0,0.0,0.0,0.0,0.0,0.0,0.0,0.0,0.0,0.0,0.03432180087382461
2026-09-30T01:37:19.437 59,100000000,map,-0.9080154881738975,-0.4769222100699146,0.0,0.0,0.0,-0.26741010709114765,0.9635828115037653,0.09017306982493578,-0.004299608802457278,0.0,0.0,0.0,0.0,-0.004299608802457278,0.03896916748722851,0.0,0.0,0.0,0.0,0.0,0.0,0.0,0.0,0.0,0.0,0.0,0.0,0.0,0.0,0.0,0.0,0.0,0.0,0.0,0.0,0.0,0.0,0.0,0.0,0.0,0.0,0.0,0.022091247687307938
2026-09-30T01:37:31.632 62,700000000,map,-0.2028754125895981,-0.8990358391756685,0.0,0.0,0.0,-0.16245165922474264,0.9867165035688458,0.09408087860928865,-0.0010681249156578865,0.0,0.0,0.0,0.0,-0.0010681249156578865,0.042612670724803015,0.0,0.0,0.0,0.0,0.0,0.0,0.0,0.0,0.0,0.0,0.0,0.0,0.0,0.0,0.0,0.0,0.0,0.0,0.0,0.0,0.0,0.0,0.0,0.0,0.0,0.0,0.0,0.028663545208409847
