2026-09-30T01:54:19.281 5,100000000,map,-6.000000000000445,-1.0,0.0,0.0,0.0,0.9999999999991198,1.3267948966775328e-06,-2.3803181647963356e-12,0.0,0.0,0.0,0.0,0.0,0.0,0.0,0.0,0.0,0.0,0.0,0.0,0.0,0.0,0.0,0.0,0.0,0.0,0.0,0.0,0.0,0.0,0.0,0.0,0.0,0.0,0.0,0.0,0.0,0.0,0.0,0.0,0.0,0.0,-6.972200594645862e-14
2026-09-30T01:54:21.554 10,100000000,map,-6.043477794085772,-0.9975101455507301,0.0,0.0,0.0,0.9741870262645453,0.225742414840105,0.01978142003536476,-0.0020318358225210886,0.0,0.0,0.0,0.0,-0.0020318358225210886,0.0006330231372789763,0.0,0.0,0.0,0.0,0.0,0.0,0.0,0.0,0.0,0.0,0.0,0.0,0.0,0.0,0.0,0.0,0.0,0.0,0.0,0.0,0.0,0.0,0.0,0.0,0.0,0.0,0.0,0.019125208831511503
2026-09-30T01:54:24.443 11,100000000,map,-6.099295236819051,-0.9718457446725846,0.0,0.0,0.0,0.8716657431666466,0.490100838797219,0.03147662583034361,-0.012044657099349543,0.0,0.0,0.0,0.0,-0.012044657099347766,0.00942427118291811,0.0,0.0,0.0,0.0,0.0,0.0,0.0,0.0,0.0,0.0,0.0,0.0,0.0,0.0,0.0,0.0,0.0,0.0,0.0,0.0,0.0,0.0,0.0,0.0,0.0,0.0,0.0,0.026283020307457293
2026-09-30T01:54:27.260 12,100000000,map,-6.136411936239257,-0.949724723898856,0.0,0.0,0.0,0.6602283298152262,0.7510649456001771,0.030783515319711796,-0.017711762508865192,0.0,0.0,0.0,0.0,-0.017711762508865192,0.03531723720378699,0.0,0.0,0.0,0.0,0.0,0.0,0.0,0.0,0.0,0.0,0.0,0.0,0.0,0.0,0.0,0.0,0.0,0.0,0.0,0.0,0.0,0.0,0.0,0.0,0.0,0.0,0.0,0.025351150661790542
2026-09-30T01:54:30.434 13,200000000,map,-5.749137226133017,-0.5858838203214668,0.0,0.0,0.0,0.28198831351393977,0.9594178396515066,0.04468402818496031,0.004363334940518104,0.0,0.0,0.0,0.0,0.004363334940518104,0.06412628189342356,0.0,0.0,0.0,0.0,0.0,0.0,0.0,0.0,0.0,0.0,0.0,0.0,0.0,0.0,0.0,0.0,0.0,0.0,0.0,0.0,0.0,0.0,0.0,0.0,0.0,0.0,0.0,0.02814137545949989
2026-09-30T01:54:35.916 14,400000000,map,-4.922561315684443,-0.14512019909191173,0.0,0.0,0.0,0.27981462267161544,0.9600540489676305,0.0591447178000557,0.01942966895578524,0.0,0.0,0.0,0.0,0.01942966895578524,0.06668115655257897,0.0,0.0,0.0,0.0,0.0,0.0,0.0,0.0,0.0,0.0,0.0,0.0,0.0,0.0,0.0,0.0,0.0,0.0,0.0,0.0,0.0,0.0,0.0,0.0,0.0,0.0,0.0,0.028704833677374114
2026-09-30T01:54:39.198 15,600000000,map,-4.073549438082361,0.33629264572492606,0.0,0.0,0.0,0.17066287600047952,0.9853294792886514,0.06812108119024174,0.02275170409580385,0.0,0.0,0.0,0.0,0.02275170409580385,0.05269024493688604,0.0,0.0,0.0,0.0,0.0,0.0,0.0,0.0,0.0,0.0,0.0,0.0,0.0,0.0,0.0,0.0,0.0,0.0,0.0,0.0,0.0,0.0,0.0,0.0,0.0,0.0,0.0,0.026498129825687645
2026-09-30T01:54:42.145 16,700000000,map,-3.1253887533265625,0.4421381976130649,0.0,0.0,0.0,-0.04371831840591791,0.9990438972516467,0.07799014366900003,0.02402594995355467,0.0,0.0,0.0,0.0,0.02402594995355467,0.046586848827605803,0.0,0.0,0.0,0.0,0.0,0.0,0.0,0.0,0.0,0.0,0.0,0.0,0.0,0.0,0.0,0.0,0.0,0.0,0.0,0.0,0.0,0.0,0.0,0.0,0.0,0.0,0.0,0.023164084756549193
2026-09-30T01:54:45.370 17,900000000,map,-2.1741698978775497,0.19897340624014964,0.0,0.0,0.0,-0.22599152368335854,0.9741292682304921,0.07670053092205453,0.005929849145382637,0.0,0.0,0.0,0.0,0.005929849145382637,0.0532340419713677,0.0,0.0,0.0,0.0,0.0,0.0,0.0,0.0,0.0,0.0,0.0,0.0,0.0,0.0,0.0,0.0,0.0,0.0,0.0,0.0,0.0,0.0,0.0,0.0,0.0,0.0,0.0,0.031187612982853045
2026-09-30T01:54:48.823 19,200000000,map,-1.1782411656714908,-0.31830621317275476,0.0,0.0,0.0,-0.253837483431985,0.9672468826545355,0.09143830333075664,-0.005198933265977368,0.0,0.0,0.0,0.0,-0.005198933265977368,0.0564628414095332,0.0,0.0,0.0,0.0,0.0,0.0,0.0,0.0,0.0,0.0,0.0,0.0,0.0,0.0,0.0,0.0,0.0,0.0,0.0,0.0,0.0,0.0,0.0,0.0,0.0,0.0,0.0,0.038668600803097454
2026-09-30T01:54:53.264 20,900000000,map,-0.3863491801166754,-0.7727102083275407,0.0,0.0,0.0,-0.2721537317715337,0.9622537847589003,0.09697210344597235,-0.008346651602512578,0.0,0.0,0.0,0.0,-0.008346651602512578,0.042861426582716744,0.0,0.0,0.0,0.0,0.0,0.0,0.0,0.0,0.0,0.0,0.0,0.0,0.0,0.0,0.0,0.0,0.0,0.0,0.0,0.0,0.0,0.0,0.0,0.0,0.0,0.0,0.0,0.02754496567168269
