2026-09-30T01:54:18.288 0.0,0.0,0.0,0.0,0.0,-0.32
2026-09-30T01:54:18.336 0.0,0.0,0.0,0.0,0.0,-0.48
2026-09-30T01:54:18.386 0.0,0.0,0.0,0.0,0.0,-0.64
2026-09-30T01:54:18.438 0.0,0.0,0.0,0.0,0.0,-0.7
2026-09-30T01:54:18.489 0.0,0.0,0.0,0.0,0.0,-0.7
2026-09-30T01:54:18.536 0.0,0.0,0.0,0.0,0.0,-0.7
2026-09-30T01:54:18.586 0.0,0.0,0.0,0.0,0.0,-0.7
2026-09-30T01:54:18.636 0.0,0.0,0.0,0.0,0.0,-0.7
2026-09-30T01:54:18.686 0.0,0.0,0.0,0.0,0.0,-0.7
2026-09-30T01:54:18.747 0.0,0.0,0.0,0.0,0.0,-0.7
2026-09-30T01:54:18.786 0.0,0.0,0.0,0.0,0.0,-0.7
2026-09-30T01:54:18.836 0.0,0.0,0.0,0.0,0.0,-0.7
2026-09-30T01:54:18.886 0.0,0.0,0.0,0.0,0.0,-0.7
2026-09-30T01:54:18.936 0.0,0.0,0.0,0.0,0.0,-0.5399999999999999
2026-09-30T01:54:18.986 0.0,0.0,0.0,0.0,0.0,-0.3799999999999999
2026-09-30T01:54:19.046 0.0,0.0,0.0,0.0,0.0,-0.5399999999999999
2026-09-30T01:54:19.086 0.0,0.0,0.0,0.0,0.0,-0.7
2026-09-30T01:54:19.136 0.0,0.0,0.0,0.0,0.0,-0.7
2026-09-30T01:54:19.187 0.0,0.0,0.0,0.0,0.0,-0.7
2026-09-30T01:54:19.236 0.0,0.0,0.0,0.0,0.0,-0.7
2026-09-30T01:54:19.286 0.0,0.0,0.0,0.0,0.0,-0.7
2026-09-30T01:54:19.336 0.0,0.0,0.0,0.0,0.0,-0.7
2026-09-30T01:54:19.386 0.0,0.0,0.0,0.0,0.0,-0.7
2026-09-30T01:54:19.446 0.0,0.0,0.0,0.0,0.0,-0.7
2026-09-30T01:54:19.486 0.0,0.0,0.0,0.0,0.0,-0.7
2026-09-30T01:54:19.546 0.0,0.0,0.0,0.0,0.0,-0.7
2026-09-30T01:54:19.586 0.0,0.0,0.0,0.0,0.0,-0.7
2026-09-30T01:54:19.636 0.0,0.0,0.0,0.0,0.0,-0.7
2026-09-30T01:54:19.686 0.0,0.0,0.0,0.0,0.0,-0.7
2026-09-30T01:54:19.736 0.0,0.0,0.0,0.0,0.0,-0.7
2026-09-30T01:54:19.786 0.0,0.0,0.0,0.0,0.0,-0.7
2026-09-30T01:54:19.836 0.0,0.0,0.0,0.0,0.0,-0.7
2026-09-30T01:54:19.886 0.0,0.0,0.0,0.0,0.0,-0.7
2026-09-30T01:54:19.937 0.0,0.0,0.0,0.0,0.0,-0.7
2026-09-30T01:54:19.986 0.0,0.0,0.0,0.0,0.0,-0.7
2026-09-30T01:54:20.036 0.0,0.0,0.0,0.0,0.0,-0.7
2026-09-30T01:54:20.086 0.0,0.0,0.0,0.0,0.0,-0.7
2026-09-30T01:54:20.136 0.0,0.0,0.0,0.0,0.0,-0.7
2026-09-30T01:54:20.186 0.0,0.0,0.0,0.0,0.0,-0.7
2026-09-30T01:54:20.236 0.0,0.0,0.0,0.0,0.0,-0.7
2026-09-30T01:54:20.286 0.0,0.0,0.0,0.0,0.0,-0.7
2026-09-30T01:54:20.336 0.0,0.0,0.0,0.0,0.0,-0.7
2026-09-30T01:54:20.386 0.0,0.0,0.0,0.0,0.0,-0.7
2026-09-30T01:54:20.436 0.0,0.0,0.0,0.0,0.0,-0.7
2026-09-30T01:54:20.486 0.0,0.0,0.0,0.0,0.0,-0.7
2026-09-30T01:54:20.536 0.0,0.0,0.0,0.0,0.0,-0.6263157894736842
2026-09-30T01:54:20.586 0.0,0.0,0.0,0.0,0.0,-0.6263157894736842
2026-09-30T01:54:20.636 0.0,0.0,0.0,0.0,0.0,-0.6263157894736842
2026-09-30T01:54:20.686 0.0,0.0,0.0,0.0,0.0,-0.6263157894736842
2026-09-30T01:54:20.736 0.0,0.0,0.0,0.0,0.0,-0.6263157894736842
2026-09-30T01:54:20.786 0.0,0.0,0.0,0.0,0.0,-0.6263157894736842
2026-09-30T01:54:20.838 0.0,0.0,0.0,0.0,0.0,-0.6263157894736842
2026-09-30T01:54:20.886 0.0,0.0,0.0,0.0,0.0,-0.6263157894736842
2026-09-30T01:54:20.946 0.0,0.0,0.0,0.0,0.0,-0.6263157894736842
2026-09-30T01:54:20.986 0.0,0.0,0.0,0.0,0.0,-0.6263157894736842
2026-09-30T01:54:21.036 0.0,0.0,0.0,0.0,0.0,-0.6263157894736842
2026-09-30T01:54:21.086 0.0,0.0,0.0,0.0,0.0,-0.6263157894736842
2026-09-30T01:54:21.146 0.0,0.0,0.0,0.0,0.0,-0.6263157894736842
2026-09-30T01:54:21.186 0.0,0.0,0.0,0.0,0.0,-0.6263157894736842
2026-09-30T01:54:21.236 0.0,0.0,0.0,0.0,0.0,-0.6263157894736842
2026-09-30T01:54:21.286 0.0,0.0,0.0,0.0,0.0,-0.7
2026-09-30T01:54:21.336 0.0,0.0,0.0,0.0,0.0,-0.5399999999999999
2026-09-30T01:54:21.385 0.0,0.0,0.0,0.0,0.0,-0.3799999999999999
2026-09-30T01:54:21.438 0.0,0.0,0.0,0.0,0.0,-0.2199999999999999
2026-09-30T01:54:21.486 0.0,0.0,0.0,0.0,0.0,-0.3799999999999999
2026-09-30T01:54:21.536 0.0,0.0,0.0,0.0,0.0,-0.5399999999999999
2026-09-30T01:54:21.586 0.0,0.0,0.0,0.0,0.0,-0.7
2026-09-30T01:54:21.636 0.0,0.0,0.0,0.0,0.0,-0.7
2026-09-30T01:54:21.686 0.0,0.0,0.0,0.0,0.0,-0.7
2026-09-30T01:54:21.736 0.0,0.0,0.0,0.0,0.0,-0.7
2026-09-30T01:54:21.786 0.0,0.0,0.0,0.0,0.0,-0.7
2026-09-30T01:54:21.836 0.0,0.0,0.0,0.0,0.0,-0.7
2026-09-30T01:54:21.886 0.0,0.0,0.0,0.0,0.0,-0.7
2026-09-30T01:54:21.936 0.0,0.0,0.0,0.0,0.0,-0.7
2026-09-30T01:54:21.986 0.0,0.0,0.0,0.0,0.0,-0.7
2026-09-30T01:54:22.036 0.0,0.0,0.0,0.0,0.0,-0.7
2026-09-30T01:54:22.086 0.0,0.0,0.0,0.0,0.0,-0.7
2026-09-30T01:54:22.136 0.0,0.0,0.0,0.0,0.0,-0.7
2026-09-30T01:54:22.186 0.0,0.0,0.0,0.0,0.0,-0.7
2026-09-30T01:54:22.236 0.0,0.0,0.0,0.0,0.0,-0.7
2026-09-30T01:54:22.286 0.0,0.0,0.0,0.0,0.0,-0.7
2026-09-30T01:54:22.336 0.0,0.0,0.0,0.0,0.0,-0.7
2026-09-30T01:54:22.386 0.0,0.0,0.0,0.0,0.0,-0.7
2026-09-30T01:54:22.436 0.0,0.0,0.0,0.0,0.0,-0.7
2026-09-30T01:54:22.486 0.0,0.0,0.0,0.0,0.0,-0.7
2026-09-30T01:54:22.536 0.0,0.0,0.0,0.0,0.0,-0.7
2026-09-30T01:54:22.586 0.0,0.0,0.0,0.0,0.0,-0.7
2026-09-30T01:54:22.646 0.0,0.0,0.0,0.0,0.0,-0.7
2026-09-30T01:54:22.686 0.0,0.0,0.0,0.0,0.0,-0.7
2026-09-30T01:54:22.736 0.0,0.0,0.0,0.0,0.0,-0.7
2026-09-30T01:54:22.786 0.0,0.0,0.0,0.0,0.0,-0.7
2026-09-30T01:54:22.836 0.0,0.0,0.0,0.0,0.0,-0.7
2026-09-30T01:54:22.886 0.0,0.0,0.0,0.0,0.0,-0.7
2026-09-30T01:54:22.946 0.0,0.0,0.0,0.0,0.0,-0.7
2026-09-30T01:54:22.986 0.0,0.0,0.0,0.0,0.0,-0.7
2026-09-30T01:54:23.036 0.0,0.0,0.0,0.0,0.0,-0.7
2026-09-30T01:54:23.086 0.0,0.0,0.0,0.0,0.0,-0.7
2026-09-30T01:54:23.136 0.0,0.0,0.0,0.0,0.0,-0.7
2026-09-30T01:54:23.196 0.0,0.0,0.0,0.0,0.0,-0.7
2026-09-30T01:54:23.236 0.0,0.0,0.0,0.0,0.0,-0.7
2026-09-30T01:54:23.287 0.0,0.0,0.0,0.0,0.0,-0.7
2026-09-30T01:54:23.336 0.0,0.0,0.0,0.0,0.0,-0.7
2026-09-30T01:54:23.386 0.0,0.0,0.0,0.0,0.0,-0.7
2026-09-30T01:54:23.436 0.0,0.0,0.0,0.0,0.0,-0.7
2026-09-30T01:54:23.486 0.0,0.0,0.0,0.0,0.0,-0.7
2026-09-30T01:54:23.536 0.0,0.0,0.0,0.0,0.0,-0.7
2026-09-30T01:54:23.586 0.0,0.0,0.0,0.0,0.0,-0.7
2026-09-30T01:54:23.636 0.0,0.0,0.0,0.0,0.0,-0.7
2026-09-30T01:54:23.686 0.0,0.0,0.0,0.0,0.0,-0.7
2026-09-30T01:54:23.736 0.0,0.0,0.0,0.0,0.0,-0.7
2026-09-30T01:54:23.786 0.0,0.0,0.0,0.0,0.0,-0.7
2026-09-30T01:54:23.836 0.0,0.0,0.0,0.0,0.0,-0.7
2026-09-30T01:54:23.886 0.0,0.0,0.0,0.0,0.0,-0.7
2026-09-30T01:54:23.936 0.0,0.0,0.0,0.0,0.0,-0.7
2026-09-30T01:54:23.986 0.0,0.0,0.0,0.0,0.0,-0.7
2026-09-30T01:54:24.036 0.0,0.0,0.0,0.0,0.0,-0.7
2026-09-30T01:54:24.086 0.0,0.0,0.0,0.0,0.0,-0.7
2026-09-30T01:54:24.136 0.0,0.0,0.0,0.0,0.0,-0.7
2026-09-30T01:54:24.186 0.0,0.0,0.0,0.0,0.0,-0.7
2026-09-30T01:54:24.236 0.0,0.0,0.0,0.0,0.0,-0.7
2026-09-30T01:54:24.286 0.0,0.0,0.0,0.0,0.0,-0.7
2026-09-30T01:54:24.336 0.0,0.0,0.0,0.0,0.0,-0.7
2026-09-30T01:54:24.386 0.0,0.0,0.0,0.0,0.0,-0.7
2026-09-30T01:54:24.436 0.0,0.0,0.0,0.0,0.0,-0.7
2026-09-30T01:54:24.486 0.0,0.0,0.0,0.0,0.0,-0.7
2026-09-30T01:54:24.536 0.0,0.0,0.0,0.0,0.0,-0.7
2026-09-30T01:54:24.586 0.0,0.0,0.0,0.0,0.0,-0.7
2026-09-30T01:54:24.635 0.0,0.0,0.0,0.0,0.0,-0.7
2026-09-30T01:54:24.686 0.0,0.0,0.0,0.0,0.0,-0.7
2026-09-30T01:54:24.736 0.0,0.0,0.0,0.0,0.0,-0.7
2026-09-30T01:54:24.786 0.0,0.0,0.0,0.0,0.0,-0.7
2026-09-30T01:54:24.836 0.0,0.0,0.0,0.0,0.0,-0.7
2026-09-30T01:54:24.886 0.0,0.0,0.0,0.0,0.0,-0.7
2026-09-30T01:54:24.936 0.0,0.0,0.0,0.0,0.0,-0.7
2026-09-30T01:54:24.986 0.0,0.0,0.0,0.0,0.0,-0.7
2026-09-30T01:54:25.036 0.0,0.0,0.0,0.0,0.0,-0.7
2026-09-30T01:54:25.086 0.0,0.0,0.0,0.0,0.0,-0.7
2026-09-30T01:54:25.136 0.0,0.0,0.0,0.0,0.0,-0.7
2026-09-30T01:54:25.186 0.0,0.0,0.0,0.0,0.0,-0.7
2026-09-30T01:54:25.236 0.0,0.0,0.0,0.0,0.0,-0.7
2026-09-30T01:54:25.286 0.0,0.0,0.0,0.0,0.0,-0.7
2026-09-30T01:54:25.336 0.0,0.0,0.0,0.0,0.0,-0.7
2026-09-30T01:54:25.386 0.0,0.0,0.0,0.0,0.0,-0.7
2026-09-30T01:54:25.436 0.0,0.0,0.0,0.0,0.0,-0.7
2026-09-30T01:54:25.486 0.0,0.0,0.0,0.0,0.0,-0.7
2026-09-30T01:54:25.536 0.0,0.0,0.0,0.0,0.0,-0.7
2026-09-30T01:54:25.586 0.0,0.0,0.0,0.0,0.0,-0.7
2026-09-30T01:54:25.636 0.0,0.0,0.0,0.0,0.0,-0.7
2026-09-30T01:54:25.686 0.0,0.0,0.0,0.0,0.0,-0.7
2026-09-30T01:54:25.735 0.0,0.0,0.0,0.0,0.0,-0.7
2026-09-30T01:54:25.785 0.0,0.0,0.0,0.0,0.0,-0.7
2026-09-30T01:54:25.836 0.0,0.0,0.0,0.0,0.0,-0.7
2026-09-30T01:54:25.886 0.0,0.0,0.0,0.0,0.0,-0.7
2026-09-30T01:54:25.936 0.0,0.0,0.0,0.0,0.0,-0.7
2026-09-30T01:54:25.986 0.0,0.0,0.0,0.0,0.0,-0.7
2026-09-30T01:54:26.036 0.0,0.0,0.0,0.0,0.0,-0.7
2026-09-30T01:54:26.086 0.0,0.0,0.0,0.0,0.0,-0.7
2026-09-30T01:54:26.136 0.0,0.0,0.0,0.0,0.0,-0.7
2026-09-30T01:54:26.196 0.0,0.0,0.0,0.0,0.0,-0.7
2026-09-30T01:54:26.236 0.0,0.0,0.0,0.0,0.0,-0.7
2026-09-30T01:54:26.286 0.0,0.0,0.0,0.0,0.0,-0.7
2026-09-30T01:54:26.346 0.0,0.0,0.0,0.0,0.0,-0.7
2026-09-30T01:54:26.386 0.0,0.0,0.0,0.0,0.0,-0.7
2026-09-30T01:54:26.436 0.0,0.0,0.0,0.0,0.0,-0.7
2026-09-30T01:54:26.486 0.0,0.0,0.0,0.0,0.0,-0.7
2026-09-30T01:54:26.536 0.0,0.0,0.0,0.0,0.0,-0.7
2026-09-30T01:54:26.586 0.0,0.0,0.0,0.0,0.0,-0.7
2026-09-30T01:54:26.636 0.0,0.0,0.0,0.0,0.0,-0.7
2026-09-30T01:54:26.686 0.0,0.0,0.0,0.0,0.0,-0.7
2026-09-30T01:54:26.736 0.0,0.0,0.0,0.0,0.0,-0.7
2026-09-30T01:54:26.786 0.0,0.0,0.0,0.0,0.0,-0.7
2026-09-30T01:54:26.836 0.0,0.0,0.0,0.0,0.0,-0.7
2026-09-30T01:54:26.886 0.0,0.0,0.0,0.0,0.0,-0.7
2026-09-30T01:54:26.936 0.0,0.0,0.0,0.0,0.0,-0.7
2026-09-30T01:54:26.986 0.0,0.0,0.0,0.0,0.0,-0.7
2026-09-30T01:54:27.036 0.0,0.0,0.0,0.0,0.0,-0.7
2026-09-30T01:54:27.086 0.0,0.0,0.0,0.0,0.0,-0.7
2026-09-30T01:54:27.136 0.0,0.0,0.0,0.0,0.0,-0.7
2026-09-30T01:54:27.186 0.0,0.0,0.0,0.0,0.0,-0.7
2026-09-30T01:54:27.236 0.0,0.0,0.0,0.0,0.0,-0.7
2026-09-30T01:54:27.286 0.0,0.0,0.0,0.0,0.0,-0.7
2026-09-30T01:54:27.336 0.0,0.0,0.0,0.0,0.0,-0.7
2026-09-30T01:54:27.386 0.0,0.0,0.0,0.0,0.0,-0.7
2026-09-30T01:54:27.436 0.0,0.0,0.0,0.0,0.0,-0.7
2026-09-30T01:54:27.486 0.125,0.0,0.0,0.0,0.0,-0.7
2026-09-30T01:54:27.536 0.25,0.0,0.0,0.0,0.0,-0.7
2026-09-30T01:54:27.596 0.375,0.0,0.0,0.0,0.0,-0.7
2026-09-30T01:54:27.636 0.5,0.0,0.0,0.0,0.0,-0.7
2026-09-30T01:54:27.686 0.625,0.0,0.0,0.0,0.0,-0.7
2026-09-30T01:54:27.746 0.75,0.0,0.0,0.0,0.0,-0.7
2026-09-30T01:54:27.786 0.8,0.0,0.0,0.0,0.0,-0.7
2026-09-30T01:54:27.836 0.8,0.0,0.0,0.0,0.0,-0.7
2026-09-30T01:54:27.886 0.8,0.0,0.0,0.0,0.0,-0.7
2026-09-30T01:54:27.936 0.8,0.0,0.0,0.0,0.0,-0.7
2026-09-30T01:54:27.986 0.8,0.0,0.0,0.0,0.0,-0.7
2026-09-30T01:54:28.036 0.8,0.0,0.0,0.0,0.0,-0.7
2026-09-30T01:54:28.086 0.8,0.0,0.0,0.0,0.0,-0.7
2026-09-30T01:54:28.136 0.8,0.0,0.0,0.0,0.0,-0.7
2026-09-30T01:54:28.186 0.8,0.0,0.0,0.0,0.0,-0.7
2026-09-30T01:54:28.236 0.8,0.0,0.0,0.0,0.0,-0.7
2026-09-30T01:54:28.296 0.8,0.0,0.0,0.0,0.0,-0.7
2026-09-30T01:54:28.336 0.8,0.0,0.0,0.0,0.0,-0.7
2026-09-30T01:54:28.386 0.8,0.0,0.0,0.0,0.0,-0.7
2026-09-30T01:54:28.436 0.8,0.0,0.0,0.0,0.0,-0.7
2026-09-30T01:54:28.486 0.8,0.0,0.0,0.0,0.0,-0.7
2026-09-30T01:54:28.536 0.8,0.0,0.0,0.0,0.0,-0.6263157894736842
2026-09-30T01:54:28.586 0.8,0.0,0.0,0.0,0.0,-0.5526315789473684
2026-09-30T01:54:28.636 0.8,0.0,0.0,0.0,0.0,-0.5526315789473684
2026-09-30T01:54:28.686 0.8,0.0,0.0,0.0,0.0,-0.5526315789473684
2026-09-30T01:54:28.736 0.8,0.0,0.0,0.0,0.0,-0.5526315789473684
2026-09-30T01:54:28.786 0.8,0.0,0.0,0.0,0.0,-0.47894736842105257
2026-09-30T01:54:28.836 0.8,0.0,0.0,0.0,0.0,-0.5526315789473684
2026-09-30T01:54:28.886 0.8,0.0,0.0,0.0,0.0,-0.47894736842105257
2026-09-30T01:54:28.936 0.8,0.0,0.0,0.0,0.0,-0.40526315789473677
2026-09-30T01:54:28.996 0.8,0.0,0.0,0.0,0.0,-0.40526315789473677
2026-09-30T01:54:29.038 0.8,0.0,0.0,0.0,0.0,-0.40526315789473677
2026-09-30T01:54:29.086 0.8,0.0,0.0,0.0,0.0,-0.40526315789473677
2026-09-30T01:54:29.136 0.8,0.0,0.0,0.0,0.0,-0.40526315789473677
2026-09-30T01:54:29.186 0.8,0.0,0.0,0.0,0.0,-0.40526315789473677
2026-09-30T01:54:29.236 0.8,0.0,0.0,0.0,0.0,-0.40526315789473677
2026-09-30T01:54:29.286 0.8,0.0,0.0,0.0,0.0,-0.40526315789473677
2026-09-30T01:54:29.336 0.8,0.0,0.0,0.0,0.0,-0.40526315789473677
2026-09-30T01:54:29.386 0.8,0.0,0.0,0.0,0.0,-0.331578947368421
2026-09-30T01:54:29.436 0.8,0.0,0.0,0.0,0.0,-0.331578947368421
2026-09-30T01:54:29.486 0.8,0.0,0.0,0.0,0.0,-0.331578947368421
2026-09-30T01:54:29.536 0.8,0.0,0.0,0.0,0.0,-0.331578947368421
2026-09-30T01:54:29.586 0.8,0.0,0.0,0.0,0.0,-0.331578947368421
2026-09-30T01:54:29.636 0.8,0.0,0.0,0.0,0.0,-0.2578947368421052
2026-09-30T01:54:29.686 0.8,0.0,0.0,0.0,0.0,-0.331578947368421
2026-09-30T01:54:29.736 0.8,0.0,0.0,0.0,0.0,-0.331578947368421
2026-09-30T01:54:29.786 0.8,0.0,0.0,0.0,0.0,-0.2578947368421052
2026-09-30T01:54:29.838 0.8,0.0,0.0,0.0,0.0,-0.2578947368421052
2026-09-30T01:54:29.886 0.8,0.0,0.0,0.0,0.0,-0.2578947368421052
2026-09-30T01:54:29.935 0.8,0.0,0.0,0.0,0.0,-0.2578947368421052
2026-09-30T01:54:29.986 0.8,0.0,0.0,0.0,0.0,-0.2578947368421052
2026-09-30T01:54:30.036 0.8,0.0,0.0,0.0,0.0,-0.2578947368421052
2026-09-30T01:54:30.086 0.8,0.0,0.0,0.0,0.0,-0.2578947368421052
2026-09-30T01:54:30.136 0.8,0.0,0.0,0.0,0.0,-0.18421052631578938
2026-09-30T01:54:30.186 0.8,0.0,0.0,0.0,0.0,-0.18421052631578938
2026-09-30T01:54:30.236 0.8,0.0,0.0,0.0,0.0,-0.18421052631578938
2026-09-30T01:54:30.286 0.8,0.0,0.0,0.0,0.0,-0.18421052631578938
2026-09-30T01:54:30.346 0.8,0.0,0.0,0.0,0.0,-0.18421052631578938
2026-09-30T01:54:30.386 0.8,0.0,0.0,0.0,0.0,-0.18421052631578938
2026-09-30T01:54:30.436 0.8,0.0,0.0,0.0,0.0,-0.18421052631578938
2026-09-30T01:54:30.486 0.8,0.0,0.0,0.0,0.0,-0.024210526315789377
2026-09-30T01:54:30.536 0.8,0.0,0.0,0.0,0.0,0.0
2026-09-30T01:54:30.586 0.8,0.0,0.0,0.0,0.0,0.0
2026-09-30T01:54:30.636 0.8,0.0,0.0,0.0,0.0,0.0
2026-09-30T01:54:30.686 0.8,0.0,0.0,0.0,0.0,0.03684210526315797
2026-09-30T01:54:30.736 0.8,0.0,0.0,0.0,0.0,0.03684210526315797
2026-09-30T01:54:30.786 0.8,0.0,0.0,0.0,0.0,0.03684210526315797
2026-09-30T01:54:30.836 0.8,0.0,0.0,0.0,0.0,0.03684210526315797
2026-09-30T01:54:30.886 0.8,0.0,0.0,0.0,0.0,0.03684210526315797
2026-09-30T01:54:30.936 0.8,0.0,0.0,0.0,0.0,0.03684210526315797
2026-09-30T01:54:30.987 0.8,0.0,0.0,0.0,0.0,0.03684210526315797
2026-09-30T01:54:31.036 0.8,0.0,0.0,0.0,0.0,0.03684210526315797
2026-09-30T01:54:31.099 0.8,0.0,0.0,0.0,0.0,0.03684210526315797
2026-09-30T01:54:31.135 0.8,0.0,0.0,0.0,0.0,0.03684210526315797
2026-09-30T01:54:32.032 0.8,0.0,0.0,0.0,0.0,0.11052631578947375
2026-09-30T01:54:32.082 0.8,0.0,0.0,0.0,0.0,0.18421052631578955
2026-09-30T01:54:33.340 0.8,0.0,0.0,0.0,0.0,0.18421052631578955
2026-09-30T01:54:33.379 0.8,0.0,0.0,0.0,0.0,0.18421052631578955
2026-09-30T01:54:33.429 0.8,0.0,0.0,0.0,0.0,0.18421052631578955
2026-09-30T01:54:33.479 0.8,0.0,0.0,0.0,0.0,0.18421052631578955
2026-09-30T01:54:33.530 0.8,0.0,0.0,0.0,0.0,0.18421052631578955
2026-09-30T01:54:33.579 0.8,0.0,0.0,0.0,0.0,0.18421052631578955
2026-09-30T01:54:33.630 0.8,0.0,0.0,0.0,0.0,0.18421052631578955
2026-09-30T01:54:33.680 0.8,0.0,0.0,0.0,0.0,0.18421052631578955
2026-09-30T01:54:33.730 0.8,0.0,0.0,0.0,0.0,0.18421052631578955
2026-09-30T01:54:33.779 0.8,0.0,0.0,0.0,0.0,0.18421052631578955
2026-09-30T01:54:33.831 0.8,0.0,0.0,0.0,0.0,0.18421052631578955
2026-09-30T01:54:33.880 0.8,0.0,0.0,0.0,0.0,0.18421052631578955
2026-09-30T01:54:33.930 0.8,0.0,0.0,0.0,0.0,0.18421052631578955
2026-09-30T01:54:33.979 0.8,0.0,0.0,0.0,0.0,0.18421052631578955
2026-09-30T01:54:34.029 0.8,0.0,0.0,0.0,0.0,0.18421052631578955
2026-09-30T01:54:34.080 0.8,0.0,0.0,0.0,0.0,0.18421052631578955
2026-09-30T01:54:34.130 0.8,0.0,0.0,0.0,0.0,0.18421052631578955
2026-09-30T01:54:34.180 0.8,0.0,0.0,0.0,0.0,0.18421052631578955
2026-09-30T01:54:34.240 0.8,0.0,0.0,0.0,0.0,0.18421052631578955
2026-09-30T01:54:34.280 0.8,0.0,0.0,0.0,0.0,0.18421052631578955
2026-09-30T01:54:34.329 0.8,0.0,0.0,0.0,0.0,0.18421052631578955
2026-09-30T01:54:34.390 0.8,0.0,0.0,0.0,0.0,0.25789473684210534
2026-09-30T01:54:34.430 0.8,0.0,0.0,0.0,0.0,0.18421052631578955
2026-09-30T01:54:34.490 0.8,0.0,0.0,0.0,0.0,0.18421052631578955
2026-09-30T01:54:34.530 0.8,0.0,0.0,0.0,0.0,0.18421052631578955
2026-09-30T01:54:34.580 0.8,0.0,0.0,0.0,0.0,0.18421052631578955
2026-09-30T01:54:34.630 0.8,0.0,0.0,0.0,0.0,0.18421052631578955
2026-09-30T01:54:34.680 0.8,0.0,0.0,0.0,0.0,0.18421052631578955
2026-09-30T01:54:34.731 0.7578947368421055,0.0,0.0,0.0,0.0,0.18421052631578955
2026-09-30T01:54:34.792 0.8,0.0,0.0,0.0,0.0,0.18421052631578955
2026-09-30T01:54:34.830 0.8,0.0,0.0,0.0,0.0,0.18421052631578955
2026-09-30T01:54:34.880 0.8,0.0,0.0,0.0,0.0,0.18421052631578955
2026-09-30T01:54:34.929 0.8,0.0,0.0,0.0,0.0,0.18421052631578955
2026-09-30T01:54:34.980 0.8,0.0,0.0,0.0,0.0,0.18421052631578955
2026-09-30T01:54:35.029 0.8,0.0,0.0,0.0,0.0,0.18421052631578955
2026-09-30T01:54:35.080 0.8,0.0,0.0,0.0,0.0,0.18421052631578955
2026-09-30T01:54:35.130 0.8,0.0,0.0,0.0,0.0,0.11052631578947375
2026-09-30T01:54:35.180 0.8,0.0,0.0,0.0,0.0,0.11052631578947375
2026-09-30T01:54:35.230 0.8,0.0,0.0,0.0,0.0,0.11052631578947375
2026-09-30T01:54:35.280 0.8,0.0,0.0,0.0,0.0,0.11052631578947375
2026-09-30T01:54:35.330 0.8,0.0,0.0,0.0,0.0,0.11052631578947375
2026-09-30T01:54:35.380 0.8,0.0,0.0,0.0,0.0,0.11052631578947375
2026-09-30T01:54:35.430 0.8,0.0,0.0,0.0,0.0,0.18421052631578955
2026-09-30T01:54:35.480 0.8,0.0,0.0,0.0,0.0,0.11052631578947375
2026-09-30T01:54:35.540 0.8,0.0,0.0,0.0,0.0,0.11052631578947375
2026-09-30T01:54:35.580 0.8,0.0,0.0,0.0,0.0,0.11052631578947375
2026-09-30T01:54:35.640 0.8,0.0,0.0,0.0,0.0,0.11052631578947375
2026-09-30T01:54:35.680 0.8,0.0,0.0,0.0,0.0,0.03684210526315797
2026-09-30T01:54:35.730 0.8,0.0,0.0,0.0,0.0,0.03684210526315797
2026-09-30T01:54:35.780 0.8,0.0,0.0,0.0,0.0,0.03684210526315797
2026-09-30T01:54:35.830 0.8,0.0,0.0,0.0,0.0,0.0
2026-09-30T01:54:35.879 0.8,0.0,0.0,0.0,0.0,0.0
2026-09-30T01:54:35.930 0.8,0.0,0.0,0.0,0.0,0.03684210526315797
2026-09-30T01:54:35.980 0.8,0.0,0.0,0.0,0.0,0.11052631578947375
2026-09-30T01:54:36.030 0.8,0.0,0.0,0.0,0.0,0.11052631578947375
2026-09-30T01:54:36.080 0.8,0.0,0.0,0.0,0.0,0.11052631578947375
2026-09-30T01:54:36.129 0.8,0.0,0.0,0.0,0.0,0.11052631578947375
2026-09-30T01:54:36.180 0.8,0.0,0.0,0.0,0.0,0.11052631578947375
2026-09-30T01:54:36.230 0.8,0.0,0.0,0.0,0.0,0.03684210526315797
2026-09-30T01:54:36.280 0.8,0.0,0.0,0.0,0.0,0.11052631578947375
2026-09-30T01:54:36.330 0.8,0.0,0.0,0.0,0.0,0.03684210526315797
2026-09-30T01:54:36.380 0.8,0.0,0.0,0.0,0.0,0.03684210526315797
2026-09-30T01:54:36.430 0.8,0.0,0.0,0.0,0.0,-0.12315789473684204
2026-09-30T01:54:36.480 0.8,0.0,0.0,0.0,0.0,-0.18421052631578938
2026-09-30T01:54:36.530 0.8,0.0,0.0,0.0,0.0,-0.18421052631578938
2026-09-30T01:54:36.581 0.8,0.0,0.0,0.0,0.0,-0.18421052631578938
2026-09-30T01:54:36.629 0.8,0.0,0.0,0.0,0.0,-0.18421052631578938
2026-09-30T01:54:36.680 0.8,0.0,0.0,0.0,0.0,-0.18421052631578938
2026-09-30T01:54:36.730 0.8,0.0,0.0,0.0,0.0,-0.2578947368421052
2026-09-30T01:54:36.780 0.8,0.0,0.0,0.0,0.0,-0.2578947368421052
2026-09-30T01:54:36.829 0.8,0.0,0.0,0.0,0.0,-0.2578947368421052
2026-09-30T01:54:36.879 0.8,0.0,0.0,0.0,0.0,-0.2578947368421052
2026-09-30T01:54:36.929 0.8,0.0,0.0,0.0,0.0,-0.2578947368421052
2026-09-30T01:54:36.979 0.8,0.0,0.0,0.0,0.0,-0.2578947368421052
2026-09-30T01:54:37.030 0.8,0.0,0.0,0.0,0.0,-0.2578947368421052
2026-09-30T01:54:37.080 0.8,0.0,0.0,0.0,0.0,-0.2578947368421052
2026-09-30T01:54:37.130 0.8,0.0,0.0,0.0,0.0,-0.2578947368421052
2026-09-30T01:54:37.180 0.8,0.0,0.0,0.0,0.0,-0.2578947368421052
2026-09-30T01:54:37.229 0.8,0.0,0.0,0.0,0.0,-0.2578947368421052
2026-09-30T01:54:37.280 0.8,0.0,0.0,0.0,0.0,-0.2578947368421052
2026-09-30T01:54:37.340 0.8,0.0,0.0,0.0,0.0,-0.331578947368421
2026-09-30T01:54:37.380 0.8,0.0,0.0,0.0,0.0,-0.331578947368421
2026-09-30T01:54:37.429 0.8,0.0,0.0,0.0,0.0,-0.331578947368421
2026-09-30T01:54:37.480 0.8,0.0,0.0,0.0,0.0,-0.331578947368421
2026-09-30T01:54:37.530 0.8,0.0,0.0,0.0,0.0,-0.331578947368421
2026-09-30T01:54:37.580 0.8,0.0,0.0,0.0,0.0,-0.331578947368421
2026-09-30T01:54:37.629 0.8,0.0,0.0,0.0,0.0,-0.331578947368421
2026-09-30T01:54:37.680 0.8,0.0,0.0,0.0,0.0,-0.331578947368421
2026-09-30T01:54:37.730 0.8,0.0,0.0,0.0,0.0,-0.331578947368421
2026-09-30T01:54:37.780 0.8,0.0,0.0,0.0,0.0,-0.331578947368421
2026-09-30T01:54:37.829 0.8,0.0,0.0,0.0,0.0,-0.331578947368421
2026-09-30T01:54:37.879 0.8,0.0,0.0,0.0,0.0,-0.331578947368421
2026-09-30T01:54:37.930 0.8,0.0,0.0,0.0,0.0,-0.331578947368421
2026-09-30T01:54:37.979 0.8,0.0,0.0,0.0,0.0,-0.331578947368421
2026-09-30T01:54:38.029 0.8,0.0,0.0,0.0,0.0,-0.331578947368421
2026-09-30T01:54:38.080 0.8,0.0,0.0,0.0,0.0,-0.331578947368421
2026-09-30T01:54:38.129 0.8,0.0,0.0,0.0,0.0,-0.331578947368421
2026-09-30T01:54:38.190 0.8,0.0,0.0,0.0,0.0,-0.331578947368421
2026-09-30T01:54:38.241 0.8,0.0,0.0,0.0,0.0,-0.331578947368421
2026-09-30T01:54:38.280 0.8,0.0,0.0,0.0,0.0,-0.331578947368421
2026-09-30T01:54:38.329 0.7578947368421055,0.0,0.0,0.0,0.0,-0.2578947368421052
2026-09-30T01:54:38.380 0.8,0.0,0.0,0.0,0.0,-0.331578947368421
2026-09-30T01:54:38.430 0.8,0.0,0.0,0.0,0.0,-0.331578947368421
2026-09-30T01:54:38.480 0.8,0.0,0.0,0.0,0.0,-0.331578947368421
2026-09-30T01:54:38.529 0.8,0.0,0.0,0.0,0.0,-0.331578947368421
2026-09-30T01:54:38.580 0.8,0.0,0.0,0.0,0.0,-0.331578947368421
2026-09-30T01:54:38.630 0.8,0.0,0.0,0.0,0.0,-0.331578947368421
2026-09-30T01:54:38.679 0.8,0.0,0.0,0.0,0.0,-0.331578947368421
2026-09-30T01:54:38.729 0.8,0.0,0.0,0.0,0.0,-0.331578947368421
2026-09-30T01:54:38.779 0.8,0.0,0.0,0.0,0.0,-0.331578947368421
2026-09-30T01:54:38.830 0.8,0.0,0.0,0.0,0.0,-0.331578947368421
2026-09-30T01:54:38.880 0.8,0.0,0.0,0.0,0.0,-0.331578947368421
2026-09-30T01:54:38.929 0.8,0.0,0.0,0.0,0.0,-0.331578947368421
2026-09-30T01:54:38.979 0.8,0.0,0.0,0.0,0.0,-0.331578947368421
2026-09-30T01:54:39.029 0.8,0.0,0.0,0.0,0.0,-0.331578947368421
2026-09-30T01:54:39.080 0.8,0.0,0.0,0.0,0.0,-0.331578947368421
2026-09-30T01:54:39.129 0.8,0.0,0.0,0.0,0.0,-0.331578947368421
2026-09-30T01:54:39.179 0.8,0.0,0.0,0.0,0.0,-0.2578947368421052
2026-09-30T01:54:39.230 0.8,0.0,0.0,0.0,0.0,-0.2578947368421052
2026-09-30T01:54:39.279 0.8,0.0,0.0,0.0,0.0,-0.2578947368421052
2026-09-30T01:54:39.329 0.8,0.0,0.0,0.0,0.0,-0.2578947368421052
2026-09-30T01:54:39.380 0.8,0.0,0.0,0.0,0.0,-0.2578947368421052
2026-09-30T01:54:39.429 0.8,0.0,0.0,0.0,0.0,-0.2578947368421052
2026-09-30T01:54:39.479 0.8,0.0,0.0,0.0,0.0,-0.18421052631578938
2026-09-30T01:54:39.530 0.8,0.0,0.0,0.0,0.0,-0.2578947368421052
2026-09-30T01:54:39.580 0.8,0.0,0.0,0.0,0.0,-0.2578947368421052
2026-09-30T01:54:39.630 0.8,0.0,0.0,0.0,0.0,-0.2578947368421052
2026-09-30T01:54:39.680 0.8,0.0,0.0,0.0,0.0,-0.2578947368421052
2026-09-30T01:54:39.730 0.8,0.0,0.0,0.0,0.0,-0.2578947368421052
2026-09-30T01:54:39.780 0.8,0.0,0.0,0.0,0.0,-0.2578947368421052
2026-09-30T01:54:39.830 0.8,0.0,0.0,0.0,0.0,-0.2578947368421052
2026-09-30T01:54:39.879 0.8,0.0,0.0,0.0,0.0,-0.18421052631578938
2026-09-30T01:54:39.929 0.8,0.0,0.0,0.0,0.0,-0.18421052631578938
2026-09-30T01:54:39.980 0.8,0.0,0.0,0.0,0.0,-0.18421052631578938
2026-09-30T01:54:40.029 0.8,0.0,0.0,0.0,0.0,-0.18421052631578938
2026-09-30T01:54:40.080 0.8,0.0,0.0,0.0,0.0,-0.18421052631578938
2026-09-30T01:54:40.132 0.8,0.0,0.0,0.0,0.0,-0.18421052631578938
2026-09-30T01:54:40.182 0.8,0.0,0.0,0.0,0.0,-0.18421052631578938
2026-09-30T01:54:40.232 0.8,0.0,0.0,0.0,0.0,-0.18421052631578938
2026-09-30T01:54:40.280 0.8,0.0,0.0,0.0,0.0,-0.18421052631578938
2026-09-30T01:54:40.330 0.8,0.0,0.0,0.0,0.0,-0.18421052631578938
2026-09-30T01:54:40.380 0.8,0.0,0.0,0.0,0.0,-0.18421052631578938
2026-09-30T01:54:40.429 0.8,0.0,0.0,0.0,0.0,-0.18421052631578938
2026-09-30T01:54:40.480 0.8,0.0,0.0,0.0,0.0,-0.18421052631578938
2026-09-30T01:54:40.530 0.8,0.0,0.0,0.0,0.0,-0.331578947368421
2026-09-30T01:54:40.579 0.8,0.0,0.0,0.0,0.0,-0.331578947368421
2026-09-30T01:54:40.629 0.8,0.0,0.0,0.0,0.0,-0.2578947368421052
2026-09-30T01:54:40.679 0.8,0.0,0.0,0.0,0.0,-0.2578947368421052
2026-09-30T01:54:40.729 0.8,0.0,0.0,0.0,0.0,-0.2578947368421052
2026-09-30T01:54:40.779 0.8,0.0,0.0,0.0,0.0,-0.2578947368421052
2026-09-30T01:54:40.841 0.8,0.0,0.0,0.0,0.0,-0.2578947368421052
2026-09-30T01:54:40.879 0.8,0.0,0.0,0.0,0.0,-0.331578947368421
2026-09-30T01:54:40.931 0.8,0.0,0.0,0.0,0.0,-0.331578947368421
2026-09-30T01:54:40.980 0.8,0.0,0.0,0.0,0.0,-0.331578947368421
2026-09-30T01:54:41.029 0.8,0.0,0.0,0.0,0.0,-0.2578947368421052
2026-09-30T01:54:41.080 0.8,0.0,0.0,0.0,0.0,-0.2578947368421052
2026-09-30T01:54:41.132 0.8,0.0,0.0,0.0,0.0,-0.2578947368421052
2026-09-30T01:54:41.180 0.8,0.0,0.0,0.0,0.0,-0.2578947368421052
2026-09-30T01:54:41.230 0.8,0.0,0.0,0.0,0.0,-0.2578947368421052
2026-09-30T01:54:41.280 0.8,0.0,0.0,0.0,0.0,-0.2578947368421052
2026-09-30T01:54:41.330 0.8,0.0,0.0,0.0,0.0,-0.2578947368421052
2026-09-30T01:54:41.379 0.8,0.0,0.0,0.0,0.0,-0.2578947368421052
2026-09-30T01:54:41.430 0.8,0.0,0.0,0.0,0.0,-0.2578947368421052
2026-09-30T01:54:41.479 0.8,0.0,0.0,0.0,0.0,-0.2578947368421052
2026-09-30T01:54:41.529 0.8,0.0,0.0,0.0,0.0,-0.2578947368421052
2026-09-30T01:54:41.580 0.8,0.0,0.0,0.0,0.0,-0.18421052631578938
2026-09-30T01:54:41.630 0.8,0.0,0.0,0.0,0.0,-0.18421052631578938
2026-09-30T01:54:41.680 0.8,0.0,0.0,0.0,0.0,-0.2578947368421052
2026-09-30T01:54:41.731 0.8,0.0,0.0,0.0,0.0,-0.18421052631578938
2026-09-30T01:54:41.779 0.8,0.0,0.0,0.0,0.0,-0.2578947368421052
2026-09-30T01:54:41.829 0.8,0.0,0.0,0.0,0.0,-0.18421052631578938
2026-09-30T01:54:41.880 0.8,0.0,0.0,0.0,0.0,-0.18421052631578938
2026-09-30T01:54:41.930 0.8,0.0,0.0,0.0,0.0,-0.18421052631578938
2026-09-30T01:54:41.979 0.8,0.0,0.0,0.0,0.0,-0.18421052631578938
2026-09-30T01:54:42.029 0.8,0.0,0.0,0.0,0.0,-0.18421052631578938
2026-09-30T01:54:42.079 0.8,0.0,0.0,0.0,0.0,-0.18421052631578938
2026-09-30T01:54:42.130 0.8,0.0,0.0,0.0,0.0,-0.18421052631578938
2026-09-30T01:54:42.190 0.8,0.0,0.0,0.0,0.0,-0.2578947368421052
2026-09-30T01:54:42.240 0.8,0.0,0.0,0.0,0.0,-0.2578947368421052
2026-09-30T01:54:42.279 0.8,0.0,0.0,0.0,0.0,-0.18421052631578938
2026-09-30T01:54:42.330 0.8,0.0,0.0,0.0,0.0,-0.18421052631578938
2026-09-30T01:54:42.379 0.8,0.0,0.0,0.0,0.0,-0.18421052631578938
2026-09-30T01:54:42.430 0.8,0.0,0.0,0.0,0.0,-0.18421052631578938
2026-09-30T01:54:42.479 0.8,0.0,0.0,0.0,0.0,-0.18421052631578938
2026-09-30T01:54:42.530 0.8,0.0,0.0,0.0,0.0,-0.18421052631578938
2026-09-30T01:54:42.580 0.8,0.0,0.0,0.0,0.0,-0.18421052631578938
2026-09-30T01:54:42.629 0.8,0.0,0.0,0.0,0.0,-0.18421052631578938
2026-09-30T01:54:42.679 0.8,0.0,0.0,0.0,0.0,-0.18421052631578938
2026-09-30T01:54:42.729 0.8,0.0,0.0,0.0,0.0,-0.18421052631578938
2026-09-30T01:54:42.780 0.8,0.0,0.0,0.0,0.0,-0.18421052631578938
2026-09-30T01:54:42.830 0.8,0.0,0.0,0.0,0.0,-0.18421052631578938
2026-09-30T01:54:42.879 0.8,0.0,0.0,0.0,0.0,-0.18421052631578938
2026-09-30T01:54:42.930 0.8,0.0,0.0,0.0,0.0,-0.18421052631578938
2026-09-30T01:54:42.979 0.8,0.0,0.0,0.0,0.0,-0.18421052631578938
2026-09-30T01:54:43.030 0.8,0.0,0.0,0.0,0.0,-0.18421052631578938
2026-09-30T01:54:43.079 0.8,0.0,0.0,0.0,0.0,-0.18421052631578938
2026-09-30T01:54:43.130 0.8,0.0,0.0,0.0,0.0,-0.18421052631578938
2026-09-30T01:54:43.179 0.8,0.0,0.0,0.0,0.0,-0.18421052631578938
2026-09-30T01:54:43.229 0.8,0.0,0.0,0.0,0.0,-0.1105263157894736
2026-09-30T01:54:43.280 0.8,0.0,0.0,0.0,0.0,-0.18421052631578938
2026-09-30T01:54:43.329 0.8,0.0,0.0,0.0,0.0,-0.18421052631578938
2026-09-30T01:54:43.380 0.7578947368421055,0.0,0.0,0.0,0.0,-0.1105263157894736
2026-09-30T01:54:43.430 0.7578947368421055,0.0,0.0,0.0,0.0,-0.1105263157894736
2026-09-30T01:54:43.479 0.8,0.0,0.0,0.0,0.0,-0.18421052631578938
2026-09-30T01:54:43.530 0.8,0.0,0.0,0.0,0.0,-0.1105263157894736
2026-09-30T01:54:43.590 0.8,0.0,0.0,0.0,0.0,-0.1105263157894736
2026-09-30T01:54:43.630 0.8,0.0,0.0,0.0,0.0,-0.18421052631578938
2026-09-30T01:54:43.679 0.8,0.0,0.0,0.0,0.0,-0.18421052631578938
2026-09-30T01:54:43.729 0.8,0.0,0.0,0.0,0.0,-0.18421052631578938
2026-09-30T01:54:43.779 0.8,0.0,0.0,0.0,0.0,-0.18421052631578938
2026-09-30T01:54:43.830 0.8,0.0,0.0,0.0,0.0,-0.18421052631578938
2026-09-30T01:54:43.889 0.8,0.0,0.0,0.0,0.0,-0.18421052631578938
2026-09-30T01:54:43.940 0.8,0.0,0.0,0.0,0.0,-0.18421052631578938
2026-09-30T01:54:43.979 0.8,0.0,0.0,0.0,0.0,-0.18421052631578938
2026-09-30T01:54:44.029 0.8,0.0,0.0,0.0,0.0,-0.18421052631578938
2026-09-30T01:54:44.079 0.8,0.0,0.0,0.0,0.0,-0.18421052631578938
2026-09-30T01:54:44.130 0.8,0.0,0.0,0.0,0.0,-0.18421052631578938
2026-09-30T01:54:44.180 0.8,0.0,0.0,0.0,0.0,-0.18421052631578938
2026-09-30T01:54:44.230 0.8,0.0,0.0,0.0,0.0,-0.18421052631578938
2026-09-30T01:54:44.280 0.8,0.0,0.0,0.0,0.0,-0.18421052631578938
2026-09-30T01:54:44.330 0.8,0.0,0.0,0.0,0.0,-0.18421052631578938
2026-09-30T01:54:44.380 0.8,0.0,0.0,0.0,0.0,-0.18421052631578938
2026-09-30T01:54:44.430 0.8,0.0,0.0,0.0,0.0,-0.18421052631578938
2026-09-30T01:54:44.480 0.8,0.0,0.0,0.0,0.0,-0.18421052631578938
2026-09-30T01:54:44.532 0.8,0.0,0.0,0.0,0.0,-0.1105263157894736
2026-09-30T01:54:44.581 0.8,0.0,0.0,0.0,0.0,-0.1105263157894736
2026-09-30T01:54:44.629 0.8,0.0,0.0,0.0,0.0,-0.1105263157894736
2026-09-30T01:54:44.679 0.7578947368421055,0.0,0.0,0.0,0.0,-0.1105263157894736
2026-09-30T01:54:44.730 0.8,0.0,0.0,0.0,0.0,-0.1105263157894736
2026-09-30T01:54:44.779 0.8,0.0,0.0,0.0,0.0,-0.1105263157894736
2026-09-30T01:54:44.830 0.8,0.0,0.0,0.0,0.0,-0.1105263157894736
2026-09-30T01:54:44.880 0.8,0.0,0.0,0.0,0.0,-0.1105263157894736
2026-09-30T01:54:44.940 0.8,0.0,0.0,0.0,0.0,-0.1105263157894736
2026-09-30T01:54:44.979 0.8,0.0,0.0,0.0,0.0,-0.1105263157894736
2026-09-30T01:54:45.029 0.8,0.0,0.0,0.0,0.0,-0.1105263157894736
2026-09-30T01:54:45.080 0.8,0.0,0.0,0.0,0.0,-0.1105263157894736
2026-09-30T01:54:45.130 0.8,0.0,0.0,0.0,0.0,-0.1105263157894736
2026-09-30T01:54:45.180 0.8,0.0,0.0,0.0,0.0,-0.1105263157894736
2026-09-30T01:54:45.240 0.8,0.0,0.0,0.0,0.0,-0.1105263157894736
2026-09-30T01:54:45.290 0.8,0.0,0.0,0.0,0.0,-0.1105263157894736
2026-09-30T01:54:45.329 0.8,0.0,0.0,0.0,0.0,-0.1105263157894736
2026-09-30T01:54:45.379 0.8,0.0,0.0,0.0,0.0,-0.1105263157894736
2026-09-30T01:54:45.429 0.8,0.0,0.0,0.0,0.0,-0.036842105263157815
2026-09-30T01:54:45.479 0.8,0.0,0.0,0.0,0.0,-0.036842105263157815
2026-09-30T01:54:45.530 0.8,0.0,0.0,0.0,0.0,-0.1105263157894736
2026-09-30T01:54:45.589 0.8,0.0,0.0,0.0,0.0,-0.036842105263157815
2026-09-30T01:54:45.629 0.8,0.0,0.0,0.0,0.0,-0.036842105263157815
2026-09-30T01:54:45.679 0.8,0.0,0.0,0.0,0.0,-0.036842105263157815
2026-09-30T01:54:45.730 0.8,0.0,0.0,0.0,0.0,-0.036842105263157815
2026-09-30T01:54:45.779 0.8,0.0,0.0,0.0,0.0,-0.036842105263157815
2026-09-30T01:54:45.830 0.8,0.0,0.0,0.0,0.0,0.0
2026-09-30T01:54:45.879 0.8,0.0,0.0,0.0,0.0,0.0
2026-09-30T01:54:45.929 0.8,0.0,0.0,0.0,0.0,-0.036842105263157815
2026-09-30T01:54:45.979 0.8,0.0,0.0,0.0,0.0,-0.036842105263157815
2026-09-30T01:54:46.029 0.8,0.0,0.0,0.0,0.0,-0.036842105263157815
2026-09-30T01:54:46.079 0.8,0.0,0.0,0.0,0.0,0.0
2026-09-30T01:54:46.130 0.8,0.0,0.0,0.0,0.0,0.0
2026-09-30T01:54:46.180 0.8,0.0,0.0,0.0,0.0,0.0
2026-09-30T01:54:46.230 0.8,0.0,0.0,0.0,0.0,0.0
2026-09-30T01:54:46.280 0.8,0.0,0.0,0.0,0.0,0.0
2026-09-30T01:54:46.330 0.8,0.0,0.0,0.0,0.0,0.0
2026-09-30T01:54:46.380 0.8,0.0,0.0,0.0,0.0,0.0
2026-09-30T01:54:46.430 0.8,0.0,0.0,0.0,0.0,0.0
2026-09-30T01:54:46.479 0.8,0.0,0.0,0.0,0.0,0.0
2026-09-30T01:54:46.540 0.8,0.0,0.0,0.0,0.0,0.0
2026-09-30T01:54:46.579 0.8,0.0,0.0,0.0,0.0,0.03684210526315797
2026-09-30T01:54:46.630 0.8,0.0,0.0,0.0,0.0,-0.036842105263157815
2026-09-30T01:54:46.680 0.8,0.0,0.0,0.0,0.0,0.03684210526315797
2026-09-30T01:54:46.729 0.8,0.0,0.0,0.0,0.0,0.0
2026-09-30T01:54:46.781 0.8,0.0,0.0,0.0,0.0,0.0
2026-09-30T01:54:46.830 0.8,0.0,0.0,0.0,0.0,0.0
2026-09-30T01:54:46.881 0.8,0.0,0.0,0.0,0.0,0.03684210526315797
2026-09-30T01:54:46.929 0.8,0.0,0.0,0.0,0.0,0.03684210526315797
2026-09-30T01:54:46.980 0.8,0.0,0.0,0.0,0.0,0.03684210526315797
2026-09-30T01:54:47.030 0.8,0.0,0.0,0.0,0.0,0.03684210526315797
2026-09-30T01:54:47.079 0.8,0.0,0.0,0.0,0.0,0.03684210526315797
2026-09-30T01:54:47.129 0.8,0.0,0.0,0.0,0.0,0.03684210526315797
2026-09-30T01:54:47.180 0.8,0.0,0.0,0.0,0.0,0.0
2026-09-30T01:54:47.230 0.8,0.0,0.0,0.0,0.0,0.03684210526315797
2026-09-30T01:54:47.280 0.8,0.0,0.0,0.0,0.0,0.03684210526315797
2026-09-30T01:54:47.330 0.8,0.0,0.0,0.0,0.0,0.03684210526315797
2026-09-30T01:54:47.379 0.8,0.0,0.0,0.0,0.0,0.03684210526315797
2026-09-30T01:54:47.429 0.8,0.0,0.0,0.0,0.0,0.03684210526315797
2026-09-30T01:54:47.480 0.8,0.0,0.0,0.0,0.0,0.0
2026-09-30T01:54:47.530 0.8,0.0,0.0,0.0,0.0,0.0
2026-09-30T01:54:47.579 0.8,0.0,0.0,0.0,0.0,0.03684210526315797
2026-09-30T01:54:47.629 0.8,0.0,0.0,0.0,0.0,0.03684210526315797
2026-09-30T01:54:47.679 0.8,0.0,0.0,0.0,0.0,0.03684210526315797
2026-09-30T01:54:47.729 0.8,0.0,0.0,0.0,0.0,0.03684210526315797
2026-09-30T01:54:47.779 0.8,0.0,0.0,0.0,0.0,0.03684210526315797
2026-09-30T01:54:47.829 0.8,0.0,0.0,0.0,0.0,0.03684210526315797
2026-09-30T01:54:47.879 0.8,0.0,0.0,0.0,0.0,0.03684210526315797
2026-09-30T01:54:47.930 0.8,0.0,0.0,0.0,0.0,0.03684210526315797
2026-09-30T01:54:47.989 0.8,0.0,0.0,0.0,0.0,0.03684210526315797
2026-09-30T01:54:48.030 0.8,0.0,0.0,0.0,0.0,0.03684210526315797
2026-09-30T01:54:48.079 0.8,0.0,0.0,0.0,0.0,0.03684210526315797
2026-09-30T01:54:48.129 0.8,0.0,0.0,0.0,0.0,0.03684210526315797
2026-09-30T01:54:48.180 0.8,0.0,0.0,0.0,0.0,0.0
2026-09-30T01:54:48.229 0.8,0.0,0.0,0.0,0.0,0.03684210526315797
2026-09-30T01:54:48.279 0.8,0.0,0.0,0.0,0.0,0.03684210526315797
2026-09-30T01:54:48.329 0.8,0.0,0.0,0.0,0.0,0.03684210526315797
2026-09-30T01:54:48.390 0.8,0.0,0.0,0.0,0.0,0.03684210526315797
2026-09-30T01:54:48.430 0.8,0.0,0.0,0.0,0.0,0.03684210526315797
2026-09-30T01:54:48.479 0.8,0.0,0.0,0.0,0.0,0.03684210526315797
2026-09-30T01:54:48.529 0.8,0.0,0.0,0.0,0.0,0.03684210526315797
2026-09-30T01:54:48.591 0.8,0.0,0.0,0.0,0.0,0.03684210526315797
2026-09-30T01:54:48.629 0.8,0.0,0.0,0.0,0.0,0.03684210526315797
2026-09-30T01:54:48.690 0.8,0.0,0.0,0.0,0.0,0.03684210526315797
2026-09-30T01:54:48.740 0.8,0.0,0.0,0.0,0.0,0.03684210526315797
2026-09-30T01:54:48.779 0.8,0.0,0.0,0.0,0.0,0.03684210526315797
2026-09-30T01:54:48.829 0.8,0.0,0.0,0.0,0.0,0.03684210526315797
2026-09-30T01:54:48.879 0.8,0.0,0.0,0.0,0.0,-0.036842105263157815
2026-09-30T01:54:48.929 0.8,0.0,0.0,0.0,0.0,-0.036842105263157815
2026-09-30T01:54:48.979 0.8,0.0,0.0,0.0,0.0,-0.036842105263157815
2026-09-30T01:54:49.029 0.8,0.0,0.0,0.0,0.0,-0.036842105263157815
2026-09-30T01:54:49.090 0.8,0.0,0.0,0.0,0.0,-0.036842105263157815
2026-09-30T01:54:49.129 0.7578947368421055,0.0,0.0,0.0,0.0,-0.036842105263157815
2026-09-30T01:54:49.179 0.7578947368421055,0.0,0.0,0.0,0.0,-0.036842105263157815
2026-09-30T01:54:49.230 0.7578947368421055,0.0,0.0,0.0,0.0,-0.036842105263157815
2026-09-30T01:54:49.279 0.7578947368421055,0.0,0.0,0.0,0.0,-0.036842105263157815
2026-09-30T01:54:49.330 0.7157894736842108,0.0,0.0,0.0,0.0,-0.036842105263157815
2026-09-30T01:54:49.379 0.7157894736842108,0.0,0.0,0.0,0.0,-0.036842105263157815
2026-09-30T01:54:49.430 0.7157894736842108,0.0,0.0,0.0,0.0,-0.036842105263157815
2026-09-30T01:54:49.479 0.7157894736842108,0.0,0.0,0.0,0.0,-0.036842105263157815
2026-09-30T01:54:49.529 0.7157894736842108,0.0,0.0,0.0,0.0,-0.036842105263157815
2026-09-30T01:54:49.580 0.673684210526316,0.0,0.0,0.0,0.0,-0.036842105263157815
2026-09-30T01:54:49.639 0.673684210526316,0.0,0.0,0.0,0.0,-0.036842105263157815
2026-09-30T01:54:49.680 0.673684210526316,0.0,0.0,0.0,0.0,-0.036842105263157815
2026-09-30T01:54:49.730 0.673684210526316,0.0,0.0,0.0,0.0,-0.036842105263157815
2026-09-30T01:54:49.780 0.6315789473684212,0.0,0.0,0.0,0.0,-0.036842105263157815
2026-09-30T01:54:49.829 0.6315789473684212,0.0,0.0,0.0,0.0,-0.036842105263157815
2026-09-30T01:54:49.879 0.6315789473684212,0.0,0.0,0.0,0.0,-0.036842105263157815
2026-09-30T01:54:49.929 0.6315789473684212,0.0,0.0,0.0,0.0,-0.036842105263157815
2026-09-30T01:54:49.980 0.6315789473684212,0.0,0.0,0.0,0.0,-0.036842105263157815
2026-09-30T01:54:50.029 0.5894736842105265,0.0,0.0,0.0,0.0,-0.036842105263157815
2026-09-30T01:54:50.081 0.5894736842105265,0.0,0.0,0.0,0.0,-0.036842105263157815
2026-09-30T01:54:50.130 0.5894736842105265,0.0,0.0,0.0,0.0,-0.036842105263157815
2026-09-30T01:54:50.180 0.5894736842105265,0.0,0.0,0.0,0.0,-0.036842105263157815
2026-09-30T01:54:50.229 0.5894736842105265,0.0,0.0,0.0,0.0,-0.036842105263157815
2026-09-30T01:54:50.280 0.5473684210526317,0.0,0.0,0.0,0.0,-0.036842105263157815
2026-09-30T01:54:50.329 0.5473684210526317,0.0,0.0,0.0,0.0,-0.036842105263157815
2026-09-30T01:54:50.380 0.5473684210526317,0.0,0.0,0.0,0.0,-0.036842105263157815
2026-09-30T01:54:50.429 0.5473684210526317,0.0,0.0,0.0,0.0,-0.036842105263157815
2026-09-30T01:54:50.479 0.5473684210526317,0.0,0.0,0.0,0.0,-0.036842105263157815
2026-09-30T01:54:50.530 0.505263157894737,0.0,0.0,0.0,0.0,-0.036842105263157815
2026-09-30T01:54:50.579 0.505263157894737,0.0,0.0,0.0,0.0,-0.036842105263157815
2026-09-30T01:54:50.629 0.505263157894737,0.0,0.0,0.0,0.0,-0.036842105263157815
2026-09-30T01:54:50.680 0.505263157894737,0.0,0.0,0.0,0.0,-0.036842105263157815
2026-09-30T01:54:50.729 0.505263157894737,0.0,0.0,0.0,0.0,-0.036842105263157815
2026-09-30T01:54:50.779 0.505263157894737,0.0,0.0,0.0,0.0,-0.036842105263157815
2026-09-30T01:54:50.829 0.4631578947368422,0.0,0.0,0.0,0.0,-0.036842105263157815
2026-09-30T01:54:50.879 0.4631578947368422,0.0,0.0,0.0,0.0,-0.036842105263157815
2026-09-30T01:54:50.929 0.4631578947368422,0.0,0.0,0.0,0.0,-0.036842105263157815
2026-09-30T01:54:50.980 0.4631578947368422,0.0,0.0,0.0,0.0,-0.036842105263157815
2026-09-30T01:54:51.030 0.4631578947368422,0.0,0.0,0.0,0.0,-0.036842105263157815
2026-09-30T01:54:51.079 0.4631578947368422,0.0,0.0,0.0,0.0,-0.036842105263157815
2026-09-30T01:54:51.130 0.4631578947368422,0.0,0.0,0.0,0.0,-0.036842105263157815
2026-09-30T01:54:51.179 0.42105263157894746,0.0,0.0,0.0,0.0,-0.036842105263157815
2026-09-30T01:54:51.240 0.42105263157894746,0.0,0.0,0.0,0.0,-0.036842105263157815
2026-09-30T01:54:51.279 0.42105263157894746,0.0,0.0,0.0,0.0,-0.036842105263157815
2026-09-30T01:54:51.329 0.42105263157894746,0.0,0.0,0.0,0.0,-0.036842105263157815
2026-09-30T01:54:51.379 0.42105263157894746,0.0,0.0,0.0,0.0,-0.036842105263157815
2026-09-30T01:54:51.430 0.42105263157894746,0.0,0.0,0.0,0.0,-0.036842105263157815
2026-09-30T01:54:51.479 0.42105263157894746,0.0,0.0,0.0,0.0,-0.036842105263157815
2026-09-30T01:54:51.530 0.42105263157894746,0.0,0.0,0.0,0.0,-0.036842105263157815
2026-09-30T01:54:51.590 0.3789473684210527,0.0,0.0,0.0,0.0,-0.036842105263157815
2026-09-30T01:54:51.630 0.3789473684210527,0.0,0.0,0.0,0.0,-0.036842105263157815
2026-09-30T01:54:51.679 0.3789473684210527,0.0,0.0,0.0,0.0,-0.036842105263157815
2026-09-30T01:54:51.729 0.3789473684210527,0.0,0.0,0.0,0.0,-0.036842105263157815
2026-09-30T01:54:51.779 0.3789473684210527,0.0,0.0,0.0,0.0,-0.036842105263157815
2026-09-30T01:54:51.830 0.3789473684210527,0.0,0.0,0.0,0.0,-0.036842105263157815
2026-09-30T01:54:51.880 0.3789473684210527,0.0,0.0,0.0,0.0,-0.036842105263157815
2026-09-30T01:54:51.940 0.3789473684210527,0.0,0.0,0.0,0.0,-0.036842105263157815
2026-09-30T01:54:51.979 0.33684210526315794,0.0,0.0,0.0,0.0,0.0
2026-09-30T01:54:52.029 0.33684210526315794,0.0,0.0,0.0,0.0,0.0
2026-09-30T01:54:52.079 0.33684210526315794,0.0,0.0,0.0,0.0,-0.036842105263157815
2026-09-30T01:54:52.130 0.33684210526315794,0.0,0.0,0.0,0.0,-0.036842105263157815
2026-09-30T01:54:52.180 0.33684210526315794,0.0,0.0,0.0,0.0,-0.036842105263157815
2026-09-30T01:54:52.229 0.33684210526315794,0.0,0.0,0.0,0.0,-0.036842105263157815
2026-09-30T01:54:52.282 0.33684210526315794,0.0,0.0,0.0,0.0,-0.036842105263157815
2026-09-30T01:54:52.330 0.33684210526315794,0.0,0.0,0.0,0.0,-0.036842105263157815
2026-09-30T01:54:52.380 0.33684210526315794,0.0,0.0,0.0,0.0,-0.036842105263157815
2026-09-30T01:54:52.430 0.2947368421052632,0.0,0.0,0.0,0.0,-0.1105263157894736
2026-09-30T01:54:52.480 0.2947368421052632,0.0,0.0,0.0,0.0,-0.036842105263157815
2026-09-30T01:54:52.530 0.2947368421052632,0.0,0.0,0.0,0.0,-0.036842105263157815
2026-09-30T01:54:52.579 0.2947368421052632,0.0,0.0,0.0,0.0,0.0
2026-09-30T01:54:52.630 0.2947368421052632,0.0,0.0,0.0,0.0,-0.036842105263157815
2026-09-30T01:54:52.680 0.2947368421052632,0.0,0.0,0.0,0.0,-0.036842105263157815
2026-09-30T01:54:52.740 0.2947368421052632,0.0,0.0,0.0,0.0,-0.036842105263157815
2026-09-30T01:54:52.779 0.2947368421052632,0.0,0.0,0.0,0.0,-0.036842105263157815
2026-09-30T01:54:52.829 0.2947368421052632,0.0,0.0,0.0,0.0,-0.036842105263157815
2026-09-30T01:54:52.880 0.2947368421052632,0.0,0.0,0.0,0.0,-0.036842105263157815
2026-09-30T01:54:52.929 0.2947368421052632,0.0,0.0,0.0,0.0,-0.036842105263157815
2026-09-30T01:54:52.980 0.2947368421052632,0.0,0.0,0.0,0.0,0.0
2026-09-30T01:54:53.029 0.2947368421052632,0.0,0.0,0.0,0.0,0.0
2026-09-30T01:54:53.090 0.25263157894736843,0.0,0.0,0.0,0.0,-0.036842105263157815
2026-09-30T01:54:53.130 0.25263157894736843,0.0,0.0,0.0,0.0,-0.036842105263157815
2026-09-30T01:54:53.180 0.25263157894736843,0.0,0.0,0.0,0.0,-0.036842105263157815
2026-09-30T01:54:53.229 0.25263157894736843,0.0,0.0,0.0,0.0,0.0
2026-09-30T01:54:53.280 0.25263157894736843,0.0,0.0,0.0,0.0,-0.036842105263157815
2026-09-30T01:54:53.330 0.25263157894736843,0.0,0.0,0.0,0.0,-0.036842105263157815
2026-09-30T01:54:53.380 0.25263157894736843,0.0,0.0,0.0,0.0,-0.036842105263157815
2026-09-30T01:54:53.429 0.25263157894736843,0.0,0.0,0.0,0.0,-0.036842105263157815
2026-09-30T01:54:53.490 0.25263157894736843,0.0,0.0,0.0,0.0,-0.036842105263157815
2026-09-30T01:54:53.530 0.25263157894736843,0.0,0.0,0.0,0.0,-0.036842105263157815
2026-09-30T01:54:53.580 0.25263157894736843,0.0,0.0,0.0,0.0,-0.036842105263157815
2026-09-30T01:54:53.630 0.25263157894736843,0.0,0.0,0.0,0.0,-0.036842105263157815
2026-09-30T01:54:53.679 0.25263157894736843,0.0,0.0,0.0,0.0,0.0
2026-09-30T01:54:53.729 0.25263157894736843,0.0,0.0,0.0,0.0,0.0
2026-09-30T01:54:53.780 0.21052631578947367,0.0,0.0,0.0,0.0,-0.1105263157894736
2026-09-30T01:54:53.829 0.21052631578947367,0.0,0.0,0.0,0.0,0.03684210526315797
2026-09-30T01:54:53.880 0.21052631578947367,0.0,0.0,0.0,0.0,0.03684210526315797
2026-09-30T01:54:53.930 0.21052631578947367,0.0,0.0,0.0,0.0,0.03684210526315797
2026-09-30T01:54:53.980 0.21052631578947367,0.0,0.0,0.0,0.0,0.0
2026-09-30T01:54:54.029 0.21052631578947367,0.0,0.0,0.0,0.0,-0.036842105263157815
2026-09-30T01:54:54.079 0.21052631578947367,0.0,0.0,0.0,0.0,-0.036842105263157815
2026-09-30T01:54:54.140 0.21052631578947367,0.0,0.0,0.0,0.0,-0.036842105263157815
2026-09-30T01:54:54.180 0.21052631578947367,0.0,0.0,0.0,0.0,-0.036842105263157815
2026-09-30T01:54:54.230 0.21052631578947367,0.0,0.0,0.0,0.0,-0.036842105263157815
2026-09-30T01:54:54.279 0.21052631578947367,0.0,0.0,0.0,0.0,-0.036842105263157815
2026-09-30T01:54:54.329 0.21052631578947367,0.0,0.0,0.0,0.0,0.11052631578947375
2026-09-30T01:54:54.380 0.21052631578947367,0.0,0.0,0.0,0.0,0.11052631578947375
2026-09-30T01:54:54.429 0.21052631578947367,0.0,0.0,0.0,0.0,0.11052631578947375
2026-09-30T01:54:54.479 0.21052631578947367,0.0,0.0,0.0,0.0,0.11052631578947375
2026-09-30T01:54:54.529 0.21052631578947367,0.0,0.0,0.0,0.0,0.0
2026-09-30T01:54:54.579 0.21052631578947367,0.0,0.0,0.0,0.0,0.0
2026-09-30T01:54:54.630 0.21052631578947367,0.0,0.0,0.0,0.0,0.0
2026-09-30T01:54:54.691 0.21052631578947367,0.0,0.0,0.0,0.0,0.0
2026-09-30T01:54:54.730 0.16842105263157894,0.0,0.0,0.0,0.0,0.03684210526315797
2026-09-30T01:54:54.780 0.16842105263157894,0.0,0.0,0.0,0.0,0.03684210526315797
2026-09-30T01:54:54.830 0.16842105263157894,0.0,0.0,0.0,0.0,-0.1105263157894736
2026-09-30T01:54:54.879 0.16842105263157894,0.0,0.0,0.0,0.0,0.03684210526315797
2026-09-30T01:54:54.930 0.16842105263157894,0.0,0.0,0.0,0.0,0.0
2026-09-30T01:54:54.979 0.16842105263157894,0.0,0.0,0.0,0.0,0.0
2026-09-30T01:54:55.030 0.16842105263157894,0.0,0.0,0.0,0.0,-0.036842105263157815
2026-09-30T01:54:55.079 0.16842105263157894,0.0,0.0,0.0,0.0,-0.036842105263157815
2026-09-30T01:54:55.129 0.16842105263157894,0.0,0.0,0.0,0.0,-0.036842105263157815
2026-09-30T01:54:55.180 0.16842105263157894,0.0,0.0,0.0,0.0,-0.036842105263157815
2026-09-30T01:54:55.229 0.16842105263157894,0.0,0.0,0.0,0.0,-0.036842105263157815
2026-09-30T01:54:55.280 0.16842105263157894,0.0,0.0,0.0,0.0,-0.036842105263157815
2026-09-30T01:54:55.331 0.16842105263157894,0.0,0.0,0.0,0.0,0.11052631578947375
2026-09-30T01:54:55.390 0.16842105263157894,0.0,0.0,0.0,0.0,0.11052631578947375
2026-09-30T01:54:55.429 0.16842105263157894,0.0,0.0,0.0,0.0,0.11052631578947375
2026-09-30T01:54:55.480 0.16842105263157894,0.0,0.0,0.0,0.0,0.11052631578947375
2026-09-30T01:54:55.530 0.16842105263157894,0.0,0.0,0.0,0.0,0.11052631578947375
2026-09-30T01:54:55.579 0.16842105263157894,0.0,0.0,0.0,0.0,-0.036842105263157815
2026-09-30T01:54:55.630 0.16842105263157894,0.0,0.0,0.0,0.0,0.0
2026-09-30T01:54:55.690 0.16842105263157894,0.0,0.0,0.0,0.0,0.0
2026-09-30T01:54:55.730 0.16842105263157894,0.0,0.0,0.0,0.0,0.0
2026-09-30T01:54:55.780 0.16842105263157894,0.0,0.0,0.0,0.0,0.0
2026-09-30T01:54:55.830 0.043421052631578944,0.0,0.0,0.0,0.0,0.16
2026-09-30T01:54:55.880 0.0,0.0,0.0,0.0,0.0,0.32
2026-09-30T01:54:55.929 0.0,0.0,0.0,0.0,0.0,0.33157894736842114
2026-09-30T01:54:55.980 0.0,0.0,0.0,0.0,0.0,0.33157894736842114
2026-09-30T01:54:56.039 0.0,0.0,0.0,0.0,0.0,0.33157894736842114
2026-09-30T01:54:56.079 0.0,0.0,0.0,0.0,0.0,0.33157894736842114
2026-09-30T01:54:56.129 0.0,0.0,0.0,0.0,0.0,0.33157894736842114
2026-09-30T01:54:56.181 0.0,0.0,0.0,0.0,0.0,0.33157894736842114
2026-09-30T01:54:56.229 0.0,0.0,0.0,0.0,0.0,0.33157894736842114
2026-09-30T01:54:56.279 0.0,0.0,0.0,0.0,0.0,0.33157894736842114
2026-09-30T01:54:56.329 0.0,0.0,0.0,0.0,0.0,0.33157894736842114
2026-09-30T01:54:56.379 0.0,0.0,0.0,0.0,0.0,0.33157894736842114
2026-09-30T01:54:56.430 0.0,0.0,0.0,0.0,0.0,0.33157894736842114
2026-09-30T01:54:56.479 0.0,0.0,0.0,0.0,0.0,0.33157894736842114
2026-09-30T01:54:56.530 0.0,0.0,0.0,0.0,0.0,0.33157894736842114
2026-09-30T01:54:56.579 0.0,0.0,0.0,0.0,0.0,0.33157894736842114
2026-09-30T01:54:56.629 0.0,0.0,0.0,0.0,0.0,0.33157894736842114
2026-09-30T01:54:56.679 0.0,0.0,0.0,0.0,0.0,0.33157894736842114
2026-09-30T01:54:56.730 0.0,0.0,0.0,0.0,0.0,0.33157894736842114
2026-09-30T01:54:56.780 0.0,0.0,0.0,0.0,0.0,0.33157894736842114
2026-09-30T01:54:56.830 0.0,0.0,0.0,0.0,0.0,0.33157894736842114
2026-09-30T01:54:56.881 0.0,0.0,0.0,0.0,0.0,0.33157894736842114
2026-09-30T01:54:56.929 0.0,0.0,0.0,0.0,0.0,0.33157894736842114
2026-09-30T01:54:56.979 0.0,0.0,0.0,0.0,0.0,0.33157894736842114
2026-09-30T01:54:57.030 0.0,0.0,0.0,0.0,0.0,0.33157894736842114
2026-09-30T01:54:57.080 0.0,0.0,0.0,0.0,0.0,0.33157894736842114
2026-09-30T01:54:57.130 0.0,0.0,0.0,0.0,0.0,0.33157894736842114
2026-09-30T01:54:57.179 0.0,0.0,0.0,0.0,0.0,0.33157894736842114
2026-09-30T01:54:57.229 0.0,0.0,0.0,0.0,0.0,0.25789473684210534
2026-09-30T01:54:57.279 0.0,0.0,0.0,0.0,0.0,0.25789473684210534
2026-09-30T01:54:57.330 0.0,0.0,0.0,0.0,0.0,0.25789473684210534
2026-09-30T01:54:57.390 0.0,0.0,0.0,0.0,0.0,0.25789473684210534
2026-09-30T01:54:57.430 0.0,0.0,0.0,0.0,0.0,0.25789473684210534
2026-09-30T01:54:57.490 0.0,0.0,0.0,0.0,0.0,0.25789473684210534
2026-09-30T01:54:57.529 0.0,0.0,0.0,0.0,0.0,0.25789473684210534
2026-09-30T01:54:57.579 0.0,0.0,0.0,0.0,0.0,0.25789473684210534
2026-09-30T01:54:57.640 0.0,0.0,0.0,0.0,0.0,0.25789473684210534
2026-09-30T01:54:57.680 0.0,0.0,0.0,0.0,0.0,0.25789473684210534
2026-09-30T01:54:57.729 0.0,0.0,0.0,0.0,0.0,0.25789473684210534
2026-09-30T01:54:57.779 0.0,0.0,0.0,0.0,0.0,0.25789473684210534
2026-09-30T01:54:57.829 0.0,0.0,0.0,0.0,0.0,0.25789473684210534
2026-09-30T01:54:57.880 0.0,0.0,0.0,0.0,0.0,0.25789473684210534
2026-09-30T01:54:57.941 0.0,0.0,0.0,0.0,0.0,0.25789473684210534
2026-09-30T01:54:57.990 0.0,0.0,0.0,0.0,0.0,0.25789473684210534
2026-09-30T01:54:58.030 0.0,0.0,0.0,0.0,0.0,0.25789473684210534
2026-09-30T01:54:58.079 0.0,0.0,0.0,0.0,0.0,0.25789473684210534
2026-09-30T01:54:58.129 0.0,0.0,0.0,0.0,0.0,0.25789473684210534
2026-09-30T01:54:58.180 0.0,0.0,0.0,0.0,0.0,0.25789473684210534
2026-09-30T01:54:58.229 0.0,0.0,0.0,0.0,0.0,0.25789473684210534
2026-09-30T01:54:58.279 0.0,0.0,0.0,0.0,0.0,0.25789473684210534
2026-09-30T01:54:58.330 0.0,0.0,0.0,0.0,0.0,0.25789473684210534
2026-09-30T01:54:58.380 0.0,0.0,0.0,0.0,0.0,0.25789473684210534
2026-09-30T01:54:58.430 0.0,0.0,0.0,0.0,0.0,0.25789473684210534
2026-09-30T01:54:58.480 0.0,0.0,0.0,0.0,0.0,0.25789473684210534
2026-09-30T01:54:58.530 0.0,0.0,0.0,0.0,0.0,0.25789473684210534
2026-09-30T01:54:58.579 0.0,0.0,0.0,0.0,0.0,0.25789473684210534
2026-09-30T01:54:58.630 0.0,0.0,0.0,0.0,0.0,0.25789473684210534
2026-09-30T01:54:58.679 0.0,0.0,0.0,0.0,0.0,0.25789473684210534
2026-09-30T01:54:58.729 0.0,0.0,0.0,0.0,0.0,0.25789473684210534
2026-09-30T01:54:58.779 0.0,0.0,0.0,0.0,0.0,0.25789473684210534
2026-09-30T01:54:58.829 0.0,0.0,0.0,0.0,0.0,0.25789473684210534
2026-09-30T01:54:58.879 0.0,0.0,0.0,0.0,0.0,0.25789473684210534
2026-09-30T01:54:58.930 0.0,0.0,0.0,0.0,0.0,0.25789473684210534
2026-09-30T01:54:58.979 0.0,0.0,0.0,0.0,0.0,0.25789473684210534
2026-09-30T01:54:59.030 0.0,0.0,0.0,0.0,0.0,0.18421052631578955
2026-09-30T01:54:59.079 0.0,0.0,0.0,0.0,0.0,0.18421052631578955
2026-09-30T01:54:59.130 0.0,0.0,0.0,0.0,0.0,0.18421052631578955
2026-09-30T01:54:59.180 0.0,0.0,0.0,0.0,0.0,0.18421052631578955
2026-09-30T01:54:59.230 0.0,0.0,0.0,0.0,0.0,0.18421052631578955
2026-09-30T01:54:59.280 0.0,0.0,0.0,0.0,0.0,0.18421052631578955
2026-09-30T01:54:59.330 0.0,0.0,0.0,0.0,0.0,0.18421052631578955
2026-09-30T01:54:59.379 0.0,0.0,0.0,0.0,0.0,0.18421052631578955
2026-09-30T01:54:59.430 0.0,0.0,0.0,0.0,0.0,0.18421052631578955
2026-09-30T01:54:59.480 0.0,0.0,0.0,0.0,0.0,0.18421052631578955
2026-09-30T01:54:59.529 0.0,0.0,0.0,0.0,0.0,0.18421052631578955
2026-09-30T01:54:59.580 0.0,0.0,0.0,0.0,0.0,0.18421052631578955
2026-09-30T01:54:59.629 0.0,0.0,0.0,0.0,0.0,0.18421052631578955
2026-09-30T01:54:59.690 0.0,0.0,0.0,0.0,0.0,0.18421052631578955
2026-09-30T01:54:59.740 0.0,0.0,0.0,0.0,0.0,0.18421052631578955
2026-09-30T01:54:59.780 0.0,0.0,0.0,0.0,0.0,0.18421052631578955
2026-09-30T01:54:59.832 0.0,0.0,0.0,0.0,0.0,0.18421052631578955
2026-09-30T01:54:59.879 0.0,0.0,0.0,0.0,0.0,0.18421052631578955
2026-09-30T01:54:59.930 0.0,0.0,0.0,0.0,0.0,0.18421052631578955
2026-09-30T01:54:59.990 0.0,0.0,0.0,0.0,0.0,0.18421052631578955
2026-09-30T01:55:00.030 0.0,0.0,0.0,0.0,0.0,0.18421052631578955
2026-09-30T01:55:00.079 0.0,0.0,0.0,0.0,0.0,0.18421052631578955
2026-09-30T01:55:00.129 0.0,0.0,0.0,0.0,0.0,0.18421052631578955
2026-09-30T01:55:00.179 0.0,0.0,0.0,0.0,0.0,0.18421052631578955
2026-09-30T01:55:00.230 0.0,0.0,0.0,0.0,0.0,0.18421052631578955
2026-09-30T01:55:00.279 0.0,0.0,0.0,0.0,0.0,0.18421052631578955
2026-09-30T01:55:00.329 0.0,0.0,0.0,0.0,0.0,0.18421052631578955
2026-09-30T01:55:00.379 0.0,0.0,0.0,0.0,0.0,0.18421052631578955
2026-09-30T01:55:00.430 0.0,0.0,0.0,0.0,0.0,0.18421052631578955
2026-09-30T01:55:00.480 0.0,0.0,0.0,0.0,0.0,0.18421052631578955
2026-09-30T01:55:00.529 0.0,0.0,0.0,0.0,0.0,0.18421052631578955
2026-09-30T01:55:00.579 0.0,0.0,0.0,0.0,0.0,0.18421052631578955
2026-09-30T01:55:00.629 0.0,0.0,0.0,0.0,0.0,0.18421052631578955
2026-09-30T01:55:00.680 0.0,0.0,0.0,0.0,0.0,0.18421052631578955
2026-09-30T01:55:00.729 0.0,0.0,0.0,0.0,0.0,0.18421052631578955
2026-09-30T01:55:00.779 0.0,0.0,0.0,0.0,0.0,0.18421052631578955
2026-09-30T01:55:00.830 0.0,0.0,0.0,0.0,0.0,0.18421052631578955
2026-09-30T01:55:00.880 0.0,0.0,0.0,0.0,0.0,0.18421052631578955
2026-09-30T01:55:00.930 0.0,0.0,0.0,0.0,0.0,0.024210526315789543
2026-09-30T01:55:00.979 0.0,0.0,0.0,0.0,0.0,0.0
2026-09-30T01:55:01.030 0.0,0.0,0.0,0.0,0.0,0.0
2026-09-30T01:55:01.080 0.0,0.0,0.0,0.0,0.0,0.0
2026-09-30T01:55:01.129 0.0,0.0,0.0,0.0,0.0,0.0
2026-09-30T01:55:01.180 0.0,0.0,0.0,0.0,0.0,0.0
2026-09-30T01:55:01.229 0.0,0.0,0.0,0.0,0.0,0.0
2026-09-30T01:55:01.282 0.0,0.0,0.0,0.0,0.0,0.0
2026-09-30T01:55:01.330 0.0,0.0,0.0,0.0,0.0,0.0
2026-09-30T01:55:01.379 0.0,0.0,0.0,0.0,0.0,0.0
2026-09-30T01:55:01.430 0.0,0.0,0.0,0.0,0.0,0.0
2026-09-30T01:55:01.479 0.0,0.0,0.0,0.0,0.0,0.0
2026-09-30T01:55:01.530 0.0,0.0,0.0,0.0,0.0,0.0
2026-09-30T01:55:01.579 0.0,0.0,0.0,0.0,0.0,0.0
2026-09-30T01:55:01.629 0.0,0.0,0.0,0.0,0.0,0.0
2026-09-30T01:55:01.679 0.0,0.0,0.0,0.0,0.0,0.0
2026-09-30T01:55:01.730 0.0,0.0,0.0,0.0,0.0,0.0
2026-09-30T01:55:01.780 0.0,0.0,0.0,0.0,0.0,0.0
2026-09-30T01:55:01.830 0.0,0.0,0.0,0.0,0.0,0.0
2026-09-30T01:55:01.880 0.0,0.0,0.0,0.0,0.0,0.0
2026-09-30T01:55:01.930 0.0,0.0,0.0,0.0,0.0,0.0
2026-09-30T01:55:01.979 0.0,0.0,0.0,0.0,0.0,0.0
2026-09-30T01:55:02.040 0.0,0.0,0.0,0.0,0.0,0.0
2026-09-30T01:55:02.079 0.0,0.0,0.0,0.0,0.0,0.0
2026-09-30T01:55:02.129 0.0,0.0,0.0,0.0,0.0,0.0
2026-09-30T01:55:02.179 0.0,0.0,0.0,0.0,0.0,0.0
2026-09-30T01:55:02.230 0.0,0.0,0.0,0.0,0.0,0.0
2026-09-30T01:55:02.279 0.0,0.0,0.0,0.0,0.0,0.0
2026-09-30T01:55:02.329 0.0,0.0,0.0,0.0,0.0,0.0
2026-09-30T01:55:02.380 0.0,0.0,0.0,0.0,0.0,0.0
2026-09-30T01:55:02.429 0.0,0.0,0.0,0.0,0.0,0.0
2026-09-30T01:55:02.480 0.0,0.0,0.0,0.0,0.0,0.0
2026-09-30T01:55:02.529 0.0,0.0,0.0,0.0,0.0,0.0
2026-09-30T01:55:02.579 0.0,0.0,0.0,0.0,0.0,0.0
2026-09-30T01:55:02.629 0.0,0.0,0.0,0.0,0.0,0.0
2026-09-30T01:55:02.680 0.0,0.0,0.0,0.0,0.0,0.0
2026-09-30T01:55:02.729 0.0,0.0,0.0,0.0,0.0,0.0
2026-09-30T01:55:02.790 0.0,0.0,0.0,0.0,0.0,0.0
2026-09-30T01:55:02.829 0.0,0.0,0.0,0.0,0.0,0.0
2026-09-30T01:55:02.879 0.0,0.0,0.0,0.0,0.0,0.0
2026-09-30T01:55:02.930 0.0,0.0,0.0,0.0,0.0,0.0
2026-09-30T01:55:02.979 0.0,0.0,0.0,0.0,0.0,0.0
2026-09-30T01:55:03.029 0.0,0.0,0.0,0.0,0.0,0.0
2026-09-30T01:55:03.079 0.0,0.0,0.0,0.0,0.0,0.0
2026-09-30T01:55:03.130 0.0,0.0,0.0,0.0,0.0,0.0
2026-09-30T01:55:03.180 0.0,0.0,0.0,0.0,0.0,0.0
2026-09-30T01:55:04.128 0.0,0.0,0.0,0.0,0.0,0.0
2026-09-30T01:55:04.178 0.0,0.0,0.0,0.0,0.0,0.0
2026-09-30T01:55:05.424 0.0,0.0,0.0,0.0,0.0,0.0
2026-09-30T01:55:05.474 0.0,0.0,0.0,0.0,0.0,0.0
2026-09-30T01:55:05.524 0.0,0.0,0.0,0.0,0.0,0.0
2026-09-30T01:55:05.574 0.0,0.0,0.0,0.0,0.0,0.0
2026-09-30T01:55:05.624 0.0,0.0,0.0,0.0,0.0,0.0
2026-09-30T01:55:05.676 0.0,0.0,0.0,0.0,0.0,0.0
2026-09-30T01:55:05.724 0.0,0.0,0.0,0.0,0.0,0.0
