2026-09-30T01:20:36.726 5,0,map,-6.000000000000445,-1.0,0.0,0.0,0.0,0.9999999999991198,1.3267948966775328e-06,-2.3803181647963356e-12,0.0,0.0,0.0,0.0,0.0,0.0,0.0,0.0,0.0,0.0,0.0,0.0,0.0,0.0,0.0,0.0,0.0,0.0,0.0,0.0,0.0,0.0,0.0,0.0,0.0,0.0,0.0,0.0,0.0,0.0,0.0,0.0,0.0,0.0,-6.972200594645862e-14
2026-09-30T01:20:41.608 10,100000000,map,-6.04153697430149,-1.0060499678841266,0.0,0.0,0.0,-0.9677217110512488,0.2520212093456489,0.013647731160418175,0.0027164133847064065,0.0,0.0,0.0,0.0,0.0027164133847064065,0.0007719076536414349,0.0,0.0,0.0,0.0,0.0,0.0,0.0,0.0,0.0,0.0,0.0,0.0,0.0,0.0,0.0,0.0,0.0,0.0,0.0,0.0,0.0,0.0,0.0,0.0,0.0,0.0,0.0,0.014142901455896422
2026-09-30T01:20:45.896 11,500000000,map,-6.105483233518821,-1.053236291527417,0.0,0.0,0.0,-0.8115970027530651,0.5842176864168366,0.027558748434678648,0.015318327822519073,0.0,0.0,0.0,0.0,0.015318327822518185,0.01517749344004038,0.0,0.0,0.0,0.0,0.0,0.0,0.0,0.0,0.0,0.0,0.0,0.0,0.0,0.0,0.0,0.0,0.0,0.0,0.0,0.0,0.0,0.0,0.0,0.0,0.0,0.0,0.0,0.03077048580599155
2026-09-30T01:20:49.763 12,800000000,map,-6.151590467381336,-1.1080891964777462,0.0,0.0,0.0,-0.5813906167322223,0.8136245760642473,0.024595137660014643,0.009696271929105826,0.0,0.0,0.0,0.0,0.009696271929105826,0.03695660548319135,0.0,0.0,0.0,0.0,0.0,0.0,0.0,0.0,0.0,0.0,0.0,0.0,0.0,0.0,0.0,0.0,0.0,0.0,0.0,0.0,0.0,0.0,0.0,0.0,0.0,0.0,0.0,0.040061751809481114
2026-09-30T01:20:52.932 13,900000000,map,-6.119201887915252,-1.1726703051090999,0.0,0.0,0.0,-0.28523965171596394,0.9584562280505853,0.031003420129877668,-0.0024851687763947083,0.0,0.0,0.0,0.0,-0.00248516877639382,0.036387399914790564,0.0,0.0,0.0,0.0,0.0,0.0,0.0,0.0,0.0,0.0,0.0,0.0,0.0,0.0,0.0,0.0,0.0,0.0,0.0,0.0,0.0,0.0,0.0,0.0,0.0,0.0,0.0,0.023360612705405275
2026-09-30T01:20:57.590 14,800000000,map,-5.528321528142017,-1.197951882823796,0.0,0.0,0.0,0.1333467563606432,0.991069443867631,0.06378037826734939,-0.0041036186593270685,0.0,0.0,0.0,0.0,-0.004103618659327957,0.02526407660962926,0.0,0.0,0.0,0.0,0.0,0.0,0.0,0.0,0.0,0.0,0.0,0.0,0.0,0.0,0.0,0.0,0.0,0.0,0.0,0.0,0.0,0.0,0.0,0.0,0.0,0.0,0.0,0.022062814717250263
2026-09-30T01:21:01.054 16,0,map,-4.871556020157567,-0.6036483125036604,0.0,0.0,0.0,0.41397249966375993,0.9102893877894757,0.09090902685939639,0.020688693464916863,0.0,0.0,0.0,0.0,0.020688693464916863,0.045888628141259324,0.0,0.0,0.0,0.0,0.0,0.0,0.0,0.0,0.0,0.0,0.0,0.0,0.0,0.0,0.0,0.0,0.0,0.0,0.0,0.0,0.0,0.0,0.0,0.0,0.0,0.0,0.0,0.03751428895421735
2026-09-30T01:21:04.796 17,300000000,map,-3.97254162561035,-0.011721360969493362,0.0,0.0,0.0,0.11945017340147376,0.9928401966451388,0.09152121176546046,0.03956187577537168,0.0,0.0,0.0,0.0,0.03956187577537171,0.08195104133030205,0.0,0.0,0.0,0.0,0.0,0.0,0.0,0.0,0.0,0.0,0.0,0.0,0.0,0.0,0.0,0.0,0.0,0.0,0.0,0.0,0.0,0.0,0.0,0.0,0.0,0.0,0.0,0.03663321108054607
2026-09-30T01:21:08.201 18,500000000,map,-2.8936589173176284,0.061121653737219214,0.0,0.0,0.0,-0.03972395275541441,0.9992106922854086,0.09077958732218327,0.013005811869457207,0.0,0.0,0.0,0.0,0.013005811869457207,0.0663327463889489,0.0,0.0,0.0,0.0,0.0,0.0,0.0,0.0,0.0,0.0,0.0,0.0,0.0,0.0,0.0,0.0,0.0,0.0,0.0,0.0,0.0,0.0,0.0,0.0,0.0,0.0,0.0,0.030509518796136708
2026-09-30T01:21:11.587 19,700000000,map,-1.9278943898977052,-0.1277237615127011,0.0,0.0,0.0,-0.1882570340913804,0.9821197936683268,0.11386652661563934,0.0021806655255310337,0.0,0.0,0.0,0.0,0.0021806655255310337,0.06957368992711191,0.0,0.0,0.0,0.0,0.0,0.0,0.0,0.0,0.0,0.0,0.0,0.0,0.0,0.0,0.0,0.0,0.0,0.0,0.0,0.0,0.0,0.0,0.0,0.0,0.0,0.0,0.0,0.027552559033152742
2026-09-30T01:21:14.834 20,900000000,map,-1.0452831892374974,-0.5190044696819387,0.0,0.0,0.0,-0.2193475782913256,0.9756467802938371,0.09464384630765466,-0.005676634853495455,0.0,0.0,0.0,0.0,-0.005676634853495455,0.057633974554723466,0.0,0.0,0.0,0.0,0.0,0.0,0.0,0.0,0.0,0.0,0.0,0.0,0.0,0.0,0.0,0.0,0.0,0.0,0.0,0.0,0.0,0.0,0.0,0.0,0.0,0.0,0.0,0.03675158983365056
2026-09-30T01:21:21.257 23,300000000,map,-0.18956937253933515,-0.9047046584429324,0.0,0.0,0.0,-0.2324497149240562,0.9726084155669871,0.09574288925784041,-0.004582790541092535,0.0,0.0,0.0,0.0,-0.004582790541092535,0.05463804517695403,0.0,0.0,0.0,0.0,0.0,0.0,0.0,0.0,0.0,0.0,0.0,0.0,0.0,0.0,0.0,0.0,0.0,0.0,0.0,0.0,0.0,0.0,0.0,0.0,0.0,0.0,0.0,0.03524163888608331
