2026-09-30T01:20:37.130 0.0,0.0,0.0,0.0,0.0,0.25789473684210534
2026-09-30T01:20:37.168 0.0,0.0,0.0,0.0,0.0,0.25789473684210534
2026-09-30T01:20:37.218 0.0,0.0,0.0,0.0,0.0,0.25789473684210534
2026-09-30T01:20:37.268 0.0,0.0,0.0,0.0,0.0,0.25789473684210534
2026-09-30T01:20:37.318 0.0,0.0,0.0,0.0,0.0,0.25789473684210534
2026-09-30T01:20:37.368 0.0,0.0,0.0,0.0,0.0,0.25789473684210534
2026-09-30T01:20:37.418 0.0,0.0,0.0,0.0,0.0,0.25789473684210534
2026-09-30T01:20:37.468 0.0,0.0,0.0,0.0,0.0,0.25789473684210534
2026-09-30T01:20:37.519 0.0,0.0,0.0,0.0,0.0,0.25789473684210534
2026-09-30T01:20:37.568 0.0,0.0,0.0,0.0,0.0,0.25789473684210534
2026-09-30T01:20:37.618 0.0,0.0,0.0,0.0,0.0,0.25789473684210534
2026-09-30T01:20:37.668 0.0,0.0,0.0,0.0,0.0,0.25789473684210534
2026-09-30T01:20:37.718 0.0,0.0,0.0,0.0,0.0,0.25789473684210534
2026-09-30T01:20:37.768 0.0,0.0,0.0,0.0,0.0,0.25789473684210534
2026-09-30T01:20:37.818 0.0,0.0,0.0,0.0,0.0,0.25789473684210534
2026-09-30T01:20:37.868 0.0,0.0,0.0,0.0,0.0,0.25789473684210534
2026-09-30T01:20:37.918 0.0,0.0,0.0,0.0,0.0,0.25789473684210534
2026-09-30T01:20:37.968 0.0,0.0,0.0,0.0,0.0,0.25789473684210534
2026-09-30T01:20:38.018 0.0,0.0,0.0,0.0,0.0,0.25789473684210534
2026-09-30T01:20:38.068 0.0,0.0,0.0,0.0,0.0,0.25789473684210534
2026-09-30T01:20:38.118 0.0,0.0,0.0,0.0,0.0,0.25789473684210534
2026-09-30T01:20:38.170 0.0,0.0,0.0,0.0,0.0,0.25789473684210534
2026-09-30T01:20:38.218 0.0,0.0,0.0,0.0,0.0,0.25789473684210534
2026-09-30T01:20:38.268 0.0,0.0,0.0,0.0,0.0,0.25789473684210534
2026-09-30T01:20:38.318 0.0,0.0,0.0,0.0,0.0,0.25789473684210534
2026-09-30T01:20:38.368 0.0,0.0,0.0,0.0,0.0,0.25789473684210534
2026-09-30T01:20:38.418 0.0,0.0,0.0,0.0,0.0,0.25789473684210534
2026-09-30T01:20:38.468 0.0,0.0,0.0,0.0,0.0,0.25789473684210534
2026-09-30T01:20:38.518 0.0,0.0,0.0,0.0,0.0,0.25789473684210534
2026-09-30T01:20:38.568 0.0,0.0,0.0,0.0,0.0,0.25789473684210534
2026-09-30T01:20:38.618 0.0,0.0,0.0,0.0,0.0,0.25789473684210534
2026-09-30T01:20:38.668 0.0,0.0,0.0,0.0,0.0,0.25789473684210534
2026-09-30T01:20:38.718 0.0,0.0,0.0,0.0,0.0,0.25789473684210534
2026-09-30T01:20:38.768 0.0,0.0,0.0,0.0,0.0,0.25789473684210534
2026-09-30T01:20:38.818 0.0,0.0,0.0,0.0,0.0,0.25789473684210534
2026-09-30T01:20:38.868 0.0,0.0,0.0,0.0,0.0,0.25789473684210534
2026-09-30T01:20:38.918 0.0,0.0,0.0,0.0,0.0,0.25789473684210534
2026-09-30T01:20:38.968 0.0,0.0,0.0,0.0,0.0,0.25789473684210534
2026-09-30T01:20:39.018 0.0,0.0,0.0,0.0,0.0,0.25789473684210534
2026-09-30T01:20:39.068 0.0,0.0,0.0,0.0,0.0,0.25789473684210534
2026-09-30T01:20:39.128 0.0,0.0,0.0,0.0,0.0,0.4178947368421053
2026-09-30T01:20:39.168 0.0,0.0,0.0,0.0,0.0,0.5778947368421053
2026-09-30T01:20:39.228 0.0,0.0,0.0,0.0,0.0,0.7
2026-09-30T01:20:39.268 0.0,0.0,0.0,0.0,0.0,0.7
2026-09-30T01:20:39.328 0.0,0.0,0.0,0.0,0.0,0.7
2026-09-30T01:20:39.368 0.0,0.0,0.0,0.0,0.0,0.7
2026-09-30T01:20:39.418 0.0,0.0,0.0,0.0,0.0,0.7
2026-09-30T01:20:39.468 0.0,0.0,0.0,0.0,0.0,0.7
2026-09-30T01:20:39.518 0.0,0.0,0.0,0.0,0.0,0.7
2026-09-30T01:20:39.568 0.0,0.0,0.0,0.0,0.0,0.7
2026-09-30T01:20:39.628 0.0,0.0,0.0,0.0,0.0,0.7
2026-09-30T01:20:39.668 0.0,0.0,0.0,0.0,0.0,0.7
2026-09-30T01:20:39.718 0.0,0.0,0.0,0.0,0.0,0.7
2026-09-30T01:20:39.768 0.0,0.0,0.0,0.0,0.0,0.7
2026-09-30T01:20:39.820 0.0,0.0,0.0,0.0,0.0,0.7
2026-09-30T01:20:39.868 0.0,0.0,0.0,0.0,0.0,0.7
2026-09-30T01:20:39.918 0.0,0.0,0.0,0.0,0.0,0.7
2026-09-30T01:20:39.968 0.0,0.0,0.0,0.0,0.0,0.7
2026-09-30T01:20:40.018 0.0,0.0,0.0,0.0,0.0,0.7
2026-09-30T01:20:40.068 0.0,0.0,0.0,0.0,0.0,0.7
2026-09-30T01:20:40.118 0.0,0.0,0.0,0.0,0.0,0.7
2026-09-30T01:20:40.168 0.0,0.0,0.0,0.0,0.0,0.6263157894736843
2026-09-30T01:20:40.220 0.0,0.0,0.0,0.0,0.0,0.6263157894736843
2026-09-30T01:20:40.268 0.0,0.0,0.0,0.0,0.0,0.6263157894736843
2026-09-30T01:20:40.318 0.0,0.0,0.0,0.0,0.0,0.6263157894736843
2026-09-30T01:20:40.368 0.0,0.0,0.0,0.0,0.0,0.6263157894736843
2026-09-30T01:20:40.418 0.0,0.0,0.0,0.0,0.0,0.6263157894736843
2026-09-30T01:20:40.468 0.0,0.0,0.0,0.0,0.0,0.6263157894736843
2026-09-30T01:20:40.518 0.0,0.0,0.0,0.0,0.0,0.6263157894736843
2026-09-30T01:20:40.568 0.0,0.0,0.0,0.0,0.0,0.6263157894736843
2026-09-30T01:20:40.618 0.0,0.0,0.0,0.0,0.0,0.6263157894736843
2026-09-30T01:20:40.668 0.0,0.0,0.0,0.0,0.0,0.6263157894736843
2026-09-30T01:20:40.718 0.0,0.0,0.0,0.0,0.0,0.5526315789473685
2026-09-30T01:20:40.768 0.0,0.0,0.0,0.0,0.0,0.5526315789473685
2026-09-30T01:20:40.818 0.0,0.0,0.0,0.0,0.0,0.5526315789473685
2026-09-30T01:20:40.868 0.0,0.0,0.0,0.0,0.0,0.5526315789473685
2026-09-30T01:20:40.918 0.0,0.0,0.0,0.0,0.0,0.5526315789473685
2026-09-30T01:20:40.968 0.0,0.0,0.0,0.0,0.0,0.5526315789473685
2026-09-30T01:20:41.018 0.0,0.0,0.0,0.0,0.0,0.5526315789473685
2026-09-30T01:20:41.068 0.0,0.0,0.0,0.0,0.0,0.5526315789473685
2026-09-30T01:20:41.118 0.0,0.0,0.0,0.0,0.0,0.5526315789473685
2026-09-30T01:20:41.168 0.0,0.0,0.0,0.0,0.0,0.5526315789473685
2026-09-30T01:20:41.218 0.0,0.0,0.0,0.0,0.0,0.5526315789473685
2026-09-30T01:20:41.268 0.0,0.0,0.0,0.0,0.0,0.47894736842105273
2026-09-30T01:20:41.328 0.0,0.0,0.0,0.0,0.0,0.47894736842105273
2026-09-30T01:20:41.369 0.0,0.0,0.0,0.0,0.0,0.47894736842105273
2026-09-30T01:20:41.418 0.0,0.0,0.0,0.0,0.0,0.47894736842105273
2026-09-30T01:20:41.468 0.0,0.0,0.0,0.0,0.0,0.47894736842105273
2026-09-30T01:20:41.518 0.0,0.0,0.0,0.0,0.0,0.47894736842105273
2026-09-30T01:20:41.568 0.0,0.0,0.0,0.0,0.0,0.47894736842105273
2026-09-30T01:20:41.618 0.0,0.0,0.0,0.0,0.0,0.47894736842105273
2026-09-30T01:20:41.668 0.0,0.0,0.0,0.0,0.0,0.47894736842105273
2026-09-30T01:20:41.718 0.0,0.0,0.0,0.0,0.0,0.47894736842105273
2026-09-30T01:20:41.768 0.0,0.0,0.0,0.0,0.0,0.47894736842105273
2026-09-30T01:20:41.818 0.0,0.0,0.0,0.0,0.0,0.47894736842105273
2026-09-30T01:20:41.868 0.0,0.0,0.0,0.0,0.0,0.40526315789473694
2026-09-30T01:20:41.920 0.0,0.0,0.0,0.0,0.0,0.40526315789473694
2026-09-30T01:20:41.968 0.0,0.0,0.0,0.0,0.0,0.40526315789473694
2026-09-30T01:20:42.018 0.0,0.0,0.0,0.0,0.0,0.40526315789473694
2026-09-30T01:20:42.068 0.0,0.0,0.0,0.0,0.0,0.40526315789473694
2026-09-30T01:20:42.118 0.0,0.0,0.0,0.0,0.0,0.40526315789473694
2026-09-30T01:20:42.168 0.0,0.0,0.0,0.0,0.0,0.5652631578947369
2026-09-30T01:20:42.218 0.0,0.0,0.0,0.0,0.0,0.7
2026-09-30T01:20:42.268 0.0,0.0,0.0,0.0,0.0,0.7
2026-09-30T01:20:42.318 0.0,0.0,0.0,0.0,0.0,0.7
2026-09-30T01:20:42.368 0.0,0.0,0.0,0.0,0.0,0.7
2026-09-30T01:20:42.418 0.0,0.0,0.0,0.0,0.0,0.7
2026-09-30T01:20:42.468 0.0,0.0,0.0,0.0,0.0,0.7
2026-09-30T01:20:42.518 0.0,0.0,0.0,0.0,0.0,0.7
2026-09-30T01:20:42.568 0.0,0.0,0.0,0.0,0.0,0.7
2026-09-30T01:20:42.618 0.0,0.0,0.0,0.0,0.0,0.7
2026-09-30T01:20:42.668 0.0,0.0,0.0,0.0,0.0,0.7
2026-09-30T01:20:42.718 0.0,0.0,0.0,0.0,0.0,0.7
2026-09-30T01:20:42.768 0.0,0.0,0.0,0.0,0.0,0.7
2026-09-30T01:20:42.818 0.0,0.0,0.0,0.0,0.0,0.6263157894736843
2026-09-30T01:20:42.868 0.0,0.0,0.0,0.0,0.0,0.6263157894736843
2026-09-30T01:20:42.918 0.0,0.0,0.0,0.0,0.0,0.6263157894736843
2026-09-30T01:20:42.968 0.0,0.0,0.0,0.0,0.0,0.6263157894736843
2026-09-30T01:20:43.018 0.0,0.0,0.0,0.0,0.0,0.6263157894736843
2026-09-30T01:20:43.078 0.0,0.0,0.0,0.0,0.0,0.6263157894736843
2026-09-30T01:20:43.118 0.0,0.0,0.0,0.0,0.0,0.6263157894736843
2026-09-30T01:20:43.168 0.0,0.0,0.0,0.0,0.0,0.6263157894736843
2026-09-30T01:20:43.218 0.0,0.0,0.0,0.0,0.0,0.6263157894736843
2026-09-30T01:20:43.268 0.0,0.0,0.0,0.0,0.0,0.6263157894736843
2026-09-30T01:20:43.318 0.0,0.0,0.0,0.0,0.0,0.5526315789473685
2026-09-30T01:20:43.368 0.0,0.0,0.0,0.0,0.0,0.5526315789473685
2026-09-30T01:20:43.418 0.0,0.0,0.0,0.0,0.0,0.5526315789473685
2026-09-30T01:20:43.468 0.0,0.0,0.0,0.0,0.0,0.5526315789473685
2026-09-30T01:20:43.518 0.0,0.0,0.0,0.0,0.0,0.5526315789473685
2026-09-30T01:20:43.568 0.0,0.0,0.0,0.0,0.0,0.5526315789473685
2026-09-30T01:20:43.618 0.0,0.0,0.0,0.0,0.0,0.5526315789473685
2026-09-30T01:20:43.678 0.0,0.0,0.0,0.0,0.0,0.5526315789473685
2026-09-30T01:20:43.718 0.0,0.0,0.0,0.0,0.0,0.5526315789473685
2026-09-30T01:20:43.778 0.0,0.0,0.0,0.0,0.0,0.5526315789473685
2026-09-30T01:20:43.818 0.0,0.0,0.0,0.0,0.0,0.47894736842105273
2026-09-30T01:20:43.868 0.0,0.0,0.0,0.0,0.0,0.47894736842105273
2026-09-30T01:20:43.919 0.0,0.0,0.0,0.0,0.0,0.47894736842105273
2026-09-30T01:20:43.968 0.0,0.0,0.0,0.0,0.0,0.47894736842105273
2026-09-30T01:20:44.018 0.0,0.0,0.0,0.0,0.0,0.47894736842105273
2026-09-30T01:20:44.068 0.0,0.0,0.0,0.0,0.0,0.47894736842105273
2026-09-30T01:20:44.118 0.0,0.0,0.0,0.0,0.0,0.47894736842105273
2026-09-30T01:20:44.168 0.0,0.0,0.0,0.0,0.0,0.47894736842105273
2026-09-30T01:20:44.218 0.0,0.0,0.0,0.0,0.0,0.47894736842105273
2026-09-30T01:20:44.268 0.0,0.0,0.0,0.0,0.0,0.47894736842105273
2026-09-30T01:20:44.318 0.0,0.0,0.0,0.0,0.0,0.47894736842105273
2026-09-30T01:20:44.368 0.0,0.0,0.0,0.0,0.0,0.47894736842105273
2026-09-30T01:20:44.418 0.0,0.0,0.0,0.0,0.0,0.47894736842105273
2026-09-30T01:20:44.468 0.0,0.0,0.0,0.0,0.0,0.40526315789473694
2026-09-30T01:20:44.518 0.0,0.0,0.0,0.0,0.0,0.40526315789473694
2026-09-30T01:20:44.568 0.0,0.0,0.0,0.0,0.0,0.40526315789473694
2026-09-30T01:20:44.618 0.0,0.0,0.0,0.0,0.0,0.40526315789473694
2026-09-30T01:20:44.668 0.0,0.0,0.0,0.0,0.0,0.40526315789473694
2026-09-30T01:20:44.718 0.0,0.0,0.0,0.0,0.0,0.40526315789473694
2026-09-30T01:20:44.768 0.0,0.0,0.0,0.0,0.0,0.40526315789473694
2026-09-30T01:20:44.818 0.0,0.0,0.0,0.0,0.0,0.40526315789473694
2026-09-30T01:20:44.868 0.0,0.0,0.0,0.0,0.0,0.40526315789473694
2026-09-30T01:20:44.918 0.0,0.0,0.0,0.0,0.0,0.40526315789473694
2026-09-30T01:20:44.968 0.0,0.0,0.0,0.0,0.0,0.5652631578947369
2026-09-30T01:20:45.018 0.0,0.0,0.0,0.0,0.0,0.7
2026-09-30T01:20:45.068 0.0,0.0,0.0,0.0,0.0,0.7
2026-09-30T01:20:45.118 0.0,0.0,0.0,0.0,0.0,0.7
2026-09-30T01:20:45.168 0.0,0.0,0.0,0.0,0.0,0.7
2026-09-30T01:20:45.218 0.0,0.0,0.0,0.0,0.0,0.7
2026-09-30T01:20:45.268 0.0,0.0,0.0,0.0,0.0,0.7
2026-09-30T01:20:45.318 0.0,0.0,0.0,0.0,0.0,0.7
2026-09-30T01:20:45.368 0.0,0.0,0.0,0.0,0.0,0.7
2026-09-30T01:20:45.418 0.0,0.0,0.0,0.0,0.0,0.7
2026-09-30T01:20:45.468 0.0,0.0,0.0,0.0,0.0,0.7
2026-09-30T01:20:45.518 0.0,0.0,0.0,0.0,0.0,0.7
2026-09-30T01:20:45.568 0.0,0.0,0.0,0.0,0.0,0.7
2026-09-30T01:20:45.618 0.0,0.0,0.0,0.0,0.0,0.7
2026-09-30T01:20:45.668 0.0,0.0,0.0,0.0,0.0,0.6263157894736843
2026-09-30T01:20:45.718 0.0,0.0,0.0,0.0,0.0,0.6263157894736843
2026-09-30T01:20:45.768 0.0,0.0,0.0,0.0,0.0,0.6263157894736843
2026-09-30T01:20:45.818 0.0,0.0,0.0,0.0,0.0,0.6263157894736843
2026-09-30T01:20:45.868 0.0,0.0,0.0,0.0,0.0,0.6263157894736843
2026-09-30T01:20:45.918 0.0,0.0,0.0,0.0,0.0,0.6263157894736843
2026-09-30T01:20:45.968 0.0,0.0,0.0,0.0,0.0,0.6263157894736843
2026-09-30T01:20:46.018 0.0,0.0,0.0,0.0,0.0,0.6263157894736843
2026-09-30T01:20:46.068 0.0,0.0,0.0,0.0,0.0,0.6263157894736843
2026-09-30T01:20:46.118 0.0,0.0,0.0,0.0,0.0,0.6263157894736843
2026-09-30T01:20:46.168 0.0,0.0,0.0,0.0,0.0,0.5526315789473685
2026-09-30T01:20:46.218 0.0,0.0,0.0,0.0,0.0,0.5526315789473685
2026-09-30T01:20:46.268 0.0,0.0,0.0,0.0,0.0,0.5526315789473685
2026-09-30T01:20:46.318 0.0,0.0,0.0,0.0,0.0,0.5526315789473685
2026-09-30T01:20:46.368 0.0,0.0,0.0,0.0,0.0,0.5526315789473685
2026-09-30T01:20:46.418 0.0,0.0,0.0,0.0,0.0,0.5526315789473685
2026-09-30T01:20:46.468 0.0,0.0,0.0,0.0,0.0,0.7
2026-09-30T01:20:46.518 0.0,0.0,0.0,0.0,0.0,0.7
2026-09-30T01:20:46.568 0.0,0.0,0.0,0.0,0.0,0.7
2026-09-30T01:20:46.618 0.0,0.0,0.0,0.0,0.0,0.7
2026-09-30T01:20:46.668 0.0,0.0,0.0,0.0,0.0,0.7
2026-09-30T01:20:46.718 0.0,0.0,0.0,0.0,0.0,0.7
2026-09-30T01:20:46.768 0.0,0.0,0.0,0.0,0.0,0.7
2026-09-30T01:20:46.818 0.0,0.0,0.0,0.0,0.0,0.7
2026-09-30T01:20:46.868 0.0,0.0,0.0,0.0,0.0,0.7
2026-09-30T01:20:46.920 0.0,0.0,0.0,0.0,0.0,0.7
2026-09-30T01:20:46.968 0.0,0.0,0.0,0.0,0.0,0.6263157894736843
2026-09-30T01:20:47.018 0.0,0.0,0.0,0.0,0.0,0.6263157894736843
2026-09-30T01:20:47.068 0.0,0.0,0.0,0.0,0.0,0.6263157894736843
2026-09-30T01:20:47.118 0.0,0.0,0.0,0.0,0.0,0.6263157894736843
2026-09-30T01:20:47.168 0.0,0.0,0.0,0.0,0.0,0.6263157894736843
2026-09-30T01:20:47.218 0.0,0.0,0.0,0.0,0.0,0.6263157894736843
2026-09-30T01:20:47.268 0.0,0.0,0.0,0.0,0.0,0.6263157894736843
2026-09-30T01:20:47.318 0.0,0.0,0.0,0.0,0.0,0.6263157894736843
2026-09-30T01:20:47.368 0.0,0.0,0.0,0.0,0.0,0.5526315789473685
2026-09-30T01:20:47.418 0.0,0.0,0.0,0.0,0.0,0.5526315789473685
2026-09-30T01:20:47.468 0.0,0.0,0.0,0.0,0.0,0.5526315789473685
2026-09-30T01:20:47.518 0.0,0.0,0.0,0.0,0.0,0.5526315789473685
2026-09-30T01:20:47.568 0.0,0.0,0.0,0.0,0.0,0.5526315789473685
2026-09-30T01:20:47.618 0.0,0.0,0.0,0.0,0.0,0.5526315789473685
2026-09-30T01:20:47.668 0.0,0.0,0.0,0.0,0.0,0.5526315789473685
2026-09-30T01:20:47.718 0.0,0.0,0.0,0.0,0.0,0.5526315789473685
2026-09-30T01:20:47.768 0.0,0.0,0.0,0.0,0.0,0.5526315789473685
2026-09-30T01:20:47.818 0.0,0.0,0.0,0.0,0.0,0.47894736842105273
2026-09-30T01:20:47.868 0.0,0.0,0.0,0.0,0.0,0.47894736842105273
2026-09-30T01:20:47.918 0.0,0.0,0.0,0.0,0.0,0.47894736842105273
2026-09-30T01:20:47.968 0.0,0.0,0.0,0.0,0.0,0.47894736842105273
2026-09-30T01:20:48.018 0.0,0.0,0.0,0.0,0.0,0.47894736842105273
2026-09-30T01:20:48.068 0.0,0.0,0.0,0.0,0.0,0.47894736842105273
2026-09-30T01:20:48.118 0.0,0.0,0.0,0.0,0.0,0.47894736842105273
2026-09-30T01:20:48.168 0.0,0.0,0.0,0.0,0.0,0.47894736842105273
2026-09-30T01:20:48.218 0.0,0.0,0.0,0.0,0.0,0.47894736842105273
2026-09-30T01:20:48.268 0.0,0.0,0.0,0.0,0.0,0.40526315789473694
2026-09-30T01:20:48.318 0.0,0.0,0.0,0.0,0.0,0.40526315789473694
2026-09-30T01:20:48.368 0.0,0.0,0.0,0.0,0.0,0.40526315789473694
2026-09-30T01:20:48.418 0.0,0.0,0.0,0.0,0.0,0.40526315789473694
2026-09-30T01:20:48.468 0.0,0.0,0.0,0.0,0.0,0.40526315789473694
2026-09-30T01:20:48.518 0.0,0.0,0.0,0.0,0.0,0.40526315789473694
2026-09-30T01:20:48.568 0.0,0.0,0.0,0.0,0.0,0.40526315789473694
2026-09-30T01:20:48.618 0.0,0.0,0.0,0.0,0.0,0.40526315789473694
2026-09-30T01:20:48.668 0.0,0.0,0.0,0.0,0.0,0.40526315789473694
2026-09-30T01:20:48.718 0.0,0.0,0.0,0.0,0.0,0.40526315789473694
2026-09-30T01:20:48.768 0.0,0.0,0.0,0.0,0.0,0.40526315789473694
2026-09-30T01:20:48.818 0.0,0.0,0.0,0.0,0.0,0.33157894736842114
2026-09-30T01:20:48.868 0.0,0.0,0.0,0.0,0.0,0.33157894736842114
2026-09-30T01:20:48.918 0.0,0.0,0.0,0.0,0.0,0.33157894736842114
2026-09-30T01:20:48.968 0.0,0.0,0.0,0.0,0.0,0.4915789473684211
2026-09-30T01:20:49.018 0.0,0.0,0.0,0.0,0.0,0.6515789473684211
2026-09-30T01:20:49.068 0.0,0.0,0.0,0.0,0.0,0.7
2026-09-30T01:20:49.128 0.0,0.0,0.0,0.0,0.0,0.7
2026-09-30T01:20:49.168 0.0,0.0,0.0,0.0,0.0,0.7
2026-09-30T01:20:49.218 0.0,0.0,0.0,0.0,0.0,0.7
2026-09-30T01:20:49.268 0.0,0.0,0.0,0.0,0.0,0.7
2026-09-30T01:20:49.318 0.0,0.0,0.0,0.0,0.0,0.7
2026-09-30T01:20:49.368 0.0,0.0,0.0,0.0,0.0,0.7
2026-09-30T01:20:49.418 0.0,0.0,0.0,0.0,0.0,0.7
2026-09-30T01:20:49.468 0.0,0.0,0.0,0.0,0.0,0.7
2026-09-30T01:20:49.518 0.0,0.0,0.0,0.0,0.0,0.7
2026-09-30T01:20:49.568 0.0,0.0,0.0,0.0,0.0,0.7
2026-09-30T01:20:49.618 0.0,0.0,0.0,0.0,0.0,0.6263157894736843
2026-09-30T01:20:49.668 0.0,0.0,0.0,0.0,0.0,0.6263157894736843
2026-09-30T01:20:49.718 0.0,0.0,0.0,0.0,0.0,0.6263157894736843
2026-09-30T01:20:49.768 0.0,0.0,0.0,0.0,0.0,0.6263157894736843
2026-09-30T01:20:49.818 0.0,0.0,0.0,0.0,0.0,0.6263157894736843
2026-09-30T01:20:49.868 0.0,0.0,0.0,0.0,0.0,0.6263157894736843
2026-09-30T01:20:49.918 0.0,0.0,0.0,0.0,0.0,0.6263157894736843
2026-09-30T01:20:49.968 0.0,0.0,0.0,0.0,0.0,0.6263157894736843
2026-09-30T01:20:50.018 0.0,0.0,0.0,0.0,0.0,0.6263157894736843
2026-09-30T01:20:50.068 0.0,0.0,0.0,0.0,0.0,0.5526315789473685
2026-09-30T01:20:50.118 0.0,0.0,0.0,0.0,0.0,0.5526315789473685
2026-09-30T01:20:50.168 0.0,0.0,0.0,0.0,0.0,0.5526315789473685
2026-09-30T01:20:50.218 0.0,0.0,0.0,0.0,0.0,0.5526315789473685
2026-09-30T01:20:50.268 0.0,0.0,0.0,0.0,0.0,0.5526315789473685
2026-09-30T01:20:50.318 0.08421052631578947,0.0,0.0,0.0,0.0,0.7
2026-09-30T01:20:50.368 0.08421052631578947,0.0,0.0,0.0,0.0,0.7
2026-09-30T01:20:50.418 0.08421052631578947,0.0,0.0,0.0,0.0,0.7
2026-09-30T01:20:50.468 0.08421052631578947,0.0,0.0,0.0,0.0,0.7
2026-09-30T01:20:50.518 0.08421052631578947,0.0,0.0,0.0,0.0,0.7
2026-09-30T01:20:50.578 0.08421052631578947,0.0,0.0,0.0,0.0,0.7
2026-09-30T01:20:50.618 0.08421052631578947,0.0,0.0,0.0,0.0,0.7
2026-09-30T01:20:50.668 0.042105263157894736,0.0,0.0,0.0,0.0,0.7
2026-09-30T01:20:50.718 0.042105263157894736,0.0,0.0,0.0,0.0,0.7
2026-09-30T01:20:50.768 0.042105263157894736,0.0,0.0,0.0,0.0,0.7
2026-09-30T01:20:50.818 0.042105263157894736,0.0,0.0,0.0,0.0,0.7
2026-09-30T01:20:50.868 0.042105263157894736,0.0,0.0,0.0,0.0,0.7
2026-09-30T01:20:50.918 0.042105263157894736,0.0,0.0,0.0,0.0,0.7
2026-09-30T01:20:50.968 0.042105263157894736,0.0,0.0,0.0,0.0,0.7
2026-09-30T01:20:51.018 0.042105263157894736,0.0,0.0,0.0,0.0,0.7
2026-09-30T01:20:51.068 0.042105263157894736,0.0,0.0,0.0,0.0,0.7
2026-09-30T01:20:51.119 0.042105263157894736,0.0,0.0,0.0,0.0,0.7
2026-09-30T01:20:51.168 0.042105263157894736,0.0,0.0,0.0,0.0,0.7
2026-09-30T01:20:51.218 0.042105263157894736,0.0,0.0,0.0,0.0,0.7
2026-09-30T01:20:51.268 0.042105263157894736,0.0,0.0,0.0,0.0,0.7
2026-09-30T01:20:51.318 0.042105263157894736,0.0,0.0,0.0,0.0,0.6263157894736843
2026-09-30T01:20:51.368 0.042105263157894736,0.0,0.0,0.0,0.0,0.6263157894736843
2026-09-30T01:20:51.428 0.042105263157894736,0.0,0.0,0.0,0.0,0.6263157894736843
2026-09-30T01:20:51.468 0.042105263157894736,0.0,0.0,0.0,0.0,0.6263157894736843
2026-09-30T01:20:51.518 0.042105263157894736,0.0,0.0,0.0,0.0,0.6263157894736843
2026-09-30T01:20:51.568 0.08421052631578947,0.0,0.0,0.0,0.0,0.7
2026-09-30T01:20:51.618 0.08421052631578947,0.0,0.0,0.0,0.0,0.7
2026-09-30T01:20:51.670 0.08421052631578947,0.0,0.0,0.0,0.0,0.7
2026-09-30T01:20:51.718 0.08421052631578947,0.0,0.0,0.0,0.0,0.7
2026-09-30T01:20:51.768 0.08421052631578947,0.0,0.0,0.0,0.0,0.7
2026-09-30T01:20:51.819 0.0,0.0,0.0,0.0,0.0,0.7
2026-09-30T01:20:51.868 0.0,0.0,0.0,0.0,0.0,0.7
2026-09-30T01:20:51.918 0.0,0.0,0.0,0.0,0.0,0.7
2026-09-30T01:20:51.968 0.0,0.0,0.0,0.0,0.0,0.7
2026-09-30T01:20:52.018 0.0,0.0,0.0,0.0,0.0,0.7
2026-09-30T01:20:52.068 0.0,0.0,0.0,0.0,0.0,0.7
2026-09-30T01:20:52.118 0.0,0.0,0.0,0.0,0.0,0.7
2026-09-30T01:20:52.168 0.042105263157894736,0.0,0.0,0.0,0.0,0.7
2026-09-30T01:20:52.218 0.16710526315789473,0.0,0.0,0.0,0.0,0.7
2026-09-30T01:20:52.268 0.21052631578947367,0.0,0.0,0.0,0.0,0.7
2026-09-30T01:20:52.328 0.21052631578947367,0.0,0.0,0.0,0.0,0.7
2026-09-30T01:20:52.368 0.25263157894736843,0.0,0.0,0.0,0.0,0.7
2026-09-30T01:20:52.418 0.37763157894736843,0.0,0.0,0.0,0.0,0.7
2026-09-30T01:20:52.468 0.25263157894736843,0.0,0.0,0.0,0.0,0.7
2026-09-30T01:20:52.518 0.37763157894736843,0.0,0.0,0.0,0.0,0.7
2026-09-30T01:20:52.568 0.4631578947368422,0.0,0.0,0.0,0.0,0.7
2026-09-30T01:20:52.618 0.5881578947368422,0.0,0.0,0.0,0.0,0.7
2026-09-30T01:20:52.668 0.7131578947368422,0.0,0.0,0.0,0.0,0.7
2026-09-30T01:20:52.720 0.7157894736842108,0.0,0.0,0.0,0.0,0.7
2026-09-30T01:20:52.768 0.7157894736842108,0.0,0.0,0.0,0.0,0.7
2026-09-30T01:20:52.818 0.8,0.0,0.0,0.0,0.0,0.7
2026-09-30T01:20:52.868 0.7578947368421055,0.0,0.0,0.0,0.0,0.7
2026-09-30T01:20:52.918 0.7578947368421055,0.0,0.0,0.0,0.0,0.7
2026-09-30T01:20:52.978 0.7578947368421055,0.0,0.0,0.0,0.0,0.7
2026-09-30T01:20:53.018 0.7578947368421055,0.0,0.0,0.0,0.0,0.7
2026-09-30T01:20:53.068 0.7578947368421055,0.0,0.0,0.0,0.0,0.7
2026-09-30T01:20:53.118 0.8,0.0,0.0,0.0,0.0,0.7
2026-09-30T01:20:53.178 0.8,0.0,0.0,0.0,0.0,0.7
2026-09-30T01:20:53.218 0.7578947368421055,0.0,0.0,0.0,0.0,0.7
2026-09-30T01:20:53.268 0.7578947368421055,0.0,0.0,0.0,0.0,0.7
2026-09-30T01:20:53.318 0.7578947368421055,0.0,0.0,0.0,0.0,0.7
2026-09-30T01:20:53.368 0.7578947368421055,0.0,0.0,0.0,0.0,0.7
2026-09-30T01:20:54.274 0.7157894736842108,0.0,0.0,0.0,0.0,0.7
2026-09-30T01:20:54.324 0.7157894736842108,0.0,0.0,0.0,0.0,0.7
2026-09-30T01:20:55.537 0.8,0.0,0.0,0.0,0.0,0.7
2026-09-30T01:20:55.598 0.8,0.0,0.0,0.0,0.0,0.7
2026-09-30T01:20:55.637 0.8,0.0,0.0,0.0,0.0,0.7
2026-09-30T01:20:55.687 0.8,0.0,0.0,0.0,0.0,0.7
2026-09-30T01:20:55.737 0.7578947368421055,0.0,0.0,0.0,0.0,0.7
2026-09-30T01:20:55.787 0.8,0.0,0.0,0.0,0.0,0.7
2026-09-30T01:20:55.847 0.8,0.0,0.0,0.0,0.0,0.7
2026-09-30T01:20:55.890 0.8,0.0,0.0,0.0,0.0,0.7
2026-09-30T01:20:55.948 0.8,0.0,0.0,0.0,0.0,0.7
2026-09-30T01:20:55.987 0.7578947368421055,0.0,0.0,0.0,0.0,0.7
2026-09-30T01:20:56.037 0.8,0.0,0.0,0.0,0.0,0.7
2026-09-30T01:20:56.087 0.8,0.0,0.0,0.0,0.0,0.7
2026-09-30T01:20:56.137 0.7578947368421055,0.0,0.0,0.0,0.0,0.7
2026-09-30T01:20:56.187 0.8,0.0,0.0,0.0,0.0,0.7
2026-09-30T01:20:56.238 0.8,0.0,0.0,0.0,0.0,0.7
2026-09-30T01:20:56.287 0.7578947368421055,0.0,0.0,0.0,0.0,0.7
2026-09-30T01:20:56.338 0.8,0.0,0.0,0.0,0.0,0.7
2026-09-30T01:20:56.387 0.8,0.0,0.0,0.0,0.0,0.7
2026-09-30T01:20:56.437 0.8,0.0,0.0,0.0,0.0,0.7
2026-09-30T01:20:56.487 0.8,0.0,0.0,0.0,0.0,0.7
2026-09-30T01:20:56.537 0.8,0.0,0.0,0.0,0.0,0.7
2026-09-30T01:20:56.588 0.8,0.0,0.0,0.0,0.0,0.7
2026-09-30T01:20:56.637 0.8,0.0,0.0,0.0,0.0,0.7
2026-09-30T01:20:56.687 0.8,0.0,0.0,0.0,0.0,0.7
2026-09-30T01:20:56.737 0.8,0.0,0.0,0.0,0.0,0.7
2026-09-30T01:20:56.787 0.8,0.0,0.0,0.0,0.0,0.7
2026-09-30T01:20:56.837 0.8,0.0,0.0,0.0,0.0,0.7
2026-09-30T01:20:56.888 0.8,0.0,0.0,0.0,0.0,0.7
2026-09-30T01:20:56.938 0.8,0.0,0.0,0.0,0.0,0.7
2026-09-30T01:20:56.988 0.8,0.0,0.0,0.0,0.0,0.7
2026-09-30T01:20:57.037 0.8,0.0,0.0,0.0,0.0,0.7
2026-09-30T01:20:57.087 0.8,0.0,0.0,0.0,0.0,0.7
2026-09-30T01:20:57.148 0.8,0.0,0.0,0.0,0.0,0.7
2026-09-30T01:20:57.187 0.7578947368421055,0.0,0.0,0.0,0.0,0.7
2026-09-30T01:20:57.237 0.8,0.0,0.0,0.0,0.0,0.7
2026-09-30T01:20:57.288 0.8,0.0,0.0,0.0,0.0,0.7
2026-09-30T01:20:57.337 0.8,0.0,0.0,0.0,0.0,0.7
2026-09-30T01:20:57.387 0.8,0.0,0.0,0.0,0.0,0.7
2026-09-30T01:20:57.438 0.8,0.0,0.0,0.0,0.0,0.7
2026-09-30T01:20:57.487 0.8,0.0,0.0,0.0,0.0,0.6263157894736843
2026-09-30T01:20:57.537 0.8,0.0,0.0,0.0,0.0,0.7
2026-09-30T01:20:57.590 0.8,0.0,0.0,0.0,0.0,0.7
2026-09-30T01:20:57.637 0.8,0.0,0.0,0.0,0.0,0.5526315789473685
2026-09-30T01:20:57.687 0.8,0.0,0.0,0.0,0.0,0.5526315789473685
2026-09-30T01:20:57.737 0.8,0.0,0.0,0.0,0.0,0.5526315789473685
2026-09-30T01:20:57.787 0.8,0.0,0.0,0.0,0.0,0.5526315789473685
2026-09-30T01:20:57.837 0.8,0.0,0.0,0.0,0.0,0.47894736842105273
2026-09-30T01:20:57.887 0.8,0.0,0.0,0.0,0.0,0.47894736842105273
2026-09-30T01:20:57.937 0.8,0.0,0.0,0.0,0.0,0.47894736842105273
2026-09-30T01:20:57.987 0.8,0.0,0.0,0.0,0.0,0.47894736842105273
2026-09-30T01:20:58.037 0.8,0.0,0.0,0.0,0.0,0.47894736842105273
2026-09-30T01:20:58.087 0.8,0.0,0.0,0.0,0.0,0.40526315789473694
2026-09-30T01:20:58.137 0.8,0.0,0.0,0.0,0.0,0.40526315789473694
2026-09-30T01:20:58.187 0.8,0.0,0.0,0.0,0.0,0.40526315789473694
2026-09-30T01:20:58.238 0.8,0.0,0.0,0.0,0.0,0.40526315789473694
2026-09-30T01:20:58.287 0.8,0.0,0.0,0.0,0.0,0.40526315789473694
2026-09-30T01:20:58.337 0.8,0.0,0.0,0.0,0.0,0.40526315789473694
2026-09-30T01:20:58.387 0.8,0.0,0.0,0.0,0.0,0.40526315789473694
2026-09-30T01:20:58.438 0.8,0.0,0.0,0.0,0.0,0.33157894736842114
2026-09-30T01:20:58.488 0.8,0.0,0.0,0.0,0.0,0.33157894736842114
2026-09-30T01:20:58.538 0.8,0.0,0.0,0.0,0.0,0.33157894736842114
2026-09-30T01:20:58.587 0.8,0.0,0.0,0.0,0.0,0.33157894736842114
2026-09-30T01:20:58.639 0.8,0.0,0.0,0.0,0.0,0.25789473684210534
2026-09-30T01:20:58.687 0.8,0.0,0.0,0.0,0.0,0.33157894736842114
2026-09-30T01:20:58.737 0.8,0.0,0.0,0.0,0.0,0.33157894736842114
2026-09-30T01:20:58.787 0.8,0.0,0.0,0.0,0.0,0.33157894736842114
2026-09-30T01:20:58.838 0.8,0.0,0.0,0.0,0.0,0.33157894736842114
2026-09-30T01:20:58.887 0.8,0.0,0.0,0.0,0.0,0.33157894736842114
2026-09-30T01:20:58.938 0.8,0.0,0.0,0.0,0.0,0.33157894736842114
2026-09-30T01:20:58.987 0.8,0.0,0.0,0.0,0.0,0.25789473684210534
2026-09-30T01:20:59.037 0.8,0.0,0.0,0.0,0.0,0.25789473684210534
2026-09-30T01:20:59.087 0.8,0.0,0.0,0.0,0.0,0.25789473684210534
2026-09-30T01:20:59.137 0.8,0.0,0.0,0.0,0.0,0.25789473684210534
2026-09-30T01:20:59.187 0.8,0.0,0.0,0.0,0.0,0.25789473684210534
2026-09-30T01:20:59.237 0.8,0.0,0.0,0.0,0.0,0.25789473684210534
2026-09-30T01:20:59.287 0.8,0.0,0.0,0.0,0.0,0.25789473684210534
2026-09-30T01:20:59.337 0.8,0.0,0.0,0.0,0.0,0.18421052631578955
2026-09-30T01:20:59.387 0.8,0.0,0.0,0.0,0.0,0.18421052631578955
2026-09-30T01:20:59.437 0.8,0.0,0.0,0.0,0.0,0.18421052631578955
2026-09-30T01:20:59.488 0.8,0.0,0.0,0.0,0.0,0.18421052631578955
2026-09-30T01:20:59.537 0.8,0.0,0.0,0.0,0.0,0.18421052631578955
2026-09-30T01:20:59.587 0.8,0.0,0.0,0.0,0.0,0.18421052631578955
2026-09-30T01:20:59.637 0.8,0.0,0.0,0.0,0.0,0.18421052631578955
2026-09-30T01:20:59.687 0.8,0.0,0.0,0.0,0.0,0.024210526315789543
2026-09-30T01:20:59.737 0.8,0.0,0.0,0.0,0.0,0.0
2026-09-30T01:20:59.787 0.8,0.0,0.0,0.0,0.0,-0.036842105263157815
2026-09-30T01:20:59.837 0.8,0.0,0.0,0.0,0.0,-0.036842105263157815
2026-09-30T01:20:59.887 0.8,0.0,0.0,0.0,0.0,-0.036842105263157815
2026-09-30T01:20:59.937 0.8,0.0,0.0,0.0,0.0,-0.036842105263157815
2026-09-30T01:20:59.987 0.8,0.0,0.0,0.0,0.0,-0.036842105263157815
2026-09-30T01:21:00.037 0.8,0.0,0.0,0.0,0.0,-0.1105263157894736
2026-09-30T01:21:00.088 0.8,0.0,0.0,0.0,0.0,-0.1105263157894736
2026-09-30T01:21:00.137 0.8,0.0,0.0,0.0,0.0,-0.1105263157894736
2026-09-30T01:21:00.187 0.8,0.0,0.0,0.0,0.0,-0.1105263157894736
2026-09-30T01:21:00.237 0.8,0.0,0.0,0.0,0.0,-0.1105263157894736
2026-09-30T01:21:00.287 0.8,0.0,0.0,0.0,0.0,-0.1105263157894736
2026-09-30T01:21:00.337 0.8,0.0,0.0,0.0,0.0,-0.1105263157894736
2026-09-30T01:21:00.387 0.8,0.0,0.0,0.0,0.0,-0.1105263157894736
2026-09-30T01:21:00.437 0.7578947368421055,0.0,0.0,0.0,0.0,-0.1105263157894736
2026-09-30T01:21:00.487 0.8,0.0,0.0,0.0,0.0,-0.18421052631578938
2026-09-30T01:21:00.538 0.8,0.0,0.0,0.0,0.0,-0.18421052631578938
2026-09-30T01:21:00.587 0.8,0.0,0.0,0.0,0.0,-0.18421052631578938
2026-09-30T01:21:00.638 0.8,0.0,0.0,0.0,0.0,-0.18421052631578938
2026-09-30T01:21:00.687 0.8,0.0,0.0,0.0,0.0,-0.18421052631578938
2026-09-30T01:21:00.737 0.7578947368421055,0.0,0.0,0.0,0.0,-0.18421052631578938
2026-09-30T01:21:00.787 0.7578947368421055,0.0,0.0,0.0,0.0,-0.18421052631578938
2026-09-30T01:21:00.837 0.8,0.0,0.0,0.0,0.0,-0.2578947368421052
2026-09-30T01:21:00.887 0.8,0.0,0.0,0.0,0.0,-0.2578947368421052
2026-09-30T01:21:00.937 0.8,0.0,0.0,0.0,0.0,-0.2578947368421052
2026-09-30T01:21:00.987 0.8,0.0,0.0,0.0,0.0,-0.2578947368421052
2026-09-30T01:21:01.037 0.8,0.0,0.0,0.0,0.0,-0.2578947368421052
2026-09-30T01:21:01.087 0.8,0.0,0.0,0.0,0.0,-0.2578947368421052
2026-09-30T01:21:01.137 0.8,0.0,0.0,0.0,0.0,-0.4178947368421052
2026-09-30T01:21:01.187 0.8,0.0,0.0,0.0,0.0,-0.47894736842105257
2026-09-30T01:21:01.237 0.8,0.0,0.0,0.0,0.0,-0.40526315789473677
2026-09-30T01:21:01.287 0.8,0.0,0.0,0.0,0.0,-0.40526315789473677
2026-09-30T01:21:01.337 0.8,0.0,0.0,0.0,0.0,-0.40526315789473677
2026-09-30T01:21:01.387 0.8,0.0,0.0,0.0,0.0,-0.40526315789473677
2026-09-30T01:21:01.437 0.8,0.0,0.0,0.0,0.0,-0.40526315789473677
2026-09-30T01:21:01.487 0.8,0.0,0.0,0.0,0.0,-0.40526315789473677
2026-09-30T01:21:01.537 0.8,0.0,0.0,0.0,0.0,-0.5526315789473684
2026-09-30T01:21:01.587 0.8,0.0,0.0,0.0,0.0,-0.47894736842105257
2026-09-30T01:21:01.637 0.8,0.0,0.0,0.0,0.0,-0.40526315789473677
2026-09-30T01:21:01.687 0.8,0.0,0.0,0.0,0.0,-0.5526315789473684
2026-09-30T01:21:01.737 0.8,0.0,0.0,0.0,0.0,-0.40526315789473677
2026-09-30T01:21:01.787 0.8,0.0,0.0,0.0,0.0,-0.40526315789473677
2026-09-30T01:21:01.837 0.7578947368421055,0.0,0.0,0.0,0.0,-0.40526315789473677
2026-09-30T01:21:01.887 0.7578947368421055,0.0,0.0,0.0,0.0,-0.40526315789473677
2026-09-30T01:21:01.937 0.7578947368421055,0.0,0.0,0.0,0.0,-0.40526315789473677
2026-09-30T01:21:01.987 0.8,0.0,0.0,0.0,0.0,-0.47894736842105257
2026-09-30T01:21:02.037 0.8,0.0,0.0,0.0,0.0,-0.47894736842105257
2026-09-30T01:21:02.087 0.8,0.0,0.0,0.0,0.0,-0.47894736842105257
2026-09-30T01:21:02.137 0.8,0.0,0.0,0.0,0.0,-0.47894736842105257
2026-09-30T01:21:02.188 0.8,0.0,0.0,0.0,0.0,-0.47894736842105257
2026-09-30T01:21:02.239 0.7578947368421055,0.0,0.0,0.0,0.0,-0.40526315789473677
2026-09-30T01:21:02.288 0.7578947368421055,0.0,0.0,0.0,0.0,-0.40526315789473677
2026-09-30T01:21:02.338 0.7578947368421055,0.0,0.0,0.0,0.0,-0.40526315789473677
2026-09-30T01:21:02.390 0.8,0.0,0.0,0.0,0.0,-0.47894736842105257
2026-09-30T01:21:02.437 0.7578947368421055,0.0,0.0,0.0,0.0,-0.40526315789473677
2026-09-30T01:21:02.487 0.7578947368421055,0.0,0.0,0.0,0.0,-0.40526315789473677
2026-09-30T01:21:02.537 0.7578947368421055,0.0,0.0,0.0,0.0,-0.40526315789473677
2026-09-30T01:21:02.587 0.8,0.0,0.0,0.0,0.0,-0.47894736842105257
2026-09-30T01:21:02.637 0.7578947368421055,0.0,0.0,0.0,0.0,-0.40526315789473677
2026-09-30T01:21:02.687 0.8,0.0,0.0,0.0,0.0,-0.47894736842105257
2026-09-30T01:21:02.737 0.8,0.0,0.0,0.0,0.0,-0.47894736842105257
2026-09-30T01:21:02.790 0.8,0.0,0.0,0.0,0.0,-0.40526315789473677
2026-09-30T01:21:02.837 0.8,0.0,0.0,0.0,0.0,-0.40526315789473677
2026-09-30T01:21:02.888 0.8,0.0,0.0,0.0,0.0,-0.40526315789473677
2026-09-30T01:21:02.937 0.8,0.0,0.0,0.0,0.0,-0.40526315789473677
2026-09-30T01:21:02.987 0.8,0.0,0.0,0.0,0.0,-0.40526315789473677
2026-09-30T01:21:03.037 0.8,0.0,0.0,0.0,0.0,-0.40526315789473677
2026-09-30T01:21:03.097 0.8,0.0,0.0,0.0,0.0,-0.40526315789473677
2026-09-30T01:21:03.137 0.8,0.0,0.0,0.0,0.0,-0.40526315789473677
2026-09-30T01:21:03.187 0.8,0.0,0.0,0.0,0.0,-0.40526315789473677
2026-09-30T01:21:03.237 0.8,0.0,0.0,0.0,0.0,-0.40526315789473677
2026-09-30T01:21:03.287 0.8,0.0,0.0,0.0,0.0,-0.40526315789473677
2026-09-30T01:21:03.337 0.8,0.0,0.0,0.0,0.0,-0.40526315789473677
2026-09-30T01:21:03.387 0.8,0.0,0.0,0.0,0.0,-0.40526315789473677
2026-09-30T01:21:03.437 0.8,0.0,0.0,0.0,0.0,-0.40526315789473677
2026-09-30T01:21:03.487 0.8,0.0,0.0,0.0,0.0,-0.40526315789473677
2026-09-30T01:21:03.538 0.8,0.0,0.0,0.0,0.0,-0.40526315789473677
2026-09-30T01:21:03.587 0.8,0.0,0.0,0.0,0.0,-0.40526315789473677
2026-09-30T01:21:03.639 0.8,0.0,0.0,0.0,0.0,-0.40526315789473677
2026-09-30T01:21:03.687 0.8,0.0,0.0,0.0,0.0,-0.40526315789473677
2026-09-30T01:21:03.739 0.8,0.0,0.0,0.0,0.0,-0.40526315789473677
2026-09-30T01:21:03.797 0.8,0.0,0.0,0.0,0.0,-0.40526315789473677
2026-09-30T01:21:03.837 0.8,0.0,0.0,0.0,0.0,-0.40526315789473677
2026-09-30T01:21:03.887 0.8,0.0,0.0,0.0,0.0,-0.331578947368421
2026-09-30T01:21:03.937 0.8,0.0,0.0,0.0,0.0,-0.331578947368421
2026-09-30T01:21:03.987 0.8,0.0,0.0,0.0,0.0,-0.331578947368421
2026-09-30T01:21:04.038 0.8,0.0,0.0,0.0,0.0,-0.331578947368421
2026-09-30T01:21:04.098 0.8,0.0,0.0,0.0,0.0,-0.331578947368421
2026-09-30T01:21:04.137 0.8,0.0,0.0,0.0,0.0,-0.331578947368421
2026-09-30T01:21:04.187 0.8,0.0,0.0,0.0,0.0,-0.331578947368421
2026-09-30T01:21:04.237 0.8,0.0,0.0,0.0,0.0,-0.331578947368421
2026-09-30T01:21:04.287 0.8,0.0,0.0,0.0,0.0,-0.331578947368421
2026-09-30T01:21:04.337 0.8,0.0,0.0,0.0,0.0,-0.331578947368421
2026-09-30T01:21:04.387 0.8,0.0,0.0,0.0,0.0,-0.331578947368421
2026-09-30T01:21:04.437 0.8,0.0,0.0,0.0,0.0,-0.2578947368421052
2026-09-30T01:21:04.487 0.8,0.0,0.0,0.0,0.0,-0.2578947368421052
2026-09-30T01:21:04.538 0.8,0.0,0.0,0.0,0.0,-0.2578947368421052
2026-09-30T01:21:04.589 0.8,0.0,0.0,0.0,0.0,-0.331578947368421
2026-09-30T01:21:04.637 0.8,0.0,0.0,0.0,0.0,-0.2578947368421052
2026-09-30T01:21:04.687 0.8,0.0,0.0,0.0,0.0,-0.2578947368421052
2026-09-30T01:21:04.747 0.8,0.0,0.0,0.0,0.0,-0.2578947368421052
2026-09-30T01:21:04.787 0.8,0.0,0.0,0.0,0.0,-0.2578947368421052
2026-09-30T01:21:04.837 0.8,0.0,0.0,0.0,0.0,-0.2578947368421052
2026-09-30T01:21:04.888 0.8,0.0,0.0,0.0,0.0,-0.2578947368421052
2026-09-30T01:21:04.937 0.8,0.0,0.0,0.0,0.0,-0.2578947368421052
2026-09-30T01:21:04.987 0.8,0.0,0.0,0.0,0.0,-0.2578947368421052
2026-09-30T01:21:05.039 0.8,0.0,0.0,0.0,0.0,-0.2578947368421052
2026-09-30T01:21:05.088 0.8,0.0,0.0,0.0,0.0,-0.2578947368421052
2026-09-30T01:21:05.138 0.8,0.0,0.0,0.0,0.0,-0.2578947368421052
2026-09-30T01:21:05.187 0.8,0.0,0.0,0.0,0.0,-0.2578947368421052
2026-09-30T01:21:05.237 0.8,0.0,0.0,0.0,0.0,-0.18421052631578938
2026-09-30T01:21:05.287 0.8,0.0,0.0,0.0,0.0,-0.2578947368421052
2026-09-30T01:21:05.337 0.8,0.0,0.0,0.0,0.0,-0.18421052631578938
2026-09-30T01:21:05.388 0.8,0.0,0.0,0.0,0.0,-0.18421052631578938
2026-09-30T01:21:05.437 0.8,0.0,0.0,0.0,0.0,-0.18421052631578938
2026-09-30T01:21:05.487 0.8,0.0,0.0,0.0,0.0,-0.18421052631578938
2026-09-30T01:21:05.537 0.8,0.0,0.0,0.0,0.0,-0.18421052631578938
2026-09-30T01:21:05.587 0.8,0.0,0.0,0.0,0.0,-0.18421052631578938
2026-09-30T01:21:05.638 0.8,0.0,0.0,0.0,0.0,-0.18421052631578938
2026-09-30T01:21:05.698 0.8,0.0,0.0,0.0,0.0,-0.18421052631578938
2026-09-30T01:21:05.738 0.8,0.0,0.0,0.0,0.0,-0.18421052631578938
2026-09-30T01:21:05.798 0.8,0.0,0.0,0.0,0.0,-0.18421052631578938
2026-09-30T01:21:05.838 0.8,0.0,0.0,0.0,0.0,-0.036842105263157815
2026-09-30T01:21:05.887 0.8,0.0,0.0,0.0,0.0,-0.036842105263157815
2026-09-30T01:21:05.937 0.8,0.0,0.0,0.0,0.0,-0.036842105263157815
2026-09-30T01:21:05.987 0.8,0.0,0.0,0.0,0.0,-0.036842105263157815
2026-09-30T01:21:06.048 0.8,0.0,0.0,0.0,0.0,-0.036842105263157815
2026-09-30T01:21:06.098 0.8,0.0,0.0,0.0,0.0,0.0
2026-09-30T01:21:06.138 0.8,0.0,0.0,0.0,0.0,0.0
2026-09-30T01:21:06.187 0.8,0.0,0.0,0.0,0.0,0.0
2026-09-30T01:21:06.237 0.8,0.0,0.0,0.0,0.0,0.0
2026-09-30T01:21:06.287 0.8,0.0,0.0,0.0,0.0,0.0
2026-09-30T01:21:06.337 0.8,0.0,0.0,0.0,0.0,-0.036842105263157815
2026-09-30T01:21:06.388 0.8,0.0,0.0,0.0,0.0,-0.036842105263157815
2026-09-30T01:21:06.437 0.8,0.0,0.0,0.0,0.0,-0.036842105263157815
2026-09-30T01:21:06.487 0.8,0.0,0.0,0.0,0.0,-0.036842105263157815
2026-09-30T01:21:06.537 0.8,0.0,0.0,0.0,0.0,-0.036842105263157815
2026-09-30T01:21:06.588 0.8,0.0,0.0,0.0,0.0,-0.036842105263157815
2026-09-30T01:21:06.637 0.8,0.0,0.0,0.0,0.0,-0.036842105263157815
2026-09-30T01:21:06.690 0.8,0.0,0.0,0.0,0.0,0.0
2026-09-30T01:21:06.737 0.8,0.0,0.0,0.0,0.0,0.0
2026-09-30T01:21:06.787 0.8,0.0,0.0,0.0,0.0,0.0
2026-09-30T01:21:06.848 0.8,0.0,0.0,0.0,0.0,-0.036842105263157815
2026-09-30T01:21:06.888 0.8,0.0,0.0,0.0,0.0,-0.036842105263157815
2026-09-30T01:21:06.937 0.8,0.0,0.0,0.0,0.0,-0.036842105263157815
2026-09-30T01:21:06.987 0.8,0.0,0.0,0.0,0.0,-0.036842105263157815
2026-09-30T01:21:07.037 0.8,0.0,0.0,0.0,0.0,-0.1105263157894736
2026-09-30T01:21:07.087 0.8,0.0,0.0,0.0,0.0,-0.1105263157894736
2026-09-30T01:21:07.137 0.8,0.0,0.0,0.0,0.0,-0.1105263157894736
2026-09-30T01:21:07.187 0.8,0.0,0.0,0.0,0.0,-0.1105263157894736
2026-09-30T01:21:07.237 0.8,0.0,0.0,0.0,0.0,-0.1105263157894736
2026-09-30T01:21:07.288 0.8,0.0,0.0,0.0,0.0,-0.1105263157894736
2026-09-30T01:21:07.338 0.8,0.0,0.0,0.0,0.0,-0.1105263157894736
2026-09-30T01:21:07.401 0.8,0.0,0.0,0.0,0.0,-0.1105263157894736
2026-09-30T01:21:07.438 0.8,0.0,0.0,0.0,0.0,-0.1105263157894736
2026-09-30T01:21:07.487 0.8,0.0,0.0,0.0,0.0,-0.1105263157894736
2026-09-30T01:21:07.538 0.8,0.0,0.0,0.0,0.0,-0.1105263157894736
2026-09-30T01:21:07.587 0.8,0.0,0.0,0.0,0.0,-0.1105263157894736
2026-09-30T01:21:07.637 0.8,0.0,0.0,0.0,0.0,-0.1105263157894736
2026-09-30T01:21:07.687 0.8,0.0,0.0,0.0,0.0,-0.1105263157894736
2026-09-30T01:21:07.737 0.8,0.0,0.0,0.0,0.0,-0.1105263157894736
2026-09-30T01:21:07.788 0.8,0.0,0.0,0.0,0.0,-0.1105263157894736
2026-09-30T01:21:07.837 0.8,0.0,0.0,0.0,0.0,-0.1105263157894736
2026-09-30T01:21:07.887 0.8,0.0,0.0,0.0,0.0,-0.1105263157894736
2026-09-30T01:21:07.937 0.8,0.0,0.0,0.0,0.0,-0.1105263157894736
2026-09-30T01:21:07.989 0.8,0.0,0.0,0.0,0.0,-0.1105263157894736
2026-09-30T01:21:08.037 0.8,0.0,0.0,0.0,0.0,-0.1105263157894736
2026-09-30T01:21:08.087 0.8,0.0,0.0,0.0,0.0,-0.1105263157894736
2026-09-30T01:21:08.137 0.8,0.0,0.0,0.0,0.0,-0.1105263157894736
2026-09-30T01:21:08.188 0.8,0.0,0.0,0.0,0.0,-0.1105263157894736
2026-09-30T01:21:08.237 0.8,0.0,0.0,0.0,0.0,-0.1105263157894736
2026-09-30T01:21:08.288 0.8,0.0,0.0,0.0,0.0,-0.18421052631578938
2026-09-30T01:21:08.347 0.8,0.0,0.0,0.0,0.0,-0.18421052631578938
2026-09-30T01:21:08.387 0.8,0.0,0.0,0.0,0.0,-0.18421052631578938
2026-09-30T01:21:08.438 0.8,0.0,0.0,0.0,0.0,-0.18421052631578938
2026-09-30T01:21:08.487 0.8,0.0,0.0,0.0,0.0,-0.18421052631578938
2026-09-30T01:21:08.537 0.8,0.0,0.0,0.0,0.0,-0.18421052631578938
2026-09-30T01:21:08.587 0.8,0.0,0.0,0.0,0.0,-0.18421052631578938
2026-09-30T01:21:08.637 0.8,0.0,0.0,0.0,0.0,-0.18421052631578938
2026-09-30T01:21:08.687 0.8,0.0,0.0,0.0,0.0,-0.18421052631578938
2026-09-30T01:21:08.738 0.8,0.0,0.0,0.0,0.0,-0.18421052631578938
2026-09-30T01:21:08.787 0.8,0.0,0.0,0.0,0.0,-0.18421052631578938
2026-09-30T01:21:08.838 0.8,0.0,0.0,0.0,0.0,-0.18421052631578938
2026-09-30T01:21:08.888 0.8,0.0,0.0,0.0,0.0,-0.18421052631578938
2026-09-30T01:21:08.938 0.8,0.0,0.0,0.0,0.0,-0.18421052631578938
2026-09-30T01:21:08.998 0.8,0.0,0.0,0.0,0.0,-0.18421052631578938
2026-09-30T01:21:09.037 0.8,0.0,0.0,0.0,0.0,-0.18421052631578938
2026-09-30T01:21:09.087 0.8,0.0,0.0,0.0,0.0,-0.18421052631578938
2026-09-30T01:21:09.137 0.8,0.0,0.0,0.0,0.0,-0.18421052631578938
2026-09-30T01:21:09.187 0.8,0.0,0.0,0.0,0.0,-0.18421052631578938
2026-09-30T01:21:09.239 0.8,0.0,0.0,0.0,0.0,-0.18421052631578938
2026-09-30T01:21:09.287 0.8,0.0,0.0,0.0,0.0,-0.18421052631578938
2026-09-30T01:21:09.338 0.8,0.0,0.0,0.0,0.0,-0.18421052631578938
2026-09-30T01:21:09.387 0.8,0.0,0.0,0.0,0.0,-0.18421052631578938
2026-09-30T01:21:09.438 0.8,0.0,0.0,0.0,0.0,-0.18421052631578938
2026-09-30T01:21:09.487 0.8,0.0,0.0,0.0,0.0,-0.18421052631578938
2026-09-30T01:21:09.537 0.8,0.0,0.0,0.0,0.0,-0.18421052631578938
2026-09-30T01:21:09.587 0.8,0.0,0.0,0.0,0.0,-0.18421052631578938
2026-09-30T01:21:09.637 0.8,0.0,0.0,0.0,0.0,-0.18421052631578938
2026-09-30T01:21:09.688 0.8,0.0,0.0,0.0,0.0,-0.18421052631578938
2026-09-30T01:21:09.737 0.8,0.0,0.0,0.0,0.0,-0.18421052631578938
2026-09-30T01:21:09.787 0.8,0.0,0.0,0.0,0.0,-0.18421052631578938
2026-09-30T01:21:09.837 0.8,0.0,0.0,0.0,0.0,-0.18421052631578938
2026-09-30T01:21:09.898 0.8,0.0,0.0,0.0,0.0,-0.18421052631578938
2026-09-30T01:21:09.937 0.8,0.0,0.0,0.0,0.0,-0.18421052631578938
2026-09-30T01:21:09.988 0.8,0.0,0.0,0.0,0.0,-0.18421052631578938
2026-09-30T01:21:10.037 0.8,0.0,0.0,0.0,0.0,-0.18421052631578938
2026-09-30T01:21:10.087 0.8,0.0,0.0,0.0,0.0,-0.18421052631578938
2026-09-30T01:21:10.137 0.8,0.0,0.0,0.0,0.0,-0.18421052631578938
2026-09-30T01:21:10.187 0.8,0.0,0.0,0.0,0.0,-0.18421052631578938
2026-09-30T01:21:10.237 0.8,0.0,0.0,0.0,0.0,-0.18421052631578938
2026-09-30T01:21:10.287 0.8,0.0,0.0,0.0,0.0,-0.1105263157894736
2026-09-30T01:21:10.337 0.8,0.0,0.0,0.0,0.0,-0.1105263157894736
2026-09-30T01:21:10.387 0.8,0.0,0.0,0.0,0.0,-0.1105263157894736
2026-09-30T01:21:10.440 0.8,0.0,0.0,0.0,0.0,-0.18421052631578938
2026-09-30T01:21:10.488 0.8,0.0,0.0,0.0,0.0,-0.18421052631578938
2026-09-30T01:21:10.537 0.8,0.0,0.0,0.0,0.0,-0.1105263157894736
2026-09-30T01:21:10.597 0.8,0.0,0.0,0.0,0.0,-0.1105263157894736
2026-09-30T01:21:10.648 0.8,0.0,0.0,0.0,0.0,-0.1105263157894736
2026-09-30T01:21:10.687 0.8,0.0,0.0,0.0,0.0,-0.1105263157894736
2026-09-30T01:21:10.737 0.8,0.0,0.0,0.0,0.0,-0.1105263157894736
2026-09-30T01:21:10.787 0.8,0.0,0.0,0.0,0.0,-0.1105263157894736
2026-09-30T01:21:10.837 0.8,0.0,0.0,0.0,0.0,-0.1105263157894736
2026-09-30T01:21:10.887 0.8,0.0,0.0,0.0,0.0,-0.1105263157894736
2026-09-30T01:21:10.937 0.8,0.0,0.0,0.0,0.0,-0.1105263157894736
2026-09-30T01:21:10.988 0.7578947368421055,0.0,0.0,0.0,0.0,-0.1105263157894736
2026-09-30T01:21:11.037 0.8,0.0,0.0,0.0,0.0,-0.18421052631578938
2026-09-30T01:21:11.088 0.8,0.0,0.0,0.0,0.0,-0.18421052631578938
2026-09-30T01:21:11.137 0.8,0.0,0.0,0.0,0.0,-0.18421052631578938
2026-09-30T01:21:11.187 0.8,0.0,0.0,0.0,0.0,-0.1105263157894736
2026-09-30T01:21:11.238 0.8,0.0,0.0,0.0,0.0,-0.1105263157894736
2026-09-30T01:21:11.288 0.8,0.0,0.0,0.0,0.0,-0.1105263157894736
2026-09-30T01:21:11.348 0.8,0.0,0.0,0.0,0.0,-0.1105263157894736
2026-09-30T01:21:11.398 0.8,0.0,0.0,0.0,0.0,-0.1105263157894736
2026-09-30T01:21:11.437 0.8,0.0,0.0,0.0,0.0,-0.1105263157894736
2026-09-30T01:21:11.487 0.8,0.0,0.0,0.0,0.0,-0.1105263157894736
2026-09-30T01:21:11.537 0.8,0.0,0.0,0.0,0.0,-0.1105263157894736
2026-09-30T01:21:11.587 0.8,0.0,0.0,0.0,0.0,-0.1105263157894736
2026-09-30T01:21:11.637 0.8,0.0,0.0,0.0,0.0,-0.1105263157894736
2026-09-30T01:21:11.687 0.8,0.0,0.0,0.0,0.0,-0.1105263157894736
2026-09-30T01:21:11.737 0.8,0.0,0.0,0.0,0.0,-0.1105263157894736
2026-09-30T01:21:11.788 0.8,0.0,0.0,0.0,0.0,-0.1105263157894736
2026-09-30T01:21:11.837 0.8,0.0,0.0,0.0,0.0,-0.1105263157894736
2026-09-30T01:21:11.890 0.8,0.0,0.0,0.0,0.0,-0.036842105263157815
2026-09-30T01:21:11.937 0.8,0.0,0.0,0.0,0.0,-0.036842105263157815
2026-09-30T01:21:11.987 0.8,0.0,0.0,0.0,0.0,-0.036842105263157815
2026-09-30T01:21:12.038 0.8,0.0,0.0,0.0,0.0,-0.036842105263157815
2026-09-30T01:21:12.087 0.8,0.0,0.0,0.0,0.0,-0.036842105263157815
2026-09-30T01:21:12.137 0.8,0.0,0.0,0.0,0.0,-0.036842105263157815
2026-09-30T01:21:12.187 0.8,0.0,0.0,0.0,0.0,0.0
2026-09-30T01:21:12.237 0.8,0.0,0.0,0.0,0.0,0.0
2026-09-30T01:21:12.287 0.8,0.0,0.0,0.0,0.0,-0.036842105263157815
2026-09-30T01:21:12.337 0.8,0.0,0.0,0.0,0.0,-0.036842105263157815
2026-09-30T01:21:12.387 0.8,0.0,0.0,0.0,0.0,0.0
2026-09-30T01:21:12.438 0.8,0.0,0.0,0.0,0.0,0.0
2026-09-30T01:21:12.487 0.8,0.0,0.0,0.0,0.0,0.0
2026-09-30T01:21:12.537 0.8,0.0,0.0,0.0,0.0,0.0
2026-09-30T01:21:12.587 0.8,0.0,0.0,0.0,0.0,0.0
2026-09-30T01:21:12.637 0.8,0.0,0.0,0.0,0.0,0.0
2026-09-30T01:21:12.697 0.8,0.0,0.0,0.0,0.0,0.0
2026-09-30T01:21:12.737 0.8,0.0,0.0,0.0,0.0,0.03684210526315797
2026-09-30T01:21:12.787 0.8,0.0,0.0,0.0,0.0,0.03684210526315797
2026-09-30T01:21:12.837 0.8,0.0,0.0,0.0,0.0,0.0
2026-09-30T01:21:12.887 0.8,0.0,0.0,0.0,0.0,0.0
2026-09-30T01:21:12.937 0.8,0.0,0.0,0.0,0.0,0.0
2026-09-30T01:21:12.987 0.8,0.0,0.0,0.0,0.0,0.0
2026-09-30T01:21:13.037 0.8,0.0,0.0,0.0,0.0,0.03684210526315797
2026-09-30T01:21:13.087 0.8,0.0,0.0,0.0,0.0,0.03684210526315797
2026-09-30T01:21:13.137 0.8,0.0,0.0,0.0,0.0,0.03684210526315797
2026-09-30T01:21:13.187 0.8,0.0,0.0,0.0,0.0,0.0
2026-09-30T01:21:13.237 0.8,0.0,0.0,0.0,0.0,0.0
2026-09-30T01:21:13.287 0.8,0.0,0.0,0.0,0.0,0.0
2026-09-30T01:21:13.338 0.8,0.0,0.0,0.0,0.0,0.0
2026-09-30T01:21:13.388 0.8,0.0,0.0,0.0,0.0,0.0
2026-09-30T01:21:13.448 0.8,0.0,0.0,0.0,0.0,0.03684210526315797
2026-09-30T01:21:13.487 0.8,0.0,0.0,0.0,0.0,0.03684210526315797
2026-09-30T01:21:13.537 0.8,0.0,0.0,0.0,0.0,0.03684210526315797
2026-09-30T01:21:13.587 0.8,0.0,0.0,0.0,0.0,0.0
2026-09-30T01:21:13.637 0.8,0.0,0.0,0.0,0.0,0.0
2026-09-30T01:21:13.687 0.8,0.0,0.0,0.0,0.0,0.03684210526315797
2026-09-30T01:21:13.748 0.8,0.0,0.0,0.0,0.0,0.0
2026-09-30T01:21:13.788 0.8,0.0,0.0,0.0,0.0,0.03684210526315797
2026-09-30T01:21:13.839 0.8,0.0,0.0,0.0,0.0,0.03684210526315797
2026-09-30T01:21:13.889 0.8,0.0,0.0,0.0,0.0,0.03684210526315797
2026-09-30T01:21:13.938 0.8,0.0,0.0,0.0,0.0,0.03684210526315797
2026-09-30T01:21:13.987 0.8,0.0,0.0,0.0,0.0,0.03684210526315797
2026-09-30T01:21:14.037 0.8,0.0,0.0,0.0,0.0,0.03684210526315797
2026-09-30T01:21:14.087 0.8,0.0,0.0,0.0,0.0,0.03684210526315797
2026-09-30T01:21:14.137 0.8,0.0,0.0,0.0,0.0,0.03684210526315797
2026-09-30T01:21:14.187 0.8,0.0,0.0,0.0,0.0,0.03684210526315797
2026-09-30T01:21:14.237 0.8,0.0,0.0,0.0,0.0,0.03684210526315797
2026-09-30T01:21:14.287 0.8,0.0,0.0,0.0,0.0,0.03684210526315797
2026-09-30T01:21:14.337 0.8,0.0,0.0,0.0,0.0,0.03684210526315797
2026-09-30T01:21:14.388 0.8,0.0,0.0,0.0,0.0,0.03684210526315797
2026-09-30T01:21:14.437 0.7578947368421055,0.0,0.0,0.0,0.0,0.03684210526315797
2026-09-30T01:21:14.487 0.7578947368421055,0.0,0.0,0.0,0.0,0.03684210526315797
2026-09-30T01:21:14.537 0.7578947368421055,0.0,0.0,0.0,0.0,0.03684210526315797
2026-09-30T01:21:14.587 0.7578947368421055,0.0,0.0,0.0,0.0,0.03684210526315797
2026-09-30T01:21:14.637 0.7157894736842108,0.0,0.0,0.0,0.0,0.03684210526315797
2026-09-30T01:21:14.687 0.7157894736842108,0.0,0.0,0.0,0.0,0.03684210526315797
2026-09-30T01:21:14.737 0.7157894736842108,0.0,0.0,0.0,0.0,0.03684210526315797
2026-09-30T01:21:14.787 0.7157894736842108,0.0,0.0,0.0,0.0,0.03684210526315797
2026-09-30T01:21:14.837 0.673684210526316,0.0,0.0,0.0,0.0,0.03684210526315797
2026-09-30T01:21:14.887 0.7157894736842108,0.0,0.0,0.0,0.0,0.03684210526315797
2026-09-30T01:21:14.937 0.7157894736842108,0.0,0.0,0.0,0.0,0.03684210526315797
2026-09-30T01:21:14.987 0.7157894736842108,0.0,0.0,0.0,0.0,0.0
2026-09-30T01:21:15.037 0.6315789473684212,0.0,0.0,0.0,0.0,0.0
2026-09-30T01:21:15.087 0.673684210526316,0.0,0.0,0.0,0.0,0.03684210526315797
2026-09-30T01:21:15.137 0.673684210526316,0.0,0.0,0.0,0.0,0.03684210526315797
2026-09-30T01:21:15.187 0.673684210526316,0.0,0.0,0.0,0.0,0.0
2026-09-30T01:21:15.237 0.5894736842105265,0.0,0.0,0.0,0.0,0.0
2026-09-30T01:21:15.287 0.6315789473684212,0.0,0.0,0.0,0.0,0.0
2026-09-30T01:21:15.337 0.6315789473684212,0.0,0.0,0.0,0.0,0.03684210526315797
2026-09-30T01:21:15.387 0.6315789473684212,0.0,0.0,0.0,0.0,0.03684210526315797
2026-09-30T01:21:15.437 0.6315789473684212,0.0,0.0,0.0,0.0,0.0
2026-09-30T01:21:15.487 0.5473684210526317,0.0,0.0,0.0,0.0,0.0
2026-09-30T01:21:15.537 0.5894736842105265,0.0,0.0,0.0,0.0,0.03684210526315797
2026-09-30T01:21:15.589 0.5894736842105265,0.0,0.0,0.0,0.0,0.03684210526315797
2026-09-30T01:21:15.638 0.5894736842105265,0.0,0.0,0.0,0.0,0.03684210526315797
2026-09-30T01:21:15.687 0.5894736842105265,0.0,0.0,0.0,0.0,0.0
2026-09-30T01:21:15.737 0.505263157894737,0.0,0.0,0.0,0.0,-0.036842105263157815
2026-09-30T01:21:15.787 0.5473684210526317,0.0,0.0,0.0,0.0,0.0
2026-09-30T01:21:15.837 0.5473684210526317,0.0,0.0,0.0,0.0,0.03684210526315797
2026-09-30T01:21:15.887 0.5473684210526317,0.0,0.0,0.0,0.0,0.03684210526315797
2026-09-30T01:21:15.937 0.5473684210526317,0.0,0.0,0.0,0.0,0.0
2026-09-30T01:21:15.987 0.4631578947368422,0.0,0.0,0.0,0.0,-0.036842105263157815
2026-09-30T01:21:16.037 0.505263157894737,0.0,0.0,0.0,0.0,0.0
2026-09-30T01:21:16.087 0.505263157894737,0.0,0.0,0.0,0.0,0.03684210526315797
2026-09-30T01:21:16.137 0.505263157894737,0.0,0.0,0.0,0.0,0.03684210526315797
2026-09-30T01:21:16.187 0.505263157894737,0.0,0.0,0.0,0.0,0.03684210526315797
2026-09-30T01:21:16.237 0.505263157894737,0.0,0.0,0.0,0.0,0.03684210526315797
2026-09-30T01:21:16.287 0.42105263157894746,0.0,0.0,0.0,0.0,-0.036842105263157815
2026-09-30T01:21:16.337 0.4631578947368422,0.0,0.0,0.0,0.0,0.0
2026-09-30T01:21:16.397 0.4631578947368422,0.0,0.0,0.0,0.0,-0.036842105263157815
2026-09-30T01:21:16.437 0.4631578947368422,0.0,0.0,0.0,0.0,-0.036842105263157815
2026-09-30T01:21:16.487 0.4631578947368422,0.0,0.0,0.0,0.0,0.03684210526315797
2026-09-30T01:21:16.539 0.4631578947368422,0.0,0.0,0.0,0.0,0.03684210526315797
2026-09-30T01:21:16.590 0.4631578947368422,0.0,0.0,0.0,0.0,0.03684210526315797
2026-09-30T01:21:16.637 0.4631578947368422,0.0,0.0,0.0,0.0,0.0
2026-09-30T01:21:16.690 0.3789473684210527,0.0,0.0,0.0,0.0,-0.1105263157894736
2026-09-30T01:21:16.737 0.42105263157894746,0.0,0.0,0.0,0.0,0.0
2026-09-30T01:21:16.787 0.42105263157894746,0.0,0.0,0.0,0.0,-0.036842105263157815
2026-09-30T01:21:16.837 0.42105263157894746,0.0,0.0,0.0,0.0,0.03684210526315797
2026-09-30T01:21:16.887 0.42105263157894746,0.0,0.0,0.0,0.0,0.03684210526315797
2026-09-30T01:21:16.937 0.42105263157894746,0.0,0.0,0.0,0.0,0.03684210526315797
2026-09-30T01:21:16.987 0.42105263157894746,0.0,0.0,0.0,0.0,0.03684210526315797
2026-09-30T01:21:17.037 0.42105263157894746,0.0,0.0,0.0,0.0,0.0
2026-09-30T01:21:17.087 0.33684210526315794,0.0,0.0,0.0,0.0,-0.1105263157894736
2026-09-30T01:21:17.137 0.3789473684210527,0.0,0.0,0.0,0.0,0.0
2026-09-30T01:21:17.187 0.3789473684210527,0.0,0.0,0.0,0.0,-0.036842105263157815
2026-09-30T01:21:17.237 0.3789473684210527,0.0,0.0,0.0,0.0,-0.036842105263157815
2026-09-30T01:21:17.287 0.3789473684210527,0.0,0.0,0.0,0.0,0.03684210526315797
2026-09-30T01:21:17.347 0.3789473684210527,0.0,0.0,0.0,0.0,0.03684210526315797
2026-09-30T01:21:17.387 0.3789473684210527,0.0,0.0,0.0,0.0,0.03684210526315797
2026-09-30T01:21:17.437 0.3789473684210527,0.0,0.0,0.0,0.0,0.0
2026-09-30T01:21:17.487 0.2947368421052632,0.0,0.0,0.0,0.0,-0.1105263157894736
2026-09-30T01:21:17.537 0.33684210526315794,0.0,0.0,0.0,0.0,0.03684210526315797
2026-09-30T01:21:17.587 0.33684210526315794,0.0,0.0,0.0,0.0,0.0
2026-09-30T01:21:17.638 0.33684210526315794,0.0,0.0,0.0,0.0,-0.036842105263157815
2026-09-30T01:21:17.688 0.33684210526315794,0.0,0.0,0.0,0.0,-0.036842105263157815
2026-09-30T01:21:17.737 0.33684210526315794,0.0,0.0,0.0,0.0,0.03684210526315797
2026-09-30T01:21:17.787 0.33684210526315794,0.0,0.0,0.0,0.0,0.03684210526315797
2026-09-30T01:21:17.839 0.33684210526315794,0.0,0.0,0.0,0.0,0.03684210526315797
2026-09-30T01:21:17.887 0.33684210526315794,0.0,0.0,0.0,0.0,-0.036842105263157815
2026-09-30T01:21:17.947 0.33684210526315794,0.0,0.0,0.0,0.0,0.0
2026-09-30T01:21:17.987 0.25263157894736843,0.0,0.0,0.0,0.0,-0.1105263157894736
2026-09-30T01:21:18.037 0.25263157894736843,0.0,0.0,0.0,0.0,-0.1105263157894736
2026-09-30T01:21:18.089 0.2947368421052632,0.0,0.0,0.0,0.0,0.03684210526315797
2026-09-30T01:21:18.139 0.2947368421052632,0.0,0.0,0.0,0.0,0.0
2026-09-30T01:21:18.188 0.2947368421052632,0.0,0.0,0.0,0.0,-0.036842105263157815
2026-09-30T01:21:18.237 0.2947368421052632,0.0,0.0,0.0,0.0,0.03684210526315797
2026-09-30T01:21:18.287 0.2947368421052632,0.0,0.0,0.0,0.0,0.03684210526315797
2026-09-30T01:21:18.337 0.2947368421052632,0.0,0.0,0.0,0.0,0.03684210526315797
2026-09-30T01:21:18.387 0.2947368421052632,0.0,0.0,0.0,0.0,0.03684210526315797
2026-09-30T01:21:18.437 0.2947368421052632,0.0,0.0,0.0,0.0,0.03684210526315797
2026-09-30T01:21:18.487 0.2947368421052632,0.0,0.0,0.0,0.0,-0.036842105263157815
2026-09-30T01:21:18.537 0.2947368421052632,0.0,0.0,0.0,0.0,-0.036842105263157815
2026-09-30T01:21:18.587 0.21052631578947367,0.0,0.0,0.0,0.0,-0.1105263157894736
2026-09-30T01:21:18.637 0.21052631578947367,0.0,0.0,0.0,0.0,-0.18421052631578938
2026-09-30T01:21:18.687 0.21052631578947367,0.0,0.0,0.0,0.0,-0.18421052631578938
2026-09-30T01:21:18.738 0.25263157894736843,0.0,0.0,0.0,0.0,-0.024210526315789377
2026-09-30T01:21:18.787 0.25263157894736843,0.0,0.0,0.0,0.0,0.0
2026-09-30T01:21:18.838 0.25263157894736843,0.0,0.0,0.0,0.0,-0.036842105263157815
2026-09-30T01:21:18.887 0.25263157894736843,0.0,0.0,0.0,0.0,-0.036842105263157815
2026-09-30T01:21:18.938 0.25263157894736843,0.0,0.0,0.0,0.0,0.03684210526315797
2026-09-30T01:21:18.998 0.25263157894736843,0.0,0.0,0.0,0.0,0.03684210526315797
2026-09-30T01:21:19.038 0.25263157894736843,0.0,0.0,0.0,0.0,0.03684210526315797
2026-09-30T01:21:19.087 0.25263157894736843,0.0,0.0,0.0,0.0,-0.036842105263157815
2026-09-30T01:21:19.137 0.25263157894736843,0.0,0.0,0.0,0.0,-0.036842105263157815
2026-09-30T01:21:19.187 0.25263157894736843,0.0,0.0,0.0,0.0,-0.036842105263157815
2026-09-30T01:21:19.237 0.25263157894736843,0.0,0.0,0.0,0.0,-0.036842105263157815
2026-09-30T01:21:19.287 0.25263157894736843,0.0,0.0,0.0,0.0,-0.036842105263157815
2026-09-30T01:21:19.338 0.25263157894736843,0.0,0.0,0.0,0.0,-0.036842105263157815
2026-09-30T01:21:19.387 0.16842105263157894,0.0,0.0,0.0,0.0,-0.18421052631578938
2026-09-30T01:21:19.437 0.16842105263157894,0.0,0.0,0.0,0.0,-0.18421052631578938
2026-09-30T01:21:19.487 0.16842105263157894,0.0,0.0,0.0,0.0,-0.18421052631578938
2026-09-30T01:21:19.537 0.21052631578947367,0.0,0.0,0.0,0.0,-0.024210526315789377
2026-09-30T01:21:19.587 0.21052631578947367,0.0,0.0,0.0,0.0,-0.036842105263157815
2026-09-30T01:21:19.637 0.21052631578947367,0.0,0.0,0.0,0.0,-0.036842105263157815
2026-09-30T01:21:19.687 0.21052631578947367,0.0,0.0,0.0,0.0,-0.036842105263157815
2026-09-30T01:21:19.737 0.21052631578947367,0.0,0.0,0.0,0.0,0.03684210526315797
2026-09-30T01:21:19.787 0.21052631578947367,0.0,0.0,0.0,0.0,-0.036842105263157815
2026-09-30T01:21:19.837 0.21052631578947367,0.0,0.0,0.0,0.0,0.11052631578947375
2026-09-30T01:21:19.887 0.21052631578947367,0.0,0.0,0.0,0.0,0.11052631578947375
2026-09-30T01:21:19.937 0.21052631578947367,0.0,0.0,0.0,0.0,0.11052631578947375
2026-09-30T01:21:19.987 0.21052631578947367,0.0,0.0,0.0,0.0,0.11052631578947375
2026-09-30T01:21:20.038 0.21052631578947367,0.0,0.0,0.0,0.0,0.11052631578947375
2026-09-30T01:21:20.087 0.21052631578947367,0.0,0.0,0.0,0.0,0.11052631578947375
2026-09-30T01:21:20.137 0.21052631578947367,0.0,0.0,0.0,0.0,-0.036842105263157815
2026-09-30T01:21:20.187 0.21052631578947367,0.0,0.0,0.0,0.0,-0.036842105263157815
2026-09-30T01:21:20.238 0.21052631578947367,0.0,0.0,0.0,0.0,0.0
2026-09-30T01:21:20.289 0.12631578947368421,0.0,0.0,0.0,0.0,-0.16
2026-09-30T01:21:20.337 0.12631578947368421,0.0,0.0,0.0,0.0,-0.18421052631578938
2026-09-30T01:21:20.387 0.12631578947368421,0.0,0.0,0.0,0.0,-0.18421052631578938
2026-09-30T01:21:20.437 0.16842105263157894,0.0,0.0,0.0,0.0,-0.024210526315789377
2026-09-30T01:21:20.487 0.16842105263157894,0.0,0.0,0.0,0.0,0.03684210526315797
2026-09-30T01:21:20.537 0.16842105263157894,0.0,0.0,0.0,0.0,-0.036842105263157815
2026-09-30T01:21:20.587 0.16842105263157894,0.0,0.0,0.0,0.0,-0.036842105263157815
2026-09-30T01:21:20.637 0.16842105263157894,0.0,0.0,0.0,0.0,-0.036842105263157815
2026-09-30T01:21:20.687 0.16842105263157894,0.0,0.0,0.0,0.0,-0.036842105263157815
2026-09-30T01:21:20.737 0.16842105263157894,0.0,0.0,0.0,0.0,0.11052631578947375
2026-09-30T01:21:20.788 0.16842105263157894,0.0,0.0,0.0,0.0,0.11052631578947375
2026-09-30T01:21:20.837 0.16842105263157894,0.0,0.0,0.0,0.0,0.11052631578947375
2026-09-30T01:21:20.887 0.16842105263157894,0.0,0.0,0.0,0.0,0.11052631578947375
2026-09-30T01:21:20.937 0.16842105263157894,0.0,0.0,0.0,0.0,0.11052631578947375
2026-09-30T01:21:20.987 0.16842105263157894,0.0,0.0,0.0,0.0,0.11052631578947375
2026-09-30T01:21:21.037 0.16842105263157894,0.0,0.0,0.0,0.0,0.11052631578947375
2026-09-30T01:21:21.087 0.16842105263157894,0.0,0.0,0.0,0.0,0.11052631578947375
2026-09-30T01:21:21.137 0.16842105263157894,0.0,0.0,0.0,0.0,0.11052631578947375
2026-09-30T01:21:21.187 0.16842105263157894,0.0,0.0,0.0,0.0,0.11052631578947375
2026-09-30T01:21:21.237 0.043421052631578944,0.0,0.0,0.0,0.0,0.25789473684210534
2026-09-30T01:21:21.297 0.0,0.0,0.0,0.0,0.0,0.25789473684210534
2026-09-30T01:21:21.337 0.0,0.0,0.0,0.0,0.0,0.25789473684210534
2026-09-30T01:21:21.387 0.0,0.0,0.0,0.0,0.0,0.25789473684210534
2026-09-30T01:21:21.437 0.0,0.0,0.0,0.0,0.0,0.25789473684210534
2026-09-30T01:21:21.488 0.0,0.0,0.0,0.0,0.0,0.25789473684210534
2026-09-30T01:21:21.537 0.0,0.0,0.0,0.0,0.0,0.25789473684210534
2026-09-30T01:21:21.589 0.0,0.0,0.0,0.0,0.0,0.25789473684210534
2026-09-30T01:21:21.637 0.0,0.0,0.0,0.0,0.0,0.25789473684210534
2026-09-30T01:21:21.687 0.0,0.0,0.0,0.0,0.0,0.25789473684210534
2026-09-30T01:21:21.737 0.0,0.0,0.0,0.0,0.0,0.25789473684210534
2026-09-30T01:21:21.787 0.0,0.0,0.0,0.0,0.0,0.25789473684210534
2026-09-30T01:21:21.837 0.0,0.0,0.0,0.0,0.0,0.25789473684210534
2026-09-30T01:21:21.887 0.0,0.0,0.0,0.0,0.0,0.25789473684210534
2026-09-30T01:21:21.937 0.0,0.0,0.0,0.0,0.0,0.25789473684210534
2026-09-30T01:21:21.987 0.0,0.0,0.0,0.0,0.0,0.25789473684210534
2026-09-30T01:21:22.037 0.0,0.0,0.0,0.0,0.0,0.25789473684210534
2026-09-30T01:21:22.087 0.0,0.0,0.0,0.0,0.0,0.25789473684210534
2026-09-30T01:21:22.137 0.0,0.0,0.0,0.0,0.0,0.25789473684210534
2026-09-30T01:21:22.187 0.0,0.0,0.0,0.0,0.0,0.25789473684210534
2026-09-30T01:21:22.237 0.0,0.0,0.0,0.0,0.0,0.25789473684210534
2026-09-30T01:21:22.288 0.0,0.0,0.0,0.0,0.0,0.25789473684210534
2026-09-30T01:21:22.349 0.0,0.0,0.0,0.0,0.0,0.25789473684210534
2026-09-30T01:21:22.387 0.0,0.0,0.0,0.0,0.0,0.25789473684210534
2026-09-30T01:21:22.437 0.0,0.0,0.0,0.0,0.0,0.25789473684210534
2026-09-30T01:21:22.487 0.0,0.0,0.0,0.0,0.0,0.25789473684210534
2026-09-30T01:21:22.537 0.0,0.0,0.0,0.0,0.0,0.25789473684210534
2026-09-30T01:21:22.588 0.0,0.0,0.0,0.0,0.0,0.25789473684210534
2026-09-30T01:21:22.637 0.0,0.0,0.0,0.0,0.0,0.25789473684210534
2026-09-30T01:21:22.687 0.0,0.0,0.0,0.0,0.0,0.25789473684210534
2026-09-30T01:21:22.737 0.0,0.0,0.0,0.0,0.0,0.25789473684210534
2026-09-30T01:21:22.787 0.0,0.0,0.0,0.0,0.0,0.25789473684210534
2026-09-30T01:21:22.839 0.0,0.0,0.0,0.0,0.0,0.25789473684210534
2026-09-30T01:21:22.887 0.0,0.0,0.0,0.0,0.0,0.25789473684210534
2026-09-30T01:21:22.947 0.0,0.0,0.0,0.0,0.0,0.25789473684210534
2026-09-30T01:21:22.988 0.0,0.0,0.0,0.0,0.0,0.25789473684210534
2026-09-30T01:21:23.037 0.0,0.0,0.0,0.0,0.0,0.25789473684210534
2026-09-30T01:21:23.088 0.0,0.0,0.0,0.0,0.0,0.25789473684210534
2026-09-30T01:21:23.137 0.0,0.0,0.0,0.0,0.0,0.25789473684210534
2026-09-30T01:21:23.187 0.0,0.0,0.0,0.0,0.0,0.25789473684210534
2026-09-30T01:21:23.237 0.0,0.0,0.0,0.0,0.0,0.25789473684210534
2026-09-30T01:21:23.298 0.0,0.0,0.0,0.0,0.0,0.25789473684210534
2026-09-30T01:21:23.337 0.0,0.0,0.0,0.0,0.0,0.18421052631578955
2026-09-30T01:21:23.387 0.0,0.0,0.0,0.0,0.0,0.18421052631578955
2026-09-30T01:21:23.438 0.0,0.0,0.0,0.0,0.0,0.18421052631578955
2026-09-30T01:21:23.489 0.0,0.0,0.0,0.0,0.0,0.18421052631578955
2026-09-30T01:21:23.538 0.0,0.0,0.0,0.0,0.0,0.18421052631578955
2026-09-30T01:21:23.597 0.0,0.0,0.0,0.0,0.0,0.18421052631578955
2026-09-30T01:21:23.637 0.0,0.0,0.0,0.0,0.0,0.18421052631578955
2026-09-30T01:21:23.687 0.0,0.0,0.0,0.0,0.0,0.18421052631578955
2026-09-30T01:21:23.737 0.0,0.0,0.0,0.0,0.0,0.18421052631578955
2026-09-30T01:21:23.787 0.0,0.0,0.0,0.0,0.0,0.18421052631578955
2026-09-30T01:21:23.837 0.0,0.0,0.0,0.0,0.0,0.18421052631578955
2026-09-30T01:21:23.887 0.0,0.0,0.0,0.0,0.0,0.18421052631578955
2026-09-30T01:21:23.937 0.0,0.0,0.0,0.0,0.0,0.18421052631578955
2026-09-30T01:21:23.987 0.0,0.0,0.0,0.0,0.0,0.18421052631578955
2026-09-30T01:21:24.037 0.0,0.0,0.0,0.0,0.0,0.18421052631578955
2026-09-30T01:21:24.087 0.0,0.0,0.0,0.0,0.0,0.18421052631578955
2026-09-30T01:21:24.137 0.0,0.0,0.0,0.0,0.0,0.18421052631578955
2026-09-30T01:21:24.187 0.0,0.0,0.0,0.0,0.0,0.18421052631578955
2026-09-30T01:21:24.237 0.0,0.0,0.0,0.0,0.0,0.18421052631578955
2026-09-30T01:21:24.287 0.0,0.0,0.0,0.0,0.0,0.18421052631578955
2026-09-30T01:21:24.337 0.0,0.0,0.0,0.0,0.0,0.18421052631578955
2026-09-30T01:21:24.387 0.0,0.0,0.0,0.0,0.0,0.18421052631578955
2026-09-30T01:21:24.437 0.0,0.0,0.0,0.0,0.0,0.18421052631578955
2026-09-30T01:21:24.487 0.0,0.0,0.0,0.0,0.0,0.18421052631578955
2026-09-30T01:21:24.539 0.0,0.0,0.0,0.0,0.0,0.18421052631578955
2026-09-30T01:21:24.597 0.0,0.0,0.0,0.0,0.0,0.18421052631578955
2026-09-30T01:21:24.638 0.0,0.0,0.0,0.0,0.0,0.18421052631578955
2026-09-30T01:21:24.687 0.0,0.0,0.0,0.0,0.0,0.18421052631578955
2026-09-30T01:21:24.737 0.0,0.0,0.0,0.0,0.0,0.18421052631578955
2026-09-30T01:21:24.787 0.0,0.0,0.0,0.0,0.0,0.18421052631578955
2026-09-30T01:21:24.837 0.0,0.0,0.0,0.0,0.0,0.18421052631578955
2026-09-30T01:21:24.887 0.0,0.0,0.0,0.0,0.0,0.18421052631578955
2026-09-30T01:21:24.937 0.0,0.0,0.0,0.0,0.0,0.18421052631578955
2026-09-30T01:21:24.987 0.0,0.0,0.0,0.0,0.0,0.18421052631578955
2026-09-30T01:21:25.037 0.0,0.0,0.0,0.0,0.0,0.18421052631578955
2026-09-30T01:21:25.087 0.0,0.0,0.0,0.0,0.0,0.18421052631578955
2026-09-30T01:21:25.137 0.0,0.0,0.0,0.0,0.0,0.18421052631578955
2026-09-30T01:21:25.188 0.0,0.0,0.0,0.0,0.0,0.18421052631578955
2026-09-30T01:21:25.237 0.0,0.0,0.0,0.0,0.0,0.18421052631578955
2026-09-30T01:21:25.289 0.0,0.0,0.0,0.0,0.0,0.18421052631578955
2026-09-30T01:21:25.348 0.0,0.0,0.0,0.0,0.0,0.18421052631578955
2026-09-30T01:21:25.387 0.0,0.0,0.0,0.0,0.0,0.18421052631578955
2026-09-30T01:21:25.437 0.0,0.0,0.0,0.0,0.0,0.18421052631578955
2026-09-30T01:21:26.327 0.0,0.0,0.0,0.0,0.0,0.18421052631578955
2026-09-30T01:21:27.539 0.0,0.0,0.0,0.0,0.0,0.18421052631578955
2026-09-30T01:21:27.590 0.0,0.0,0.0,0.0,0.0,0.18421052631578955
2026-09-30T01:21:27.639 0.0,0.0,0.0,0.0,0.0,0.18421052631578955
2026-09-30T01:21:27.689 0.0,0.0,0.0,0.0,0.0,0.18421052631578955
2026-09-30T01:21:27.749 0.0,0.0,0.0,0.0,0.0,0.024210526315789543
2026-09-30T01:21:27.789 0.0,0.0,0.0,0.0,0.0,0.0
2026-09-30T01:21:27.839 0.0,0.0,0.0,0.0,0.0,0.0
2026-09-30T01:21:27.889 0.0,0.0,0.0,0.0,0.0,0.0
2026-09-30T01:21:27.940 0.0,0.0,0.0,0.0,0.0,0.0
2026-09-30T01:21:27.989 0.0,0.0,0.0,0.0,0.0,0.0
2026-09-30T01:21:28.040 0.0,0.0,0.0,0.0,0.0,0.0
2026-09-30T01:21:28.089 0.0,0.0,0.0,0.0,0.0,0.0
2026-09-30T01:21:28.139 0.0,0.0,0.0,0.0,0.0,0.0
2026-09-30T01:21:28.189 0.0,0.0,0.0,0.0,0.0,0.0
2026-09-30T01:21:28.239 0.0,0.0,0.0,0.0,0.0,0.0
2026-09-30T01:21:28.289 0.0,0.0,0.0,0.0,0.0,0.0
2026-09-30T01:21:28.342 0.0,0.0,0.0,0.0,0.0,0.0
2026-09-30T01:21:28.389 0.0,0.0,0.0,0.0,0.0,0.0
2026-09-30T01:21:28.439 0.0,0.0,0.0,0.0,0.0,0.0
2026-09-30T01:21:28.489 0.0,0.0,0.0,0.0,0.0,0.0
2026-09-30T01:21:28.539 0.0,0.0,0.0,0.0,0.0,0.0
2026-09-30T01:21:28.589 0.0,0.0,0.0,0.0,0.0,0.0
2026-09-30T01:21:28.650 0.0,0.0,0.0,0.0,0.0,0.0
2026-09-30T01:21:28.689 0.0,0.0,0.0,0.0,0.0,0.0
2026-09-30T01:21:28.740 0.0,0.0,0.0,0.0,0.0,0.0
2026-09-30T01:21:28.790 0.0,0.0,0.0,0.0,0.0,0.0
2026-09-30T01:21:28.840 0.0,0.0,0.0,0.0,0.0,0.0
2026-09-30T01:21:28.890 0.0,0.0,0.0,0.0,0.0,0.0
2026-09-30T01:21:28.939 0.0,0.0,0.0,0.0,0.0,0.0
2026-09-30T01:21:29.000 0.0,0.0,0.0,0.0,0.0,0.0
2026-09-30T01:21:29.039 0.0,0.0,0.0,0.0,0.0,0.0
2026-09-30T01:21:29.089 0.0,0.0,0.0,0.0,0.0,0.0
2026-09-30T01:21:29.139 0.0,0.0,0.0,0.0,0.0,0.0
2026-09-30T01:21:29.189 0.0,0.0,0.0,0.0,0.0,0.0
2026-09-30T01:21:29.250 0.0,0.0,0.0,0.0,0.0,0.0
2026-09-30T01:21:29.289 0.0,0.0,0.0,0.0,0.0,0.0
2026-09-30T01:21:29.339 0.0,0.0,0.0,0.0,0.0,0.0
2026-09-30T01:21:29.389 0.0,0.0,0.0,0.0,0.0,0.0
2026-09-30T01:21:29.439 0.0,0.0,0.0,0.0,0.0,0.0
2026-09-30T01:21:29.489 0.0,0.0,0.0,0.0,0.0,0.0
2026-09-30T01:21:29.539 0.0,0.0,0.0,0.0,0.0,0.0
2026-09-30T01:21:29.589 0.0,0.0,0.0,0.0,0.0,0.0
2026-09-30T01:21:29.639 0.0,0.0,0.0,0.0,0.0,0.0
2026-09-30T01:21:29.690 0.0,0.0,0.0,0.0,0.0,0.0
2026-09-30T01:21:29.739 0.0,0.0,0.0,0.0,0.0,0.0
2026-09-30T01:21:29.799 0.0,0.0,0.0,0.0,0.0,0.0
2026-09-30T01:21:29.839 0.0,0.0,0.0,0.0,0.0,0.0
2026-09-30T01:21:29.889 0.0,0.0,0.0,0.0,0.0,0.0
2026-09-30T01:21:29.939 0.0,0.0,0.0,0.0,0.0,0.0
2026-09-30T01:21:29.989 0.0,0.0,0.0,0.0,0.0,0.0
2026-09-30T01:21:30.039 0.0,0.0,0.0,0.0,0.0,0.0
2026-09-30T01:21:30.089 0.0,0.0,0.0,0.0,0.0,0.0
2026-09-30T01:21:30.149 0.0,0.0,0.0,0.0,0.0,0.0
2026-09-30T01:21:30.189 0.0,0.0,0.0,0.0,0.0,0.0
2026-09-30T01:21:30.239 0.0,0.0,0.0,0.0,0.0,0.0
2026-09-30T01:21:30.289 0.0,0.0,0.0,0.0,0.0,0.0
2026-09-30T01:21:30.339 0.0,0.0,0.0,0.0,0.0,0.0
