2026-09-30T01:25:01.090 0.0,0.0,0.0,0.0,0.0,0.16
2026-09-30T01:25:01.138 0.0,0.0,0.0,0.0,0.0,0.25789473684210534
2026-09-30T01:25:01.188 0.0,0.0,0.0,0.0,0.0,0.25789473684210534
2026-09-30T01:25:01.238 0.0,0.0,0.0,0.0,0.0,0.09789473684210534
2026-09-30T01:25:01.288 0.0,0.0,0.0,0.0,0.0,0.03684210526315797
2026-09-30T01:25:01.337 0.0,0.0,0.0,0.0,0.0,0.03684210526315797
2026-09-30T01:25:01.388 0.0,0.0,0.0,0.0,0.0,0.03684210526315797
2026-09-30T01:25:01.438 0.0,0.0,0.0,0.0,0.0,0.03684210526315797
2026-09-30T01:25:01.488 0.0,0.0,0.0,0.0,0.0,0.03684210526315797
2026-09-30T01:25:01.538 0.0,0.0,0.0,0.0,0.0,0.03684210526315797
2026-09-30T01:25:01.588 0.0,0.0,0.0,0.0,0.0,0.03684210526315797
2026-09-30T01:25:01.638 0.0,0.0,0.0,0.0,0.0,0.03684210526315797
2026-09-30T01:25:01.688 0.0,0.0,0.0,0.0,0.0,0.03684210526315797
2026-09-30T01:25:01.738 0.0,0.0,0.0,0.0,0.0,0.03684210526315797
2026-09-30T01:25:01.788 0.0,0.0,0.0,0.0,0.0,0.03684210526315797
2026-09-30T01:25:01.838 0.0,0.0,0.0,0.0,0.0,0.03684210526315797
2026-09-30T01:25:01.888 0.0,0.0,0.0,0.0,0.0,0.03684210526315797
2026-09-30T01:25:01.938 0.0,0.0,0.0,0.0,0.0,0.03684210526315797
2026-09-30T01:25:01.988 0.0,0.0,0.0,0.0,0.0,0.03684210526315797
2026-09-30T01:25:02.038 0.0,0.0,0.0,0.0,0.0,0.03684210526315797
2026-09-30T01:25:02.088 0.0,0.0,0.0,0.0,0.0,0.03684210526315797
2026-09-30T01:25:02.138 0.0,0.0,0.0,0.0,0.0,0.03684210526315797
2026-09-30T01:25:02.188 0.0,0.0,0.0,0.0,0.0,0.03684210526315797
2026-09-30T01:25:02.238 0.0,0.0,0.0,0.0,0.0,0.03684210526315797
2026-09-30T01:25:02.288 0.0,0.0,0.0,0.0,0.0,0.03684210526315797
2026-09-30T01:25:02.339 0.0,0.0,0.0,0.0,0.0,0.03684210526315797
2026-09-30T01:25:02.388 0.0,0.0,0.0,0.0,0.0,0.03684210526315797
2026-09-30T01:25:02.438 0.0,0.0,0.0,0.0,0.0,0.03684210526315797
2026-09-30T01:25:02.488 0.0,0.0,0.0,0.0,0.0,0.03684210526315797
2026-09-30T01:25:02.538 0.0,0.0,0.0,0.0,0.0,0.03684210526315797
2026-09-30T01:25:02.587 0.0,0.0,0.0,0.0,0.0,0.03684210526315797
2026-09-30T01:25:02.638 0.0,0.0,0.0,0.0,0.0,0.03684210526315797
2026-09-30T01:25:02.687 0.0,0.0,0.0,0.0,0.0,0.03684210526315797
2026-09-30T01:25:02.738 0.0,0.0,0.0,0.0,0.0,0.03684210526315797
2026-09-30T01:25:02.787 0.0,0.0,0.0,0.0,0.0,0.03684210526315797
2026-09-30T01:25:02.838 0.0,0.0,0.0,0.0,0.0,0.03684210526315797
2026-09-30T01:25:02.898 0.0,0.0,0.0,0.0,0.0,0.03684210526315797
2026-09-30T01:25:02.938 0.0,0.0,0.0,0.0,0.0,0.03684210526315797
2026-09-30T01:25:02.988 0.0,0.0,0.0,0.0,0.0,0.03684210526315797
2026-09-30T01:25:03.038 0.0,0.0,0.0,0.0,0.0,0.03684210526315797
2026-09-30T01:25:03.098 0.0,0.0,0.0,0.0,0.0,0.03684210526315797
2026-09-30T01:25:03.138 0.0,0.0,0.0,0.0,0.0,0.03684210526315797
2026-09-30T01:25:03.187 0.0,0.0,0.0,0.0,0.0,0.03684210526315797
2026-09-30T01:25:03.238 0.0,0.0,0.0,0.0,0.0,0.03684210526315797
2026-09-30T01:25:03.288 0.0,0.0,0.0,0.0,0.0,0.03684210526315797
2026-09-30T01:25:03.338 0.0,0.0,0.0,0.0,0.0,0.03684210526315797
2026-09-30T01:25:03.390 0.0,0.0,0.0,0.0,0.0,0.03684210526315797
2026-09-30T01:25:03.438 0.0,0.0,0.0,0.0,0.0,0.03684210526315797
2026-09-30T01:25:03.488 0.0,0.0,0.0,0.0,0.0,0.03684210526315797
2026-09-30T01:25:03.538 0.0,0.0,0.0,0.0,0.0,0.03684210526315797
2026-09-30T01:25:03.587 0.0,0.0,0.0,0.0,0.0,0.03684210526315797
2026-09-30T01:25:03.638 0.0,0.0,0.0,0.0,0.0,0.03684210526315797
2026-09-30T01:25:03.688 0.0,0.0,0.0,0.0,0.0,0.03684210526315797
2026-09-30T01:25:03.738 0.0,0.0,0.0,0.0,0.0,0.03684210526315797
2026-09-30T01:25:03.798 0.0,0.0,0.0,0.0,0.0,0.03684210526315797
2026-09-30T01:25:03.838 0.0,0.0,0.0,0.0,0.0,0.03684210526315797
2026-09-30T01:25:03.888 0.0,0.0,0.0,0.0,0.0,0.03684210526315797
2026-09-30T01:25:03.938 0.0,0.0,0.0,0.0,0.0,0.03684210526315797
2026-09-30T01:25:03.987 0.0,0.0,0.0,0.0,0.0,0.03684210526315797
2026-09-30T01:25:04.038 0.0,0.0,0.0,0.0,0.0,0.03684210526315797
2026-09-30T01:25:04.088 0.0,0.0,0.0,0.0,0.0,0.03684210526315797
2026-09-30T01:25:04.138 0.0,0.0,0.0,0.0,0.0,0.03684210526315797
2026-09-30T01:25:04.188 0.0,0.0,0.0,0.0,0.0,0.03684210526315797
2026-09-30T01:25:04.238 0.0,0.0,0.0,0.0,0.0,0.03684210526315797
2026-09-30T01:25:04.287 0.0,0.0,0.0,0.0,0.0,0.03684210526315797
2026-09-30T01:25:04.338 0.0,0.0,0.0,0.0,0.0,0.03684210526315797
2026-09-30T01:25:04.388 0.0,0.0,0.0,0.0,0.0,0.03684210526315797
2026-09-30T01:25:04.438 0.0,0.0,0.0,0.0,0.0,0.03684210526315797
2026-09-30T01:25:04.488 0.0,0.0,0.0,0.0,0.0,0.03684210526315797
2026-09-30T01:25:04.538 0.0,0.0,0.0,0.0,0.0,0.03684210526315797
2026-09-30T01:25:04.587 0.0,0.0,0.0,0.0,0.0,0.03684210526315797
2026-09-30T01:25:04.638 0.0,0.0,0.0,0.0,0.0,0.03684210526315797
2026-09-30T01:25:04.687 0.0,0.0,0.0,0.0,0.0,0.03684210526315797
2026-09-30T01:25:04.738 0.0,0.0,0.0,0.0,0.0,0.03684210526315797
2026-09-30T01:25:04.788 0.0,0.0,0.0,0.0,0.0,0.03684210526315797
2026-09-30T01:25:04.838 0.0,0.0,0.0,0.0,0.0,0.03684210526315797
2026-09-30T01:25:04.888 0.0,0.0,0.0,0.0,0.0,0.03684210526315797
2026-09-30T01:25:04.938 0.0,0.0,0.0,0.0,0.0,0.03684210526315797
2026-09-30T01:25:04.988 0.0,0.0,0.0,0.0,0.0,0.03684210526315797
2026-09-30T01:25:05.038 0.0,0.0,0.0,0.0,0.0,0.03684210526315797
2026-09-30T01:25:05.087 0.0,0.0,0.0,0.0,0.0,0.03684210526315797
2026-09-30T01:25:05.140 0.0,0.0,0.0,0.0,0.0,0.03684210526315797
2026-09-30T01:25:05.188 0.0,0.0,0.0,0.0,0.0,0.03684210526315797
2026-09-30T01:25:05.238 0.0,0.0,0.0,0.0,0.0,0.03684210526315797
2026-09-30T01:25:05.287 0.0,0.0,0.0,0.0,0.0,0.03684210526315797
2026-09-30T01:25:05.338 0.0,0.0,0.0,0.0,0.0,0.03684210526315797
2026-09-30T01:25:05.388 0.0,0.0,0.0,0.0,0.0,0.03684210526315797
2026-09-30T01:25:05.438 0.0,0.0,0.0,0.0,0.0,0.03684210526315797
2026-09-30T01:25:05.488 0.0,0.0,0.0,0.0,0.0,0.03684210526315797
2026-09-30T01:25:05.538 0.0,0.0,0.0,0.0,0.0,0.03684210526315797
2026-09-30T01:25:05.587 0.0,0.0,0.0,0.0,0.0,0.03684210526315797
2026-09-30T01:25:05.638 0.0,0.0,0.0,0.0,0.0,0.03684210526315797
2026-09-30T01:25:05.688 0.0,0.0,0.0,0.0,0.0,0.03684210526315797
2026-09-30T01:25:05.738 0.0,0.0,0.0,0.0,0.0,0.03684210526315797
2026-09-30T01:25:05.787 0.0,0.0,0.0,0.0,0.0,0.03684210526315797
2026-09-30T01:25:05.838 0.0,0.0,0.0,0.0,0.0,0.03684210526315797
2026-09-30T01:25:05.888 0.0,0.0,0.0,0.0,0.0,0.03684210526315797
2026-09-30T01:25:05.938 0.0,0.0,0.0,0.0,0.0,0.03684210526315797
2026-09-30T01:25:05.988 0.0,0.0,0.0,0.0,0.0,0.03684210526315797
2026-09-30T01:25:06.038 0.0,0.0,0.0,0.0,0.0,0.03684210526315797
2026-09-30T01:25:06.100 0.0,0.0,0.0,0.0,0.0,0.03684210526315797
2026-09-30T01:25:06.138 0.0,0.0,0.0,0.0,0.0,0.03684210526315797
2026-09-30T01:25:06.188 0.0,0.0,0.0,0.0,0.0,0.03684210526315797
2026-09-30T01:25:06.238 0.0,0.0,0.0,0.0,0.0,0.03684210526315797
2026-09-30T01:25:06.288 0.0,0.0,0.0,0.0,0.0,0.03684210526315797
2026-09-30T01:25:06.338 0.0,0.0,0.0,0.0,0.0,0.03684210526315797
2026-09-30T01:25:06.387 0.0,0.0,0.0,0.0,0.0,0.03684210526315797
2026-09-30T01:25:06.438 0.0,0.0,0.0,0.0,0.0,0.03684210526315797
2026-09-30T01:25:06.488 0.0,0.0,0.0,0.0,0.0,0.03684210526315797
2026-09-30T01:25:06.548 0.0,0.0,0.0,0.0,0.0,0.03684210526315797
2026-09-30T01:25:06.588 0.0,0.0,0.0,0.0,0.0,0.03684210526315797
2026-09-30T01:25:06.648 0.0,0.0,0.0,0.0,0.0,0.03684210526315797
2026-09-30T01:25:06.688 0.0,0.0,0.0,0.0,0.0,0.03684210526315797
2026-09-30T01:25:06.748 0.0,0.0,0.0,0.0,0.0,0.03684210526315797
2026-09-30T01:25:06.788 0.0,0.0,0.0,0.0,0.0,0.03684210526315797
2026-09-30T01:25:06.837 0.0,0.0,0.0,0.0,0.0,0.03684210526315797
2026-09-30T01:25:06.888 0.0,0.0,0.0,0.0,0.0,0.03684210526315797
2026-09-30T01:25:06.938 0.0,0.0,0.0,0.0,0.0,0.03684210526315797
2026-09-30T01:25:06.988 0.0,0.0,0.0,0.0,0.0,0.03684210526315797
2026-09-30T01:25:07.038 0.0,0.0,0.0,0.0,0.0,0.03684210526315797
2026-09-30T01:25:07.090 0.0,0.0,0.0,0.0,0.0,0.03684210526315797
2026-09-30T01:25:07.138 0.0,0.0,0.0,0.0,0.0,0.03684210526315797
2026-09-30T01:25:07.188 0.0,0.0,0.0,0.0,0.0,0.03684210526315797
2026-09-30T01:25:07.237 0.0,0.0,0.0,0.0,0.0,0.03684210526315797
2026-09-30T01:25:07.288 0.0,0.0,0.0,0.0,0.0,0.03684210526315797
2026-09-30T01:25:07.338 0.0,0.0,0.0,0.0,0.0,0.03684210526315797
2026-09-30T01:25:07.388 0.0,0.0,0.0,0.0,0.0,0.03684210526315797
2026-09-30T01:25:07.438 0.0,0.0,0.0,0.0,0.0,0.03684210526315797
2026-09-30T01:25:07.488 0.0,0.0,0.0,0.0,0.0,0.03684210526315797
2026-09-30T01:25:07.538 0.0,0.0,0.0,0.0,0.0,0.03684210526315797
2026-09-30T01:25:07.588 0.0,0.0,0.0,0.0,0.0,0.03684210526315797
2026-09-30T01:25:07.638 0.0,0.0,0.0,0.0,0.0,0.03684210526315797
2026-09-30T01:25:07.688 0.0,0.0,0.0,0.0,0.0,0.03684210526315797
2026-09-30T01:25:07.738 0.0,0.0,0.0,0.0,0.0,0.03684210526315797
2026-09-30T01:25:07.788 0.0,0.0,0.0,0.0,0.0,0.03684210526315797
2026-09-30T01:25:07.838 0.0,0.0,0.0,0.0,0.0,0.03684210526315797
2026-09-30T01:25:07.888 0.0,0.0,0.0,0.0,0.0,0.03684210526315797
2026-09-30T01:25:07.938 0.0,0.0,0.0,0.0,0.0,0.03684210526315797
2026-09-30T01:25:07.987 0.0,0.0,0.0,0.0,0.0,0.03684210526315797
2026-09-30T01:25:08.038 0.0,0.0,0.0,0.0,0.0,0.03684210526315797
2026-09-30T01:25:08.087 0.0,0.0,0.0,0.0,0.0,0.03684210526315797
2026-09-30T01:25:08.138 0.0,0.0,0.0,0.0,0.0,0.03684210526315797
2026-09-30T01:25:08.188 0.0,0.0,0.0,0.0,0.0,0.03684210526315797
2026-09-30T01:25:08.238 0.0,0.0,0.0,0.0,0.0,0.03684210526315797
2026-09-30T01:25:08.287 0.0,0.0,0.0,0.0,0.0,0.03684210526315797
2026-09-30T01:25:08.337 0.0,0.0,0.0,0.0,0.0,0.03684210526315797
2026-09-30T01:25:08.388 0.0,0.0,0.0,0.0,0.0,0.03684210526315797
2026-09-30T01:25:08.438 0.0,0.0,0.0,0.0,0.0,0.03684210526315797
2026-09-30T01:25:08.488 0.0,0.0,0.0,0.0,0.0,0.03684210526315797
2026-09-30T01:25:08.538 0.0,0.0,0.0,0.0,0.0,0.03684210526315797
2026-09-30T01:25:08.588 0.0,0.0,0.0,0.0,0.0,0.03684210526315797
2026-09-30T01:25:08.638 0.0,0.0,0.0,0.0,0.0,0.03684210526315797
2026-09-30T01:25:08.688 0.0,0.0,0.0,0.0,0.0,0.03684210526315797
2026-09-30T01:25:08.750 0.0,0.0,0.0,0.0,0.0,0.03684210526315797
2026-09-30T01:25:08.788 0.0,0.0,0.0,0.0,0.0,0.03684210526315797
2026-09-30T01:25:08.838 0.0,0.0,0.0,0.0,0.0,0.03684210526315797
2026-09-30T01:25:08.888 0.0,0.0,0.0,0.0,0.0,0.03684210526315797
2026-09-30T01:25:08.948 0.0,0.0,0.0,0.0,0.0,0.03684210526315797
2026-09-30T01:25:08.989 0.0,0.0,0.0,0.0,0.0,0.03684210526315797
2026-09-30T01:25:09.038 0.0,0.0,0.0,0.0,0.0,0.03684210526315797
2026-09-30T01:25:09.088 0.0,0.0,0.0,0.0,0.0,0.03684210526315797
2026-09-30T01:25:09.138 0.0,0.0,0.0,0.0,0.0,0.03684210526315797
2026-09-30T01:25:09.188 0.0,0.0,0.0,0.0,0.0,0.03684210526315797
2026-09-30T01:25:09.238 0.0,0.0,0.0,0.0,0.0,0.03684210526315797
2026-09-30T01:25:09.290 0.0,0.0,0.0,0.0,0.0,0.03684210526315797
2026-09-30T01:25:09.338 0.0,0.0,0.0,0.0,0.0,0.03684210526315797
2026-09-30T01:25:09.388 0.0,0.0,0.0,0.0,0.0,0.03684210526315797
2026-09-30T01:25:09.438 0.0,0.0,0.0,0.0,0.0,0.03684210526315797
2026-09-30T01:25:09.488 0.0,0.0,0.0,0.0,0.0,0.03684210526315797
2026-09-30T01:25:09.538 0.0,0.0,0.0,0.0,0.0,0.03684210526315797
2026-09-30T01:25:09.587 0.0,0.0,0.0,0.0,0.0,0.03684210526315797
2026-09-30T01:25:10.442 0.0,0.0,0.0,0.0,0.0,0.03684210526315797
2026-09-30T01:25:11.658 0.0,0.0,0.0,0.0,0.0,0.03684210526315797
2026-09-30T01:25:11.708 0.0,0.0,0.0,0.0,0.0,0.03684210526315797
2026-09-30T01:25:11.757 0.0,0.0,0.0,0.0,0.0,0.03684210526315797
2026-09-30T01:25:11.807 0.0,0.0,0.0,0.0,0.0,0.03684210526315797
2026-09-30T01:25:11.858 0.0,0.0,0.0,0.0,0.0,0.03684210526315797
2026-09-30T01:25:11.908 0.0,0.0,0.0,0.0,0.0,0.03684210526315797
2026-09-30T01:25:11.957 0.0,0.0,0.0,0.0,0.0,0.03684210526315797
2026-09-30T01:25:12.008 0.0,0.0,0.0,0.0,0.0,0.03684210526315797
2026-09-30T01:25:12.057 0.0,0.0,0.0,0.0,0.0,0.03684210526315797
2026-09-30T01:25:12.107 0.0,0.0,0.0,0.0,0.0,0.03684210526315797
2026-09-30T01:25:12.157 0.0,0.0,0.0,0.0,0.0,0.03684210526315797
2026-09-30T01:25:12.207 0.0,0.0,0.0,0.0,0.0,0.03684210526315797
2026-09-30T01:25:12.257 0.0,0.0,0.0,0.0,0.0,0.03684210526315797
2026-09-30T01:25:12.307 0.0,0.0,0.0,0.0,0.0,0.03684210526315797
2026-09-30T01:25:12.358 0.0,0.0,0.0,0.0,0.0,0.03684210526315797
2026-09-30T01:25:12.408 0.0,0.0,0.0,0.0,0.0,0.03684210526315797
2026-09-30T01:25:12.458 0.0,0.0,0.0,0.0,0.0,0.03684210526315797
2026-09-30T01:25:12.507 0.0,0.0,0.0,0.0,0.0,0.03684210526315797
2026-09-30T01:25:12.557 0.0,0.0,0.0,0.0,0.0,0.03684210526315797
2026-09-30T01:25:12.607 0.0,0.0,0.0,0.0,0.0,0.03684210526315797
2026-09-30T01:25:12.657 0.0,0.0,0.0,0.0,0.0,0.03684210526315797
2026-09-30T01:25:12.707 0.0,0.0,0.0,0.0,0.0,0.03684210526315797
2026-09-30T01:25:12.758 0.0,0.0,0.0,0.0,0.0,0.03684210526315797
2026-09-30T01:25:12.808 0.0,0.0,0.0,0.0,0.0,0.03684210526315797
2026-09-30T01:25:12.858 0.0,0.0,0.0,0.0,0.0,0.03684210526315797
2026-09-30T01:25:12.907 0.0,0.0,0.0,0.0,0.0,0.03684210526315797
2026-09-30T01:25:12.958 0.0,0.0,0.0,0.0,0.0,0.03684210526315797
2026-09-30T01:25:13.008 0.0,0.0,0.0,0.0,0.0,0.03684210526315797
2026-09-30T01:25:13.057 0.0,0.0,0.0,0.0,0.0,0.03684210526315797
2026-09-30T01:25:13.107 0.0,0.0,0.0,0.0,0.0,0.03684210526315797
2026-09-30T01:25:13.158 0.0,0.0,0.0,0.0,0.0,0.03684210526315797
2026-09-30T01:25:13.208 0.0,0.0,0.0,0.0,0.0,0.03684210526315797
2026-09-30T01:25:13.258 0.0,0.0,0.0,0.0,0.0,0.03684210526315797
2026-09-30T01:25:13.307 0.0,0.0,0.0,0.0,0.0,0.03684210526315797
2026-09-30T01:25:13.357 0.0,0.0,0.0,0.0,0.0,0.03684210526315797
2026-09-30T01:25:13.407 0.0,0.0,0.0,0.0,0.0,0.03684210526315797
2026-09-30T01:25:13.458 0.0,0.0,0.0,0.0,0.0,0.03684210526315797
2026-09-30T01:25:13.507 0.0,0.0,0.0,0.0,0.0,0.03684210526315797
2026-09-30T01:25:13.558 0.0,0.0,0.0,0.0,0.0,0.03684210526315797
2026-09-30T01:25:13.607 0.0,0.0,0.0,0.0,0.0,0.03684210526315797
2026-09-30T01:25:13.658 0.0,0.0,0.0,0.0,0.0,0.03684210526315797
2026-09-30T01:25:13.707 0.0,0.0,0.0,0.0,0.0,0.03684210526315797
2026-09-30T01:25:13.758 0.0,0.0,0.0,0.0,0.0,0.03684210526315797
2026-09-30T01:25:13.807 0.0,0.0,0.0,0.0,0.0,0.03684210526315797
2026-09-30T01:25:13.858 0.0,0.0,0.0,0.0,0.0,0.03684210526315797
2026-09-30T01:25:13.909 0.0,0.0,0.0,0.0,0.0,0.03684210526315797
2026-09-30T01:25:13.957 0.0,0.0,0.0,0.0,0.0,0.03684210526315797
2026-09-30T01:25:14.007 0.0,0.0,0.0,0.0,0.0,0.03684210526315797
2026-09-30T01:25:14.057 0.0,0.0,0.0,0.0,0.0,0.03684210526315797
2026-09-30T01:25:14.108 0.0,0.0,0.0,0.0,0.0,0.03684210526315797
2026-09-30T01:25:14.159 0.0,0.0,0.0,0.0,0.0,0.03684210526315797
2026-09-30T01:25:14.208 0.0,0.0,0.0,0.0,0.0,0.03684210526315797
2026-09-30T01:25:14.257 0.0,0.0,0.0,0.0,0.0,0.0
2026-09-30T01:25:14.308 0.0,0.0,0.0,0.0,0.0,0.0
2026-09-30T01:25:14.357 0.0,0.0,0.0,0.0,0.0,0.0
2026-09-30T01:25:14.408 0.0,0.0,0.0,0.0,0.0,0.0
2026-09-30T01:25:14.457 0.0,0.0,0.0,0.0,0.0,0.0
2026-09-30T01:25:14.507 0.0,0.0,0.0,0.0,0.0,0.0
2026-09-30T01:25:14.557 0.0,0.0,0.0,0.0,0.0,0.0
2026-09-30T01:25:14.607 0.0,0.0,0.0,0.0,0.0,0.0
2026-09-30T01:25:14.657 0.0,0.0,0.0,0.0,0.0,0.0
2026-09-30T01:25:14.707 0.0,0.0,0.0,0.0,0.0,0.0
2026-09-30T01:25:14.757 0.0,0.0,0.0,0.0,0.0,0.0
2026-09-30T01:25:14.807 0.0,0.0,0.0,0.0,0.0,0.0
2026-09-30T01:25:14.857 0.0,0.0,0.0,0.0,0.0,0.0
2026-09-30T01:25:14.907 0.0,0.0,0.0,0.0,0.0,0.0
2026-09-30T01:25:14.958 0.0,0.0,0.0,0.0,0.0,0.0
2026-09-30T01:25:15.007 0.0,0.0,0.0,0.0,0.0,0.0
2026-09-30T01:25:15.058 0.0,0.0,0.0,0.0,0.0,0.0
2026-09-30T01:25:15.107 0.0,0.0,0.0,0.0,0.0,0.0
2026-09-30T01:25:15.157 0.0,0.0,0.0,0.0,0.0,0.0
2026-09-30T01:25:15.207 0.0,0.0,0.0,0.0,0.0,0.0
2026-09-30T01:25:15.257 0.0,0.0,0.0,0.0,0.0,0.0
2026-09-30T01:25:15.307 0.0,0.0,0.0,0.0,0.0,0.0
2026-09-30T01:25:15.357 0.0,0.0,0.0,0.0,0.0,0.0
2026-09-30T01:25:15.408 0.0,0.0,0.0,0.0,0.0,0.0
2026-09-30T01:25:15.458 0.0,0.0,0.0,0.0,0.0,0.0
2026-09-30T01:25:15.507 0.0,0.0,0.0,0.0,0.0,0.0
2026-09-30T01:25:15.558 0.0,0.0,0.0,0.0,0.0,0.0
2026-09-30T01:25:15.618 0.0,0.0,0.0,0.0,0.0,0.0
2026-09-30T01:25:15.658 0.0,0.0,0.0,0.0,0.0,0.0
2026-09-30T01:25:15.707 0.0,0.0,0.0,0.0,0.0,0.0
2026-09-30T01:25:15.758 0.0,0.0,0.0,0.0,0.0,0.0
2026-09-30T01:25:15.808 0.0,0.0,0.0,0.0,0.0,0.0
2026-09-30T01:25:15.858 0.0,0.0,0.0,0.0,0.0,0.0
2026-09-30T01:25:15.907 0.0,0.0,0.0,0.0,0.0,0.0
2026-09-30T01:25:15.968 0.0,0.0,0.0,0.0,0.0,0.0
2026-09-30T01:25:16.008 0.0,0.0,0.0,0.0,0.0,0.0
2026-09-30T01:25:16.057 0.0,0.0,0.0,0.0,0.0,0.0
2026-09-30T01:25:16.108 0.0,0.0,0.0,0.0,0.0,0.0
2026-09-30T01:25:16.168 0.0,0.0,0.0,0.0,0.0,0.0
2026-09-30T01:25:16.208 0.0,0.0,0.0,0.0,0.0,0.0
2026-09-30T01:25:16.257 0.0,0.0,0.0,0.0,0.0,0.0
2026-09-30T01:25:16.307 0.0,0.0,0.0,0.0,0.0,0.0
2026-09-30T01:25:16.357 0.0,0.0,0.0,0.0,0.0,0.0
2026-09-30T01:25:16.408 0.0,0.0,0.0,0.0,0.0,0.0
2026-09-30T01:25:16.458 0.0,0.0,0.0,0.0,0.0,0.0
2026-09-30T01:25:16.507 0.0,0.0,0.0,0.0,0.0,0.0
2026-09-30T01:25:16.557 0.0,0.0,0.0,0.0,0.0,0.0
2026-09-30T01:25:16.607 0.0,0.0,0.0,0.0,0.0,0.0
2026-09-30T01:25:16.657 0.0,0.0,0.0,0.0,0.0,0.0
2026-09-30T01:25:16.708 0.0,0.0,0.0,0.0,0.0,0.0
2026-09-30T01:25:16.758 0.0,0.0,0.0,0.0,0.0,0.0
2026-09-30T01:25:16.808 0.0,0.0,0.0,0.0,0.0,0.0
2026-09-30T01:25:16.858 0.0,0.0,0.0,0.0,0.0,0.0
2026-09-30T01:25:16.907 0.0,0.0,0.0,0.0,0.0,0.0
2026-09-30T01:25:16.957 0.0,0.0,0.0,0.0,0.0,0.0
2026-09-30T01:25:17.007 0.0,0.0,0.0,0.0,0.0,0.0
2026-09-30T01:25:17.058 0.0,0.0,0.0,0.0,0.0,0.0
2026-09-30T01:25:17.108 0.0,0.0,0.0,0.0,0.0,0.0
2026-09-30T01:25:17.157 0.0,0.0,0.0,0.0,0.0,0.0
2026-09-30T01:25:17.207 0.0,0.0,0.0,0.0,0.0,0.0
