2026-09-30T01:24:59.282 0.008879173893340007,-7.226752740575257e-07,-1.3875019159259672e-05,-3.727410238501193e-07,-1.526238691076198e-07,-1.473560891066657e-05,0.9999999998913498
2026-09-30T01:24:59.335 0.008897770491200616,-3.648132747061305e-07,-1.3919323633117267e-05,-3.3768338229933364e-07,6.658623580031738e-08,-3.3237101505914833e-06,0.9999999999944172
2026-09-30T01:24:59.409 0.008916366972760539,-1.2616057856577724e-07,-1.4038133800317155e-05,-3.1456022260676114e-07,1.0547025383823782e-07,5.9083297546535155e-06,0.9999999999824908
2026-09-30T01:24:59.465 0.008935440436747159,-2.451297312236792e-07,-1.4068290983684237e-05,-3.80257903660051e-07,1.756675127937317e-07,-5.304956121529797e-06,0.999999999985841
2026-09-30T01:24:59.535 0.008954990811729088,-6.621160961109971e-07,-1.4054498620672237e-05,-3.26648273324629e-07,6.332718929449208e-08,-3.499312026420368e-06,0.999999999993822
2026-09-30T01:24:59.592 0.008971680115714862,-7.215106183747199e-07,-1.4065985020862211e-05,-3.971686648595615e-07,8.917320461172219e-08,1.557351497286807e-06,0.9999999999987045
2026-09-30T01:24:59.656 0.00899266099137789,-4.2322323574779323e-07,-1.4054454565056118e-05,-3.3164461388101705e-07,1.0639935739322e-07,-2.449538474896616e-06,0.9999999999969392
2026-09-30T01:24:59.715 0.009011257529063774,-8.998262713875433e-07,-1.4143462330128701e-05,-3.081405553306303e-07,6.938096090991344e-08,-2.4700759830732905e-06,0.9999999999968995
2026-09-30T01:24:59.771 0.009027946760117273,-7.804068675410956e-07,-1.4199652187270896e-05,-3.5939840808671664e-07,1.9906413341080782e-07,1.6376925650697028e-06,0.9999999999985746
2026-09-30T01:24:59.828 0.009046543314609471,-7.205680975109128e-07,-1.4273758897518563e-05,-4.266602001799309e-07,1.4691132775426694e-07,-2.4631114019534228e-06,0.9999999999968647
2026-09-30T01:24:59.894 0.009064186290218644,-6.607413233891329e-07,-1.4286753177350313e-05,-4.057419978665166e-07,1.445829034021271e-07,-3.687651860507526e-06,0.9999999999931078
2026-09-30T01:24:59.953 0.009081829267328706,-7.201238388086843e-07,-1.4299747437683567e-05,-3.916533261271796e-07,1.571292448495385e-07,2.0861109333326404e-07,0.9999999999998892
2026-09-30T01:25:00.024 0.0091018564440558,-2.430345314478742e-07,-1.4301610293550103e-05,-3.01208569279392e-07,5.459916477728277e-08,-1.0508201428258169e-06,0.999999999999401
2026-09-30T01:25:00.080 0.009119976277536098,-4.387816858069511e-09,-1.4300457390133081e-05,-2.417809977025972e-07,1.0488826780931406e-07,-3.0429463405923556e-06,0.9999999999953355
2026-09-30T01:25:00.140 0.009136665629392946,-1.2338697842457372e-07,-1.4282141495437488e-05,-2.432627238669282e-07,-3.457782646418203e-08,-1.2021008869149658e-05,0.9999999999277175
2026-09-30T01:25:00.205 0.009153831726572454,-4.807987265874233e-07,-1.4324184062089174e-05,-9.739001568176168e-08,-1.583360472210792e-08,-6.270258397425327e-06,0.9999999999803371
2026-09-30T01:25:00.263 0.009171951350261252,-4.2096597091509483e-07,-1.4457141412537835e-05,-3.2140839005956336e-07,8.044047265954221e-08,-5.109460675186218e-06,0.9999999999868918
2026-09-30T01:25:00.328 0.009192455371805377,-5.995217526095208e-07,-1.4459758091234268e-05,-2.1151976010600605e-07,2.2349778677041723e-08,1.331071328133279e-06,0.9999999999990915
2026-09-30T01:25:00.392 0.009210575108042638,-1.224564698728223e-07,-1.4518209797086878e-05,-3.541330748299168e-07,7.508455294192859e-08,-1.263188593021456e-05,0.9999999999201522
2026-09-30T01:25:00.441 0.009228218231017252,-5.394668375127146e-07,-1.4441797143515685e-05,-2.0382363414667962e-07,-6.624215680459258e-08,-8.678121315355254e-06,0.9999999999623221
2026-09-30T01:25:00.506 0.009248245229017604,-8.372379340420949e-07,-1.456286901318725e-05,-3.264178573651914e-07,1.0477065106890483e-07,-2.9022746556599164e-06,0.9999999999957296
2026-09-30T01:25:00.555 0.009266365035935812,-3.601726431035698e-07,-1.4576617291335385e-05,-1.985777807494677e-07,1.2327884729477742e-07,1.828170549194613e-06,0.9999999999983016
2026-09-30T01:25:00.604 0.009285438493918878,-2.304637596146682e-09,-1.4606774552696458e-05,-3.872349024689816e-07,1.4574777501003093e-07,-3.247257204171355e-06,0.9999999999946421
2026-09-30T01:25:00.666 0.009305465732775485,-7.173082201807648e-07,-1.4578834928441694e-05,-2.5170043098653777e-07,1.0162599519757158e-07,-2.3467872069968698e-06,0.9999999999972095
2026-09-30T01:25:00.732 0.009323108544963344,-7.766907547379113e-07,-1.4696137186752057e-05,-2.840529410438996e-07,8.668234665688455e-08,-4.5534763271325066e-07,0.9999999999998522
2026-09-30T01:25:00.779 0.009342182068374245,-1.5902276340023372e-09,-1.46815910886534e-05,-2.1236135335502763e-07,6.099923796528005e-08,-2.659727548066958e-06,0.9999999999964385
2026-09-30T01:25:00.821 0.009359824979306026,-4.18600619879374e-07,-1.4739288718195635e-05,-3.650286155595687e-07,-5.3321493305368745e-08,-1.2903976354789286e-05,0.9999999999166757
2026-09-30T01:25:00.902 0.00937508379266302,-1.2038528105141804e-07,-1.4733612244098026e-05,-3.7142696874216185e-07,1.152227511497602e-08,-5.96229135042056e-06,0.9999999999821565
2026-09-30T01:25:00.953 0.009396541463020672,-2.393244138649492e-07,-1.4752637935255148e-05,-2.627473029295694e-07,1.1676224883825152e-07,-5.408950934737108e-06,0.9999999999853303
2026-09-30T01:25:01.020 0.009415614907949642,-7.15921437880787e-07,-1.4797696202694892e-05,-3.7176010976301476e-07,8.14796634853739e-08,1.239547188984321e-06,0.9999999999991593
2026-09-30T01:25:01.081 0.009433257807624761,-2.388621585661742e-07,-1.4855393978475863e-05,-4.012109868091871e-07,8.416183128165393e-08,-1.5248886513186917e-06,0.9999999999987533
2026-09-30T01:25:01.139 0.009452808136236505,-7.15453173692042e-07,-1.487140389085093e-05,-4.2627001793909455e-07,1.1850560211452419e-07,-3.15870953290945e-06,0.9999999999949134
2026-09-30T01:25:01.188 0.009470928063207616,-4.172018033958033e-07,-1.4810646426910524e-05,-2.788830153718033e-07,7.68330544734202e-08,-1.527954353090341e-07,0.9999999999999465
2026-09-30T01:25:01.248 0.009489524427716412,-2.3815376569582634e-07,-1.5003962297201959e-05,-3.571766675114157e-07,3.790501910537333e-07,5.2485710855678584e-05,0.9999999986224894
2026-09-30T01:25:01.291 0.009508597879695926,5.965513979769219e-07,-1.5034119636557024e-05,-4.514491493876025e-07,3.7742769345964725e-07,0.00014935412978895327,0.9999999888464988
2026-09-30T01:25:01.347 0.009529578773666161,1.3120712967324505e-06,-1.5007688106427515e-05,-3.171316969225669e-07,-4.2657336226211525e-07,0.00026093626802440516,0.9999999659559902
2026-09-30T01:25:01.386 0.009549129113831113,1.7891546006711747e-06,-1.5008797032222412e-05,-2.01620770493479e-08,-6.919920275494029e-07,0.0003378215670336395,0.9999999429380532
2026-09-30T01:25:01.446 0.009567725710190834,2.2662258895639014e-06,-1.5053101525578503e-05,7.054930599086715e-08,8.527267703769352e-07,0.0003858399197558554,0.9999999255634093
2026-09-30T01:25:01.488 0.009586799246359285,2.0280474555664946e-06,-1.503855526174261e-05,1.0596448258188017e-07,7.016187889833515e-07,0.00037140444557946177,0.9999999310291148
2026-09-30T01:25:01.549 0.009607780030032388,2.147520892945656e-06,-1.5086629346961405e-05,9.957829252850048e-08,5.546432728825721e-07,0.00035681254257039017,0.9999999363422439
2026-09-30T01:25:01.596 0.009626853491017232,2.266970319370417e-06,-1.5116786569325483e-05,2.41475899952359e-07,5.884628399589176e-07,0.0003572478822852094,0.999999936186771
2026-09-30T01:25:01.656 0.009644973329000195,2.147989165336227e-06,-1.5115633607412968e-05,8.511632320196313e-08,5.347361422137016e-07,0.00035647890752943444,0.9999999364612456
2026-09-30T01:25:01.718 0.009664046932847814,2.14822931862331e-06,-1.5056383954869592e-05,2.2758716654736e-07,4.7268769234452083e-07,0.0003564335088991591,0.9999999364774372
2026-09-30T01:25:01.772 0.009682166626467112,2.26766672726813e-06,-1.5144637887363025e-05,1.8316421139355465e-07,5.119193670883712e-07,0.0003565053143191242,0.9999999364518306
2026-09-30T01:25:01.831 0.009703624298325652,2.0295183049132677e-06,-1.5163663559021646e-05,3.410399146251137e-07,4.503948634898358e-07,0.00035621380189966296,0.9999999365557021
2026-09-30T01:25:01.884 0.009721744109746524,2.148955727227799e-06,-1.5177411778674288e-05,1.2807847725357572e-07,4.5295473956195943e-07,0.00035719704003112687,0.9999999362050245
2026-09-30T01:25:01.939 0.009741294221812769,2.0299925561204457e-06,-1.5327532032658276e-05,2.00929860616077e-07,5.929445448819124e-07,0.00035691252131209503,0.9999999363065281
2026-09-30T01:25:01.998 0.009759414055293068,2.2686392707102504e-06,-1.5326379129241258e-05,1.924899854840885e-07,5.307787510606663e-07,0.00035711538208050897,0.9999999362341405
2026-09-30T01:25:02.059 0.009778964380903034,2.030466834667045e-06,-1.534238908061332e-05,2.5280676053755453e-07,5.066229613662215e-07,0.0003571255205294808,0.999999936230519
2026-09-30T01:25:02.110 0.009798991488450074,2.3883468442846977e-06,-1.5388955344685833e-05,1.939718604500997e-07,5.408487383873448e-07,0.00035781433840602,0.9999999359842825
2026-09-30T01:25:02.183 0.009818541792000613,2.030965115966219e-06,-1.5419866419127557e-05,1.7063565855133155e-07,4.890438108548065e-07,0.0003580263493460195,0.9999999359084304
2026-09-30T01:25:02.244 0.00983761529710431,2.388833126941526e-06,-1.5420221395352316e-05,3.149639165610433e-07,5.570312397985198e-07,0.00035801238178064405,0.9999999359133604
2026-09-30T01:25:02.301 0.009856688759590043,2.3890732638249553e-06,-1.5450378598217893e-05,2.733143521386124e-07,5.478924289362185e-07,0.0003586326756926958,0.9999999356911125
2026-09-30T01:25:02.366 0.009874808551953263,2.1508828147815503e-06,-1.5479027901943196e-05,3.5041761327602073e-07,4.4282815197715396e-07,0.00035894216279869684,0.9999999355801004
2026-09-30T01:25:02.466 0.009894358901123545,1.912710381472287e-06,-1.5480136710747104e-05,3.102500937279106e-07,4.893357195584877e-07,0.00035792024298983134,0.9999999359463799
2026-09-30T01:25:02.527 0.009914862870293929,2.1513871077046363e-06,-1.5512555742824596e-05,2.7565577451576714e-07,5.361345016901294e-07,0.00035864582869640966,0.999999935686401
2026-09-30T01:25:02.570 0.009932982563913227,2.2708245163494573e-06,-1.560080967531803e-05,1.416608612910004e-07,5.310696778070151e-07,0.0003596734749994338,0.9999999353173425
2026-09-30T01:25:02.643 0.009953486631827536,2.1518733848935805e-06,-1.5573624078627394e-05,1.168875084954009e-07,5.580195531508723e-07,0.0003583860570084409,0.9999999357795525
2026-09-30T01:25:02.680 0.009972560044190863,2.390532095391788e-06,-1.563358360562629e-05,2.890088310681456e-07,4.917222129402248e-07,0.00035932481056541904,0.9999999354426755
2026-09-30T01:25:02.743 0.00999067976587314,2.1523416381465572e-06,-1.570693633705607e-05,2.7603588650451954e-07,4.926535084457108e-07,0.00035999665394799565,0.999999935201043
2026-09-30T01:25:02.781 0.010011183879407191,2.152599801699897e-06,-1.5649948474727617e-05,2.667743673292452e-07,5.16576723042206e-07,0.00035918600273479703,0.9999999354925366
2026-09-30T01:25:02.844 0.010029780453707485,2.51046179831735e-06,-1.570915409115337e-05,2.914059478197271e-07,5.545282785332636e-07,0.0003594301647189191,0.99999993540478
2026-09-30T01:25:02.885 0.010048853870573476,2.3914926401915636e-06,-1.5769113559656766e-05,2.587554278627166e-07,5.21873653775471e-07,0.00036023508643723474,0.9999999351151695
2026-09-30T01:25:02.949 0.010068404120999833,2.5109480645705256e-06,-1.5829826997228802e-05,1.2711140041990383e-07,5.583689809206028e-07,0.00035983175281015917,0.9999999352603888
2026-09-30T01:25:02.987 0.010086523911862166,2.391966905068452e-06,-1.5858476320452603e-05,1.978181680027087e-07,5.524322629680046e-07,0.000360031116271601,0.9999999351886234
2026-09-30T01:25:03.051 0.01010798158071893,2.3922370617962523e-06,-1.587750203110822e-05,1.8891804789336537e-07,5.406161473315685e-07,0.00036113858300029235,0.9999999347892958
2026-09-30T01:25:03.087 0.010125147698456976,2.2732438954500076e-06,-1.5904643494188743e-05,1.7206680135243786e-07,5.443412727597803e-07,0.00036044045317004073,0.9999999350411748
2026-09-30T01:25:03.150 0.01014422129930282,2.511902627819752e-06,-1.584539388064237e-05,3.353592828289508e-07,4.445743904680448e-07,0.0003602157006601763,0.9999999351221673
2026-09-30T01:25:03.191 0.010165201968176125,2.39295747244654e-06,-1.596797363970496e-05,2.633159215088158e-07,5.194290710399895e-07,0.000361584569137156,0.999999934628128
2026-09-30T01:25:03.252 0.010183321876840032,2.2739763266141777e-06,-1.592211725008797e-05,3.862478777197308e-08,5.139560660788656e-07,0.00036068794152443117,0.9999999349519695
2026-09-30T01:25:03.295 0.010201918356899068,2.6318383122958614e-06,-1.6040927436786357e-05,1.8258039947977418e-07,5.610469838972212e-07,0.00036107979840232157,0.9999999348105134
2026-09-30T01:25:03.352 0.010222899170136036,2.27447459424364e-06,-1.6074100301443e-05,5.6471164226267987e-08,5.59300041532542e-07,0.0003620697778210739,0.9999999344525778
2026-09-30T01:25:03.409 0.010240542212673934,2.632324600420575e-06,-1.604239120231652e-05,2.3602043418789282e-07,4.808372051055566e-07,0.0003612103157477307,0.9999999347634083
2026-09-30T01:25:03.456 0.010260569282105673,2.2749488673223557e-06,-1.611875963453436e-05,9.288286046934031e-08,5.623270534268725e-07,0.00036189023664008054,0.9999999345175637
2026-09-30T01:25:03.491 0.010277735442461685,2.5135835750679886e-06,-1.611609887097406e-05,1.1443755859927619e-07,4.867737581801107e-07,0.0003629209025403384,0.9999999341440821
2026-09-30T01:25:03.549 0.010297285692888042,2.6330389994469506e-06,-1.6176812308546097e-05,1.5894678905231914e-07,4.448644937690811e-07,0.00036236870927031485,0.9999999343443455
2026-09-30T01:25:03.590 0.010318743335182713,2.871727732523471e-06,-1.621073920076687e-05,2.349217936463746e-07,5.313615082382776e-07,0.00036219094141415,0.9999999344086901
2026-09-30T01:25:03.651 0.01033734001122871,2.6335432923700363e-06,-1.6210340149427494e-05,2.2203360203064078e-07,5.38521029853767e-07,0.00036297174909822325,0.9999999341255829
2026-09-30T01:25:03.687 0.01035641352083507,2.6337834347213497e-06,-1.6210695067156757e-05,2.91446880216913e-07,4.4719365976348845e-07,0.0003626882813141077,0.9999999342284607
2026-09-30T01:25:03.749 0.010374533099654571,2.5148022506137977e-06,-1.6373454673493988e-05,1.3892353427213007e-07,6.00336997269239e-07,0.0003627087744983479,0.9999999342209804
2026-09-30T01:25:03.786 0.010393129841878845,2.6342456872861827e-06,-1.6328352252945634e-05,9.470507063342949e-08,5.616869205133511e-07,0.0003636049750487998,0.9999999338955466
2026-09-30T01:25:03.846 0.010414587559357124,2.515306559940536e-06,-1.6317575658966435e-05,2.3021476637437538e-07,5.33748082788961e-07,0.0003633052730048227,0.9999999340044682
2026-09-30T01:25:03.889 0.010433184113098883,2.6347499747413844e-06,-1.639168237896335e-05,1.6931298316271026e-07,5.949821227802755e-07,0.0003631550872691097,0.9999999340589978
2026-09-30T01:25:03.947 0.01045225764476467,2.7541994093679716e-06,-1.637713617362295e-05,1.6208151343752017e-07,5.181480870650053e-07,0.0003642926452799617,0.9999999336452847
2026-09-30T01:25:03.999 0.010470377459187318,2.63521825259984e-06,-1.6390884354278593e-05,2.0614066153591513e-07,5.03480045023412e-07,0.00036435681364627897,0.999999933621906
2026-09-30T01:25:04.054 0.010488974012929074,2.7546616674006885e-06,-1.646499107427551e-05,3.047592768306769e-07,4.983583348338748e-07,0.00036363816173536447,0.9999999338834709
2026-09-30T01:25:04.091 0.010509001238277686,3.112541690688052e-06,-1.643705162550723e-05,1.9316292874494814e-07,5.122693231280952e-07,0.00036443621915069124,0.999999933592969
2026-09-30T01:25:04.157 0.010528074658145453,2.755153953479603e-06,-1.649701105501363e-05,1.3207699322368978e-07,4.974259821081165e-07,0.00036432532383223775,0.9999999336333946
2026-09-30T01:25:04.195 0.01054667126050873,2.755388084207004e-06,-1.654131547037573e-05,1.0963436456243992e-07,5.263550518121372e-07,0.00036451323559124547,0.9999999335649038
2026-09-30T01:25:04.257 0.010567175279801519,2.755646236824575e-06,-1.6543932178319907e-05,3.937043945480361e-07,4.7647296699501266e-07,0.0003654025991389164,0.999999933240277
2026-09-30T01:25:04.295 0.010585294882181335,2.6366650554509642e-06,-1.6691790642088983e-05,2.191080756203515e-07,5.255408628102928e-07,0.0003648620460920194,0.9999999334376793
2026-09-30T01:25:04.353 0.010605322204772984,2.7561265105914335e-06,-1.660424658405107e-05,2.3561956798416023e-07,4.886373449236336e-07,0.00036512094052642836,0.9999999333432
2026-09-30T01:25:04.394 0.010624395595076882,2.875575928814368e-06,-1.6679107234119622e-05,2.0307844870909567e-07,5.36251067259869e-07,0.00036608767960852096,0.9999999329897388
2026-09-30T01:25:04.459 0.010643469129744447,2.756606784358292e-06,-1.6664560989782228e-05,2.176492157553937e-07,5.28975169545292e-07,0.0003656678740186959,0.9999999331433371
2026-09-30T01:25:04.499 0.010662065659925887,2.8760501964251987e-06,-1.67535688523473e-05,2.0374116017534016e-07,5.525491830044331e-07,0.00036575286865345917,0.9999999331122439
2026-09-30T01:25:04.563 0.010681139145971933,2.87629033604257e-06,-1.6768824912644723e-05,9.942228230364873e-08,5.572051364218764e-07,0.0003657406693459227,0.999999933116719
2026-09-30T01:25:04.600 0.010699259029574637,2.8765184770175966e-06,-1.673786968509439e-05,1.8412097981242725e-07,4.93817568613818e-07,0.00036595113940873965,0.9999999330397407
2026-09-30T01:25:04.656 0.010719286305045655,2.9959799266901815e-06,-1.6680127912192793e-05,2.414142543168135e-07,4.5749641198686556e-07,0.0003665505749807183,0.9999999328202019
2026-09-30T01:25:04.698 0.010737882718926414,2.9962140355460457e-06,-1.684364146810016e-05,1.474525050309237e-07,5.51151922619998e-07,0.0003667067620264345,0.9999999327629103
2026-09-30T01:25:04.760 0.010758386717660665,2.758053606347012e-06,-1.68611592796155e-05,1.6873395092529838e-07,5.045859073637432e-07,0.00036622309811442223,0.9999999329401774
2026-09-30T01:25:04.802 0.010777460203706714,2.758293745964383e-06,-1.6876415339912923e-05,1.8024348428564592e-07,5.499879724305962e-07,0.00036665819097205735,0.9999999327807158
2026-09-30T01:25:04.861 0.010795579990066381,2.9969404550863037e-06,-1.690506472163222e-05,2.5897035703548107e-07,5.412573735979089e-07,0.0003672823481268938,0.9999999325516561
2026-09-30T01:25:04.907 0.010816083962238543,2.9971986022359902e-06,-1.6937483714712718e-05,2.2214463161442234e-07,5.559836467005803e-07,0.0003669436668290557,0.9999999326759912
2026-09-30T01:25:04.955 0.010835157426225163,2.878229449578088e-06,-1.69676408980798e-05,1.684845383007855e-07,4.923041874345703e-07,0.0003673759008131838,0.9999999325173361
2026-09-30T01:25:04.999 0.010852800377523576,2.9976608657365916e-06,-1.699553633022896e-05,1.9642283717772086e-07,5.583118503965254e-07,0.00036768781372619515,0.9999999324026584
2026-09-30T01:25:05.060 0.010873304231894164,2.9979189992165674e-06,-1.7102461036150252e-05,9.738790905177719e-08,5.218732363817109e-07,0.00036757363046827703,0.9999999324446699
2026-09-30T01:25:05.101 0.01089190083275655,3.1173624194853e-06,-1.714676547101085e-05,1.487416217677103e-07,5.40674688931428e-07,0.00036833337482639273,0.999999932165103
2026-09-30T01:25:05.163 0.01091145123054835,2.7599807021025896e-06,-1.7118071975179937e-05,1.488421062311445e-07,5.478341914747152e-07,0.00036787382506640556,0.999999932334261
2026-09-30T01:25:05.203 0.010931955084918938,2.7602388355825658e-06,-1.722499668110123e-05,1.5614780059493394e-07,5.861930805248239e-07,0.0003679962297689851,0.9999999322892011
2026-09-30T01:25:05.261 0.010950551754961377,2.998891553594456e-06,-1.7224597707755848e-05,4.519133510386096e-08,5.442247334012553e-07,0.0003687038322784034,0.9999999320285906
2026-09-30T01:25:05.297 0.01097057884194988,3.118352981395504e-06,-1.7286065075399523e-05,1.2315732629880446e-07,5.425372235180154e-07,0.00036895685774484887,0.9999999319352615
2026-09-30T01:25:05.366 0.010989652348554464,3.35701170282948e-06,-1.728642003212578e-05,1.6335033500355056e-07,5.623862724203855e-07,0.00036885304151471066,0.9999999319735431
2026-09-30T01:25:05.408 0.011008248905297998,3.238036538547666e-06,-1.7360526713125697e-05,5.997479182347768e-08,5.644811208003939e-07,0.00036914963314302524,0.9999999318641107
2026-09-30T01:25:05.467 0.011029229784713246,3.2383006973212646e-06,-1.7348996208573357e-05,1.582352940028227e-07,4.964952650701215e-07,0.00036972592786852767,0.999999931651231
2026-09-30T01:25:05.504 0.011047826390078298,3.0001162489660033e-06,-1.7393300584938465e-05,1.5199879473295757e-07,4.977757989279736e-07,0.0003697894373007106,0.9999999316277483
2026-09-30T01:25:05.571 0.011066899851063142,3.119565675390764e-06,-1.742345780730254e-05,1.303595135567742e-07,5.327001995944047e-07,0.00036922862329261027,0.9999999318349592
2026-09-30T01:25:05.606 0.011085496547667674,3.1197998170539342e-06,-1.7408157652392006e-05,1.4770847692028395e-07,5.393942480395182e-07,0.0003699703502625952,0.9999999315608112
2026-09-30T01:25:05.683 0.011104093150030947,3.1200339477813356e-06,-1.7452462067754103e-05,1.4840271313310297e-07,5.665190838915851e-07,0.0003708559212756008,0.999999931232769
2026-09-30T01:25:05.728 0.011125073866024881,3.0010887978760077e-06,-1.7545239541680378e-05,1.3806473519068613e-07,5.672174285057132e-07,0.00036985498999842495,0.9999999316034704
2026-09-30T01:25:05.781 0.011144147540553446,3.0013289593649167e-06,-1.744128646143253e-05,2.93448865105822e-07,5.247268394333045e-07,0.0003699513177469155,0.9999999315678282
2026-09-30T01:25:05.823 0.011162267187052113,3.1207663625418525e-06,-1.755934267906228e-05,1.5342628650122938e-07,5.240857602460629e-07,0.00037101307806431993,0.9999999311744965
2026-09-30T01:25:05.880 0.011182294341719783,3.4786463776273893e-06,-1.7576106657998472e-05,2.507531725987732e-07,5.79034336878798e-07,0.00037044506877616175,0.9999999313850241
2026-09-30T01:25:05.920 0.0112004141090218,3.359665215391374e-06,-1.7619657123790432e-05,2.408524311232831e-07,5.64540607644241e-07,0.0003708754640874757,0.9999999312255043
2026-09-30T01:25:05.988 0.011220441315312765,3.3599173673208012e-06,-1.7606618759094814e-05,1.415960892981093e-07,4.859014792695626e-07,0.0003710577330153931,0.9999999311579489
2026-09-30T01:25:06.028 0.011239991520119381,3.3601634966905476e-06,-1.769713446230467e-05,2.02765803498936e-07,5.712342804730845e-07,0.00037129517154964835,0.9999999310697617
2026-09-30T01:25:06.083 0.011258588120981768,3.4796069169592803e-06,-1.7741438897165266e-05,6.53283243154226e-08,5.620948328061364e-07,0.0003715016845305756,0.9999999309930867
2026-09-30T01:25:06.123 0.011278138375910789,3.2414344727142488e-06,-1.7802152276241807e-05,2.174353533458587e-07,5.430037396864989e-07,0.0003721714764287646,0.9999999307440226
2026-09-30T01:25:06.187 0.011296735116634175,3.480087198927965e-06,-1.7757049875191948e-05,1.0353916726651187e-07,5.427701399858023e-07,0.000371529652331777,0.9999999309827037
2026-09-30T01:25:06.227 0.011316762349487228,3.241920774508672e-06,-1.7729110328931174e-05,1.8785584680844722e-07,4.744349292970581e-07,0.0003718444308958379,0.999999930865727
2026-09-30T01:25:06.291 0.011335835688167832,3.7189980558877156e-06,-1.7833773322631544e-05,2.3232848720281794e-07,5.24377460472801e-07,0.00037303887577863436,0.9999999304208317
2026-09-30T01:25:06.325 0.011354432340653513,3.4808136130003387e-06,-1.7848275413860327e-05,1.864928660391356e-07,5.445751301959512e-07,0.00037190793691199703,0.9999999308420752
2026-09-30T01:25:06.388 0.011373982757502963,3.4810597669755647e-06,-1.7804680833956755e-05,2.0721313231434191e-07,5.288010620708557e-07,0.00037278423703232793,0.9999999305157926
2026-09-30T01:25:06.438 0.011393532938749264,3.481305893611369e-06,-1.7910097679734767e-05,1.5227377656667183e-07,5.835158981785148e-07,0.00037281123064011813,0.9999999305057089
2026-09-30T01:25:06.493 0.011412129517552223,3.481540021604828e-06,-1.7969303237665023e-05,9.892363475159159e-08,5.652965433349638e-07,0.00037247122318661473,0.9999999306324269
2026-09-30T01:25:06.533 0.011431679909340468,3.600995462387443e-06,-1.7940609819828106e-05,1.5863042157150608e-07,5.052267421965512e-07,0.0003737601269729966,0.9999999301515411
2026-09-30T01:25:06.596 0.011450753162785146,3.362816995582731e-06,-1.8104877266810117e-05,1.822553388597327e-07,6.242614531537875e-07,0.0003730497421095158,0.9999999304167311
2026-09-30T01:25:06.635 0.01147030374155502,3.601481747778214e-06,-1.795697472792643e-05,1.6481072919500975e-07,4.913733042596761e-07,0.0003730332248250618,0.9999999304229699
2026-09-30T01:25:06.698 0.011490330855105611,3.4825245992305413e-06,-1.8003540914004946e-05,2.879400579210527e-07,5.249599310069393e-07,0.0003735835390112266,0.999999930217488
2026-09-30T01:25:06.735 0.011507020083157333,3.840362582159652e-06,-1.8059730810144142e-05,1.4560145130146033e-07,5.33166352362616e-07,0.00037407469178380175,0.9999999300339073
2026-09-30T01:25:06.795 0.011526570363147559,3.4829808511072306e-06,-1.8105543027154022e-05,1.300289962701394e-07,5.595924773551229e-07,0.000373528133967395,0.9999999302381991
2026-09-30T01:25:06.834 0.01154707438244035,3.483239003724801e-06,-1.8108159735098202e-05,1.4660001876787887e-07,5.29499283833171e-07,0.00037415862613475296,0.9999999300025079
2026-09-30T01:25:06.897 0.01156519419536211,3.483467136498001e-06,-1.8121907935252346e-05,1.3295264274680535e-07,5.087191039015704e-07,0.00037456021166529523,0.9999999298521832
2026-09-30T01:25:06.941 0.011585698070291235,3.722143851794582e-06,-1.8213931537602477e-05,1.8837762318320005e-07,5.861355910366707e-07,0.0003743027740026082,0.9999999299485247
2026-09-30T01:25:07.001 0.011604294721276026,3.6031686984485364e-06,-1.822843364832976e-05,7.431094788605189e-08,5.199528129528787e-07,0.00037460350673544553,0.999999929835966
2026-09-30T01:25:07.039 0.011623368089520499,3.603408824396197e-06,-1.8318195421467975e-05,6.536389115343878e-08,5.411986064427774e-07,0.00037536696549499946,0.9999999295496695
2026-09-30T01:25:07.098 0.011644348970436638,3.4844636936284643e-06,-1.8306664897417137e-05,1.735329823737877e-07,5.19022142895394e-07,0.0003749433027914376,0.9999999297086076
2026-09-30T01:25:07.133 0.01166199184955322,3.723104391126473e-06,-1.837926377676927e-05,1.4694444549967664e-07,5.553435858277306e-07,0.00037548465527369906,0.9999999295054693
2026-09-30T01:25:07.206 0.01168249596158638,3.8425718442211436e-06,-1.8322275933939314e-05,1.6168541796222513e-07,4.896854447627232e-07,0.0003752629304383972,0.9999999295887311
2026-09-30T01:25:07.247 0.01170156937845237,3.723602686095357e-06,-1.838223540244271e-05,1.4807186770287815e-07,5.477183881725966e-07,0.00037543599261765547,0.9999999295237443
2026-09-30T01:25:07.309 0.011720166075056904,3.723836827758527e-06,-1.8366935247532176e-05,1.401215825754246e-07,4.801975693304354e-07,0.0003765505597232087,0.9999999291047104
2026-09-30T01:25:07.347 0.011740193116425664,3.7240889605503595e-06,-1.845820488081367e-05,1.3142377380397135e-07,5.194294311867175e-07,0.00037616267084469125,0.9999999292506765
2026-09-30T01:25:07.408 0.011758312742365794,3.6051077819106906e-06,-1.8591162202014585e-05,2.0832988781558576e-07,5.357862450718702e-07,0.0003759641216346648,0.9999999293253219
2026-09-30T01:25:07.445 0.011778339995777386,3.6053599393080022e-06,-1.854832155218265e-05,1.7592318639105568e-07,5.699539688989153e-07,0.0003765081562117085,0.9999999291206237
2026-09-30T01:25:07.510 0.011798367316868147,3.8440306839898024e-06,-1.8460777513643237e-05,2.762571249394378e-07,4.93062307177627e-07,0.0003764652941343864,0.9999999291367789
2026-09-30T01:25:07.550 0.011815056500801014,3.963450082368366e-06,-1.854676965592175e-05,2.3623419182726577e-07,5.005126360741062e-07,0.00037649774786462434,0.9999999291245673
2026-09-30T01:25:07.616 0.011835560383234581,3.60608034995829e-06,-1.863879316077939e-05,8.112051399911625e-08,5.930036888302864e-07,0.0003776409524109456,0.9999999286934739
2026-09-30T01:25:07.657 0.011855587680765027,3.844751091906148e-06,-1.8566150264808132e-05,1.4648584290753134e-07,4.994643941538771e-07,0.0003772432843420309,0.9999999288436142
2026-09-30T01:25:07.716 0.011874184190387929,3.7257759221564505e-06,-1.8670059230944367e-05,1.0945990535600295e-07,5.614552723965229e-07,0.00037695966764792437,0.9999999289505384
2026-09-30T01:25:07.764 0.011893257630814233,3.6068067667646057e-06,-1.8715117556879605e-05,1.6144005236664327e-07,5.191969317783731e-07,0.0003779048029793056,0.9999999285938296
2026-09-30T01:25:07.821 0.011911377392112702,3.964662762693915e-06,-1.8758668100665562e-05,3.303925602000177e-07,5.406765569915489e-07,0.0003772179929086288,0.9999999288530896
2026-09-30T01:25:07.858 0.011933311899032495,3.84572963330247e-06,-1.877844772189432e-05,1.2688940190800044e-07,5.212339714357169e-07,0.0003777894621248985,0.9999999286374147
2026-09-30T01:25:07.918 0.011952385361518226,3.8459697701858995e-06,-1.88086049247599e-05,9.149110293896626e-08,6.137839186023097e-07,0.00037810072683332793,0.9999999285197251
2026-09-30T01:25:07.964 0.011971458822503072,3.96541919661066e-06,-1.8838762147123978e-05,6.404212255810705e-08,5.547612018450838e-07,0.0003781151256160887,0.9999999285143174
2026-09-30T01:25:08.015 0.011991486102476754,3.7272527776592512e-06,-1.878102031572689e-05,1.915749517069683e-07,5.123868852539691e-07,0.00037861758983952264,0.9999999283242081
2026-09-30T01:25:08.053 0.012008652192151822,3.965887477203058e-06,-1.8823062979871063e-05,1.5025291588325364e-07,5.7775379318666e-07,0.0003784963763450571,0.9999999283700658
2026-09-30T01:25:08.116 0.012028202351338698,3.846924311563589e-06,-1.894338094871874e-05,8.501489282896885e-08,5.413154196182885e-07,0.0003787226229513273,0.9999999282844347
2026-09-30T01:25:08.153 0.01204822951050903,3.847176458025132e-06,-1.8960144869159435e-05,1.1092111536929145e-07,5.268801662395089e-07,0.0003796798274923876,0.9999999279214667
2026-09-30T01:25:08.212 0.012067303112855763,3.966625900853545e-06,-1.8900895236114564e-05,1.8554322260500548e-07,5.011527997419626e-07,0.00037893628207010736,0.9999999282035017
2026-09-30T01:25:08.249 0.01208780696722635,3.9668840343335205e-06,-1.9007819942035854e-05,9.395239794904891e-08,5.587195686829674e-07,0.00037884141733773185,0.9999999282394272
2026-09-30T01:25:08.308 0.01210640349890868,3.967118156859096e-06,-1.909682778510243e-05,1.3251932638731012e-07,5.840402223940207e-07,0.0003799213141661193,0.9999999278297156
2026-09-30T01:25:08.346 0.012125000192511436,4.205770877604929e-06,-1.908152766918889e-05,-1.6680852168656844e-08,5.78684209231643e-07,0.00038027009631946503,0.9999999276971567
2026-09-30T01:25:08.410 0.012144550657982403,4.086807747506707e-06,-1.9008130784650503e-05,2.126927809602698e-07,4.994650111990611e-07,0.0003797029717629548,0.9999999279126767
2026-09-30T01:25:08.452 0.012163147188163847,4.206251159573614e-06,-1.9097138647215572e-05,2.175506730638406e-07,5.113394449383979e-07,0.0003802552423680009,0.9999999277028183
2026-09-30T01:25:08.514 0.01218174374340649,4.2064852848331305e-06,-1.917124534771399e-05,3.917175123747552e-08,5.605820057481388e-07,0.00038052529248097357,0.9999999276000904
2026-09-30T01:25:08.551 0.012202724575701108,4.206749438138845e-06,-1.918951712829797e-05,4.7623789284780165e-08,5.630267629682561e-07,0.0003803203365237528,0.9999999276780586
2026-09-30T01:25:08.614 0.012218937017313093,4.326162844031091e-06,-1.9215150770232208e-05,1.5646221075553135e-07,5.658214260546695e-07,0.0003804557581376347,0.9999999276265331
2026-09-30T01:25:08.659 0.012238487409101337,4.4456182848137065e-06,-1.918645735239529e-05,1.686682136459091e-07,5.449832266482211e-07,0.00038116326309246433,0.9999999273571181
2026-09-30T01:25:08.735 0.012258514360731504,4.088242538045776e-06,-1.9337331497453926e-05,2.417789186834102e-07,5.896871542507848e-07,0.0003811786886811043,0.9999999273511979
2026-09-30T01:25:08.774 0.012277587798156032,4.207691961736595e-06,-1.938238986238616e-05,4.327641462283471e-08,5.835158570971342e-07,0.0003807172585226871,0.9999999275270107
2026-09-30T01:25:08.836 0.012298568724691912,4.207956125978078e-06,-1.9341057072697507e-05,1.8882513022629448e-07,4.774625059051843e-07,0.00038131225890908506,0.9999999273003461
2026-09-30T01:25:08.875 0.01231525800286604,4.327375535292409e-06,-1.9367444644703387e-05,1.6315146589921173e-07,4.959724151893795e-07,0.00038182759179926834,0.9999999271037061
2026-09-30T01:25:08.936 0.012334808257795062,4.089203091047377e-06,-1.9428158023779925e-05,8.435647642041019e-08,5.589525502007391e-07,0.0003814275341728897,0.9999999272563557
2026-09-30T01:25:08.971 0.012354835413963618,4.327873816591583e-06,-1.9444921983217622e-05,7.535842223961642e-08,5.842728726274546e-07,0.0003821277211355994,0.9999999269890262
2026-09-30T01:25:09.038 0.012373432041388095,4.2088986605115955e-06,-1.9474325236513062e-05,4.818344561611156e-08,5.311291104975175e-07,0.00038190154805540203,0.9999999270754589
2026-09-30T01:25:09.077 0.01239441284862151,4.328372100624699e-06,-1.9507498179163698e-05,1.9200405462554634e-07,5.414327846027601e-07,0.00038211197129696444,0.999999926995053
2026-09-30T01:25:09.140 0.012412532637982957,4.328600230663957e-06,-1.9536147521886e-05,9.880805047308864e-08,5.632600801204223e-07,0.00038233212825726195,0.9999999269109057
2026-09-30T01:25:09.181 0.012430175592283146,4.209613067739797e-06,-1.9564042915038162e-05,7.81458997865998e-08,5.932951223423346e-07,0.0003827108439466416,0.9999999267660232
2026-09-30T01:25:09.240 0.01245067956295442,4.329080504430815e-06,-1.959646192761716e-05,1.4432299201833552e-07,5.396281003870249e-07,0.0003827623631453408,0.999999926746328
2026-09-30T01:25:09.276 0.012469753000378949,4.448529928121634e-06,-1.9641520292549398e-05,7.727210228184437e-08,5.382307199507082e-07,0.0003830617786299873,0.9999999266316864
2026-09-30T01:25:09.338 0.012489780303912948,4.210363511904167e-06,-1.9568877318584147e-05,2.258121825234238e-07,4.771718651999358e-07,0.0003833308137067556,0.9999999265286016
2026-09-30T01:25:09.378 0.012509330436537732,4.329818922613418e-06,-1.9704096468996975e-05,1.738496728631642e-07,5.456237172665123e-07,0.00038329866575438897,0.9999999265408998
2026-09-30T01:25:09.437 0.012526019763333377,4.330029047854303e-06,-1.970068173636804e-05,9.335388477366078e-08,5.40850190706104e-07,0.0003833777172283671,0.9999999265106096
2026-09-30T01:25:09.492 0.012547000688368365,4.449502501637118e-06,-1.9659348966177884e-05,1.5193584312484046e-07,5.246106666366449e-07,0.00038384612622426007,0.9999999263309238
2026-09-30T01:25:09.538 0.012566550659072724,4.330539314126111e-06,-1.9898876075570827e-05,8.428741184053459e-08,7.074989899478729e-07,0.0003881535480404375,0.9999999246681549
2026-09-30T01:25:09.575 0.012584193613372915,4.211552151201952e-06,-1.992677146872299e-05,1.592375304705848e-07,6.217012796904827e-07,0.00038662972825902447,0.9999999252585179
2026-09-30T01:25:10.445 0.012604697514864132,4.211810290149812e-06,-2.0003893889507964e-05,2.8121699341891954e-08,6.613397569552997e-07,0.0003854233029815806,0.9999999257242169
2026-09-30T01:25:10.479 0.012622340585465007,4.212032430436695e-06,-1.995728358931783e-05,7.806509555059367e-08,6.912590019554221e-07,0.00038793550692239605,0.9999999247527764
2026-09-30T01:25:11.712 0.012642844672436966,4.450709170338755e-06,-1.991519690855453e-05,8.595130653574412e-08,6.267067290559296e-07,0.0003872899777095089,0.9999999250030337
2026-09-30T01:25:11.758 0.01266287164612656,4.212542715846099e-06,-2.0051169930543505e-05,-5.845809162112282e-08,7.18964873532195e-07,0.0003866595858284443,0.9999999252469194
2026-09-30T01:25:11.820 0.012679561020042831,4.212752846554867e-06,-2.001795291277825e-05,6.813085528614702e-08,6.555194571107837e-07,0.0003880230009779657,0.9999999247188553
2026-09-30T01:25:11.859 0.01270006501277353,4.451429575521159e-06,-2.0035470802287588e-05,1.7572494041659133e-07,6.068003430064904e-07,0.00038804200789161635,0.9999999247114977
2026-09-30T01:25:11.920 0.012719138522379892,4.451669717872472e-06,-2.0035825720016847e-05,1.9834098028355764e-07,6.258343144301525e-07,0.0003872043232071096,0.9999999250361877
2026-09-30T01:25:11.965 0.012738211796383108,4.451909832884364e-06,-2.01851920634277e-05,1.0498411270242463e-07,6.661135098716543e-07,0.0003884038826902537,0.9999999245709817
2026-09-30T01:25:12.024 0.012756808376686956,4.332934671336492e-06,-2.0244397601859458e-05,-4.1436339980716756e-08,7.556359397611287e-07,0.0003884680849290351,0.9999999245459843
2026-09-30T01:25:12.064 0.012775882139453226,4.810012001926495e-06,-2.0080840029332963e-05,2.3266259417847792e-07,5.882324781241859e-07,0.0003881970866430921,0.999999924651308
2026-09-30T01:25:12.124 0.012795432394382246,4.571839557681463e-06,-2.0141553408409504e-05,3.951216286661682e-07,5.537745960508077e-07,0.00038840953224042045,0.9999999245687834
2026-09-30T01:25:12.166 0.012815459506431951,4.572091698675121e-06,-2.018811961398652e-05,3.0492186935944813e-07,6.020864310737991e-07,0.0003891874910730278,0.9999999242663178
2026-09-30T01:25:12.238 0.012831671971604248,4.69150510730131e-06,-2.01988521133526e-05,2.933995391714678e-07,6.211784529657003e-07,0.00038904943190451024,0.9999999243200309
2026-09-30T01:25:12.276 0.012852652613915463,4.810978528276818e-06,-2.033633305398035e-05,8.853894225547932e-08,7.332850792837361e-07,0.00038912072360129636,0.9999999242922556
2026-09-30T01:25:12.336 0.012874586933853628,4.5728360874725036e-06,-2.0475321796255885e-05,-1.3048144195237656e-07,7.416073513621784e-07,0.00038862712042518486,0.9999999244841943
2026-09-30T01:25:12.377 0.012893183487595385,4.692279502273353e-06,-2.05494285162528e-05,-3.53509529557014e-07,8.403263701617076e-07,0.0003919238308116748,0.9999999231974369
2026-09-30T01:25:12.437 0.012913687602630322,4.573328376285361e-06,-2.0492440634425844e-05,-2.4516279961456136e-07,7.79965594406292e-07,0.0003902417757926827,0.9999999238553411
2026-09-30T01:25:12.477 0.012930853670245964,4.692753783553895e-06,-2.0549384421639682e-05,-3.405852591009772e-07,7.836902628538582e-07,0.0003899967388465286,0.9999999239509039
2026-09-30T01:25:12.540 0.012950880711614723,4.693005916345726e-06,-2.0640654054921177e-05,-2.9777373826775813e-07,8.237962641445815e-07,0.0003982129517746741,0.9999999207128357
2026-09-30T01:25:12.582 0.0129704312903846,4.93167066854121e-06,-2.0492751516037487e-05,-3.7261651903972683e-08,5.788851849657946e-07,0.0004322528878277914,0.9999999065785479
2026-09-30T01:25:12.642 0.012990458474616134,4.8127135281953635e-06,-2.0494614274411526e-05,3.141260452062042e-07,4.989009972222921e-07,0.0004570125266323731,0.999999895569596
2026-09-30T01:25:12.681 0.01300810140535601,4.693726362537262e-06,-2.053741081013185e-05,4.922221748734382e-08,5.476870180064092e-07,0.00043943902274481446,0.9999999034465168
2026-09-30T01:25:12.745 0.013027651654281481,4.932391076457556e-06,-2.0598124267202382e-05,1.2724770075627308e-07,5.223090752498773e-07,0.0004406433364450497,0.9999999029165758
2026-09-30T01:25:12.785 0.013046248231583553,5.051834493992347e-06,-2.065732984463114e-05,2.343307583458733e-07,5.891216729156147e-07,0.00044888033649964117,0.9999998992530157
2026-09-30T01:25:12.848 0.013065798624872685,5.05208064523363e-06,-2.062863640729572e-05,2.820129215530025e-07,5.08049337308779e-07,0.0004426145914483848,0.9999999020459881
2026-09-30T01:25:12.888 0.013086779435107878,4.933135506264071e-06,-2.066180931094936e-05,9.564224207509939e-08,4.807488637829685e-07,0.000443649845909655,0.9999999015872821
2026-09-30T01:25:12.946 0.013104899152287491,5.052572917642833e-06,-2.0735162100874638e-05,2.1063096904019412e-07,5.152558647600659e-07,0.0004468601999924422,0.9999999001578209
2026-09-30T01:25:12.996 0.013123972680951501,5.410440931352082e-06,-2.0720615934531234e-05,1.1512095609885738e-07,5.189332651651586e-07,0.0004444440742922242,0.9999999012345863
2026-09-30T01:25:13.047 0.013143046243682045,4.933843921005956e-06,-2.0691168489130185e-05,5.9505937903629035e-08,5.363841168933572e-07,0.00044478335274440256,0.999999901083734
2026-09-30T01:25:13.086 0.013163550047930227,5.1725206281007096e-06,-2.0827895519184793e-05,1.8463292241343603e-07,5.53905534873844e-07,0.00044638268466581113,0.999999900371074
2026-09-30T01:25:13.149 0.013183100463278788,5.291976071617267e-06,-2.0784300958779717e-05,1.4004372165496738e-07,5.752673744078087e-07,0.00044535605297633995,0.9999999008288128
2026-09-30T01:25:13.188 0.013201220257142899,4.934576333032532e-06,-2.081295024300652e-05,1.0045764178630179e-07,5.653136178400484e-07,0.0004453470037012554,0.9999999008328534
2026-09-30T01:25:13.252 0.013220293600326168,5.0540257457875805e-06,-2.0917613178211392e-05,1.0358248044683348e-07,5.346383165520037e-07,0.00044663932797599237,0.9999999002565021
2026-09-30T01:25:13.289 0.013239367198170237,5.531103057239988e-06,-2.0858363603662013e-05,4.582118683896434e-08,4.614126904191005e-07,0.00044600485177051253,0.9999999005397237
2026-09-30T01:25:13.353 0.013259871057043487,5.173733322095969e-06,-2.096528825108781e-05,2.2314702905646465e-07,5.556520166791943e-07,0.0004465058799657302,0.9999999003160653
2026-09-30T01:25:13.392 0.013278944708011737,5.173973480850936e-06,-2.087623631340812e-05,-3.085947106178923e-08,4.7439259944637266e-07,0.00044708571248791806,0.9999999000570648
2026-09-30T01:25:13.459 0.013298971677198665,5.293434894982273e-06,-2.1012209393892587e-05,1.7784505220281483e-07,5.378402032312247e-07,0.0004466271038571394,0.9999999002619496
2026-09-30T01:25:13.500 0.01331804523242477,5.4128843323428025e-06,-2.098276204598403e-05,2.0198460831539102e-07,4.670599520378737e-07,0.00044768914220990924,0.9999998997870815
2026-09-30T01:25:13.565 0.013337118624229555,5.413124461024405e-06,-2.1057622676554085e-05,1.570495311823522e-07,4.997141318152681e-07,0.0004474059390448686,0.9999998999138207
2026-09-30T01:25:13.603 0.013355715229594606,5.174940012669143e-06,-2.110192705291919e-05,2.2028247814051355e-07,5.090859739622191e-07,0.0004475803955543773,0.9999998998357359
2026-09-30T01:25:13.667 0.013375742457944996,5.294401456873845e-06,-2.107398756515391e-05,7.766202116361539e-08,5.482588537152852e-07,0.0004480186377631085,0.9999998996394918
2026-09-30T01:25:13.710 0.013396723148877725,5.294665593775906e-06,-2.1181666201146843e-05,3.0684140362460323e-07,5.112984037688062e-07,0.00044751263169989146,0.9999998998660394
2026-09-30T01:25:13.781 0.013414842936738284,5.414103013356495e-06,-2.121031556336764e-05,1.8219419962438028e-07,5.496564941661955e-07,0.00044800790305730547,0.9999998996442867
2026-09-30T01:25:13.819 0.013433439681964334,5.295127870946219e-06,-2.116521310382229e-05,1.891470720756901e-07,5.345808037021435e-07,0.00044855167379101636,0.9999998994005321
2026-09-30T01:25:13.880 0.01345203618858546,5.414571280279183e-06,-2.126912210895552e-05,1.30487492403976e-07,5.711930415020207e-07,0.00044857977579224094,0.9999998993879157
2026-09-30T01:25:13.918 0.013471109626009989,5.534020703970002e-06,-2.131418047388776e-05,2.511331003517626e-07,5.384811108744749e-07,0.00044861990200715705,0.9999998993699102
2026-09-30T01:25:13.980 0.013491136785180323,5.534272850431545e-06,-2.1330944394328457e-05,2.3972935021192046e-07,5.629865045780338e-07,0.0004492220113323885,0.9999998990996
2026-09-30T01:25:14.016 0.013511163898730914,5.415315701883871e-06,-2.1377510580406976e-05,2.313529923134436e-07,5.927305328081376e-07,0.0004489433776484459,0.9999998992247143
2026-09-30T01:25:14.079 0.013529283686591472,5.534753121464461e-06,-2.1406159942627777e-05,2.3583568840897734e-07,6.140346121621077e-07,0.0004496127627469649,0.9999998989239604
2026-09-30T01:25:14.122 0.01354931098862458,5.415795994788325e-06,-2.1333516988161022e-05,2.5902043878393826e-07,4.874913601533361e-07,0.00044974580703022426,0.999999898864197
2026-09-30T01:25:14.184 0.013568861289173343,5.296832845552509e-06,-2.1364428101599744e-05,2.2470006573136617e-07,4.771301743012043e-07,0.0004496235980616533,0.9999998989191659
2026-09-30T01:25:14.223 0.01358841151303761,5.654706846280192e-06,-2.1440042720736936e-05,2.532757542195661e-07,5.167698235845292e-07,0.0004504392399111279,0.9999998985520748
2026-09-30T01:25:14.284 0.01360748497852512,5.416528404080958e-06,-2.1470199884605517e-05,1.3992711587211698e-07,4.7666402497034646e-07,0.00045018362272901435,0.9999998986672244
2026-09-30T01:25:14.324 0.01362512781202196,5.535959806569751e-06,-2.1572601029595474e-05,1.7574348471432858e-07,5.751515994123332e-07,0.00045045676342138027,0.9999998985441662
2026-09-30T01:25:14.387 0.013645631900494807,5.655427256930479e-06,-2.1530514329333672e-05,9.423994851095351e-08,4.302141068157388e-07,0.0004509868669475388,0.9999998983053208
2026-09-30T01:25:14.428 0.013663751573555568,5.5364460837586955e-06,-2.163366936539827e-05,2.901582330956432e-07,4.90285636498344e-07,0.0004511405546882146,0.9999998982359325
2026-09-30T01:25:14.489 0.013683778894646326,5.775116828440496e-06,-2.1546125326858852e-05,2.0623263440781798e-08,4.7613949188488784e-07,0.00045124135097847606,0.9999998981905028
2026-09-30T01:25:14.541 0.013704282701896286,5.7753749564525875e-06,-2.1682852317916463e-05,1.9884826872626016e-07,5.418570516958112e-07,0.0004513990109689947,0.9999998981192947
2026-09-30T01:25:14.589 0.013722879352881077,5.6563998031065415e-06,-2.1697354428643748e-05,1.279228667608811e-07,5.206108734911481e-07,0.00045209266989484844,0.99999989780596
2026-09-30T01:25:14.623 0.013743860208736011,5.656663959146198e-06,-2.1700725066659567e-05,2.6801103427362925e-07,5.766656815275824e-07,0.00045171874918391086,0.9999998979748784
2026-09-30T01:25:14.687 0.013761979878794996,5.776101365057077e-06,-2.1803880141721157e-05,1.2332909419910616e-07,5.350463699784773e-07,0.00045247067415619485,0.9999998976349885
2026-09-30T01:25:14.722 0.01378153025152559,5.537928934481755e-06,-2.1790087807956906e-05,3.615687252914691e-07,5.427894672918925e-07,0.00045224661887628356,0.99999989773628
2026-09-30T01:25:14.782 0.013800603808252581,5.538169082300953e-06,-2.176064044054985e-05,-9.373327086559073e-09,8.329598550534235e-07,0.00040930361475104274,0.999999916234925
2026-09-30T01:25:14.818 0.01381776969188837,5.299966599073956e-06,-2.1936793309813465e-05,-1.3914147360718105e-07,4.3060380552333977e-07,0.00038759586235993684,0.9999999248846185
2026-09-30T01:25:14.880 0.013838750568301843,5.538649336930217e-06,-2.1925262844258123e-05,-9.202560317998088e-10,4.849132349019419e-07,0.00039781230641723376,0.9999999208725637
2026-09-30T01:25:14.917 0.013855916637418371,5.538865454657419e-06,-2.198220661197346e-05,-4.007294303010257e-08,4.3467950428120475e-07,0.0003942185954977702,0.9999999222957512
2026-09-30T01:25:14.977 0.013875943703848334,5.419908300641862e-06,-2.20585750831883e-05,-6.765630478327572e-08,4.978344392592004e-07,0.00039203844850268,0.9999999231527983
2026-09-30T01:25:15.018 0.013893109870207898,5.18170585022217e-06,-2.2055914241634005e-05,3.0940296528336253e-09,4.746103943724824e-07,0.0003964085673318514,0.9999999214300082
2026-09-30T01:25:15.076 0.013912183350250393,5.658783148004866e-06,-2.2071170379925418e-05,1.0091784370161103e-08,4.5394653526549204e-07,0.0003940640142582686,0.9999999223566702
2026-09-30T01:25:15.112 0.013930779957116331,5.301389410108275e-06,-2.2115474736792023e-05,-2.029545817541366e-07,4.192534165689395e-07,0.00039375160737811776,0.9999999224797244
2026-09-30T01:25:15.175 0.013946515607785913,5.54000610758765e-06,-2.2110552183016806e-05,4.846648409583932e-08,4.21117784587415e-07,0.0003954725518636617,0.9999999218006375
2026-09-30T01:25:15.211 0.013967019463657387,5.421054951526294e-06,-2.22174768694396e-05,-2.449750279357464e-07,4.738520258813827e-07,0.00039509909007244434,0.9999999219482092
2026-09-30T01:25:15.283 0.01398704667144924,5.302097813914391e-06,-2.220443848524548e-05,-2.501122800963571e-08,4.533061081577408e-07,0.0003950156795457993,0.9999999219812004
2026-09-30T01:25:15.318 0.014002782180756934,5.540714494990114e-06,-2.2288922786879218e-05,-7.278883466169914e-08,4.920721381081518e-07,0.00039555588461795584,0.9999999217676443
2026-09-30T01:25:15.379 0.014022809434168525,5.540966652387426e-06,-2.2246082137047282e-05,-4.941789475361727e-09,4.19953286004017e-07,0.00039535839033687714,0.9999999218457803
2026-09-30T01:25:15.416 0.014039975576967775,5.302764199233791e-06,-2.2258322438061148e-05,-7.718613088104116e-08,4.691965111380051e-07,0.0003955826636873564,0.999999921757062
2026-09-30T01:25:15.477 0.014058095269086185,5.541410897419943e-06,-2.234657639005308e-05,-1.0402346013308306e-07,4.793827201505093e-07,0.0003960961926253778,0.9999999215537797
2026-09-30T01:25:15.512 0.014079076054260176,5.541675045257773e-06,-2.2394650455773376e-05,-9.405967114930165e-08,4.2821826344849956e-07,0.0003960206312382466,0.9999999215837306
2026-09-30T01:25:15.573 0.014097195865681048,5.661112467572304e-06,-2.240839867542602e-05,-2.8013039064622407e-08,4.518509967176872e-07,0.00039622418954962185,0.9999999215030902
2026-09-30T01:25:15.605 0.014113885123296636,5.542113295070031e-06,-2.244968735100306e-05,-9.28232681678279e-08,4.872408246343333e-07,0.0003961292459141173,0.9999999215406842
2026-09-30T01:25:15.664 0.014133912331088487,5.423156157458127e-06,-2.2436648966808945e-05,-8.206402866090917e-08,4.2175735196441124e-07,0.00039676079092823086,0.999999921290342
2026-09-30T01:25:15.702 0.014150601466399838,5.661784839910138e-06,-2.2552443413722274e-05,-2.4828243299888217e-08,5.048200085029697e-07,0.00039673379530978843,0.999999921301017
2026-09-30T01:25:15.761 0.014170151928869027,5.78124028889458e-06,-2.2479046568180877e-05,1.1032958434001342e-08,4.7105978012534895e-07,0.0003964362092061762,0.9999999214190519
2026-09-30T01:25:15.802 0.014189702185298938,5.4238585551082165e-06,-2.2539759927758923e-05,-6.511449001244968e-08,4.944588188187421e-07,0.0003970168331352395,0.9999999211886896
2026-09-30T01:25:15.861 0.01420686834565495,5.662493262853849e-06,-2.2537099164198623e-05,-1.1048624406749566e-07,4.469028952638306e-07,0.0003970411415323735,0.9999999211790569
2026-09-30T01:25:15.896 0.014226418574021881,5.662739394957537e-06,-2.261271372484032e-05,-4.910685620302709e-08,5.192553916473485e-07,0.0003972455183188485,0.99999992109786
2026-09-30T01:25:15.956 0.014243107853696896,5.662949514730538e-06,-2.2639101277347702e-05,-9.527422246485497e-08,4.449821949539677e-07,0.00039772792183666463,0.9999999209061434
2026-09-30T01:25:15.999 0.014261227690178973,5.663177650237681e-06,-2.2637948334933683e-05,-1.1516701222874006e-08,4.450991068594709e-07,0.00039735579189754857,0.9999999210540851
2026-09-30T01:25:16.053 0.014280777897987365,5.425005200524765e-06,-2.2728463999146542e-05,-1.2421054962220973e-07,5.087776019288624e-07,0.00039795833045854027,0.9999999208144433
2026-09-30T01:25:16.091 0.014300328285272945,5.902088509931373e-06,-2.2699770639805114e-05,-5.18214746245107e-08,4.6925506853539275e-07,0.00039791985603555353,0.9999999208297795
2026-09-30T01:25:16.153 0.014318448099695593,5.783107353163242e-06,-2.271351882046076e-05,5.988065124128641e-09,4.666942554113922e-07,0.00039741579015464004,0.9999999210302328
2026-09-30T01:25:16.191 0.01433799830450221,5.783353482532989e-06,-2.2804034523670612e-05,9.417606062119534e-08,4.601756698537227e-07,0.00039881625574002114,0.9999999204726836
2026-09-30T01:25:16.249 0.014353733980232994,5.902760893204976e-06,-2.2784210807828737e-05,-1.2856096425338388e-07,4.4538946379971864e-07,0.00039803254899764686,0.9999999207849344
2026-09-30T01:25:16.289 0.014372807445720504,5.664582451005742e-06,-2.2814367971697325e-05,-1.1898814094211201e-07,4.5784596136295304e-07,0.0003980700270243747,0.9999999207700118
2026-09-30T01:25:16.349 0.014392357766827804,5.784037883586531e-06,-2.2830377981564877e-05,-5.1769345886188686e-08,4.6302697707504953e-07,0.00039945566567895825,0.9999999202174739
2026-09-30T01:25:16.384 0.014410477553187471,6.022684592708451e-06,-2.2859027363284177e-05,-1.6516759315962984e-07,4.7251405953278546e-07,0.00039885749700267965,0.9999999204562201
2026-09-30T01:25:16.445 0.014429551042235296,5.78450615324316e-06,-2.28742833845846e-05,2.6877504817589203e-08,5.033653609702903e-07,0.0003994043227674436,0.9999999202379632
2026-09-30T01:25:16.481 0.014448624503220138,5.903955579667921e-06,-2.290444060694868e-05,-3.598991337179471e-08,4.876489507593108e-07,0.0003999844704556312,0.999999920006089
2026-09-30T01:25:16.538 0.014465313804954581,6.023374991716194e-06,-2.29159270363864e-05,-4.717565664167941e-08,4.627940969772247e-07,0.00039849302352773264,0.9999999206015437
2026-09-30T01:25:16.576 0.014484387246881775,5.785196546783019e-06,-2.2960985342823143e-05,4.41103578442682e-08,3.8130409935120834e-07,0.0003999615895058941,0.9999999200152866
2026-09-30T01:25:16.635 0.014503460637185673,5.904645965005954e-06,-2.3035845992891696e-05,-1.1185523279242281e-07,4.634923306418257e-07,0.00040031916611122157,0.9999999198721657
2026-09-30T01:25:16.672 0.01452158042804801,5.785664805503881e-06,-2.3064495316115497e-05,-1.31455542545399e-07,5.067985901948937e-07,0.00039910066216111424,0.9999999203591905
2026-09-30T01:25:16.742 0.014540177027409505,6.024317515313944e-06,-2.3108799770474595e-05,-3.021181098592568e-08,4.7105982939530593e-07,0.0004002200321171657,0.9999999199118483
2026-09-30T01:25:16.778 0.014556866377765463,6.0245276432887706e-06,-2.30904838952775e-05,1.923164336912265e-08,4.3404011524071404e-07,0.00040060887874872743,0.9999999197561655
2026-09-30T01:25:16.838 0.01457689351487637,5.9055704974750405e-06,-2.312214893878786e-05,-6.673074998307182e-08,4.788011954826342e-07,0.0003999727950852746,0.9999999200107615
2026-09-30T01:25:16.878 0.014595966953801788,5.905810631624528e-06,-2.3167207284221597e-05,-3.0420138604069594e-09,4.3305045290718327e-07,0.00040070732525055895,0.9999999197167228
2026-09-30T01:25:16.935 0.014614563675467526,5.78683548648031e-06,-2.3137005967244404e-05,1.2076560062977002e-07,4.45042023958591e-07,0.0004009314434192445,0.9999999196268793
2026-09-30T01:25:16.971 0.014633160251268706,6.02548819355643e-06,-2.3196211564171658e-05,-1.3260806615308532e-07,4.801977893719408e-07,0.0004002849565977315,0.9999999198858495
2026-09-30T01:25:17.033 0.01465175682706989,6.264140900632552e-06,-2.3255417161098915e-05,-7.46911654964791e-08,4.7140886654509304e-07,0.00040109219307457497,0.9999999195624092
2026-09-30T01:25:17.067 0.014671307149678079,6.264387043672009e-06,-2.3271427151467973e-05,1.3058354345539242e-07,4.0586839717545073e-07,0.0004015580415340154,0.9999999193754755
2026-09-30T01:25:17.137 0.014688950152599788,6.026190596674403e-06,-2.326952023998532e-05,3.6781359605863327e-08,4.562173926866962e-07,0.0004013145743588316,0.9999999194731982
2026-09-30T01:25:17.186 0.014708023570966667,5.788012149007286e-06,-2.332947968899022e-05,6.06594604429756e-08,4.6471594363534993e-07,0.0004023636324604244,0.9999999190516405
2026-09-30T01:25:17.243 0.014727096934708474,6.145880143578941e-06,-2.3419241520623932e-05,-3.8959687820787574e-08,4.2594896090256354e-07,0.0004015102124764732,0.9999999193946799
2026-09-30T01:25:17.281 0.01474426314518689,6.146096277709795e-06,-2.3386778432930317e-05,-4.694184488391698e-09,6.157645064267717e-07,0.0004042646307407655,0.9999999182848612
2026-09-30T01:25:17.341 0.014760475635420394,6.1463003995285945e-06,-2.3382609770229742e-05,3.695509925309818e-08,4.7391255814741243e-07,0.0004018337287268691,0.999999919264711
2026-09-30T01:25:17.383 0.014780025932967381,6.2657558293754405e-06,-2.3413520922665458e-05,1.1765311957817076e-07,4.218171955207452e-07,0.0004014050233787706,0.9999999194369045
2026-09-30T01:25:17.440 0.014800053022957657,6.1467986780938265e-06,-2.3474988251312136e-05,6.610119448742948e-08,5.230401133954238e-07,0.0004033732407788218,0.999999918644872
2026-09-30T01:25:17.489 0.014817696043436128,6.3854393919954875e-06,-2.3458180275255317e-05,6.933633119084058e-08,4.121545312793939e-07,0.0004027211374865191,0.9999999189077521
2026-09-30T01:25:17.535 0.014836769460302117,6.2664702338697e-06,-2.3518139743758717e-05,-3.6555749900823993e-09,5.020266301425824e-07,0.0004023065819887374,0.9999999190745777
2026-09-30T01:25:17.574 0.014854889180483508,6.1474890661658016e-06,-2.3591492494686995e-05,4.3118684708673274e-08,4.258332428271585e-07,0.000403724774925188,0.9999999185030581
2026-09-30T01:25:17.634 0.014873485806407096,6.147723199627145e-06,-2.3620895767480937e-05,-4.902665907017598e-08,4.935862875044874e-07,0.0004029318842415763,0.999999918822822
2026-09-30T01:25:17.673 0.014893512990638631,6.028766059281298e-06,-2.362275852585498e-05,3.345672998433396e-08,4.984180233583187e-07,0.00040271645085405896,0.999999918909602
2026-09-30T01:25:17.729 0.014912109613560444,6.267418771825304e-06,-2.3652161837645915e-05,7.98580582842505e-08,5.18732908386225e-07,0.0004042801052096731,0.9999999182786572
2026-09-30T01:25:17.775 0.014930229424981315,6.386856194139836e-06,-2.3665910057298554e-05,5.654464517474809e-08,4.4690448459452684e-07,0.0004036320395787701,0.9999999185404835
2026-09-30T01:25:17.830 0.014947872261479932,6.2678690175459656e-06,-2.3768311163291514e-05,4.983839591804619e-08,4.368345252955202e-07,0.0004036870508465061,0.9999999185182825
2026-09-30T01:25:17.875 0.014964561635396206,6.2680791482547345e-06,-2.373509414552626e-05,-2.6047994382356384e-08,3.8275912909792774e-07,0.000403397644238052,0.9999999186350934
2026-09-30T01:25:17.923 0.014984111958004396,6.268325291294192e-06,-2.3751104135895318e-05,-5.736210533688809e-08,4.914908855384747e-07,0.00040446170557029967,0.9999999182052386
2026-09-30T01:25:17.958 0.015002231700245214,6.268553415865566e-06,-2.380955576375394e-05,1.722006358448643e-08,4.725156482851191e-07,0.0004042583268451763,0.9999999182874875
2026-09-30T01:25:18.018 0.01502130515972917,6.507212131831658e-06,-2.3839713005616513e-05,3.9887455486071406e-08,4.649487827178575e-07,0.00040406645662409863,0.9999999183650371
2026-09-30T01:25:18.054 0.015040378578096047,6.26903368416454e-06,-2.3899672454621415e-05,-1.399992581301218e-08,4.069736727457588e-07,0.0004045073642172293,0.9999999181868099
2026-09-30T01:25:18.112 0.015057067974071749,6.3884531071485824e-06,-2.38515543137865e-05,1.388377914935808e-07,4.16404258731621e-07,0.00040434315594815954,0.9999999182532064
2026-09-30T01:25:18.150 0.015074234065247704,6.507878517151058e-06,-2.389359695843218e-05,3.900046720780488e-08,4.203035709080366e-07,0.0004046981270932623,0.9999999181096205
2026-09-30T01:25:18.218 0.015094738037419866,6.5081366643007446e-06,-2.3926015951512678e-05,1.3527700676815702e-07,4.363695215624818e-07,0.00040514566817964094,0.999999917928386
2026-09-30T01:25:18.255 0.015111904153657024,6.508352787495831e-06,-2.39531574340917e-05,-3.8178382957178844e-08,4.3869671102035024e-07,0.0004048563962688515,0.9999999180455489
2026-09-30T01:25:18.312 0.01513050084876067,6.627796218700333e-06,-2.393785729867966e-05,1.4456516027988597e-08,4.614785078464391e-07,0.0004054709696815821,0.9999999177965364
2026-09-30T01:25:18.349 0.015150528127233465,6.5088390892902545e-06,-2.3880115486781066e-05,1.386494140210313e-09,4.663096567687149e-07,0.00040543256282936103,0.9999999178121064
2026-09-30T01:25:18.407 0.015166740265563132,6.3898338805585906e-06,-2.4099463943104377e-05,4.395875797265398e-08,4.570908609822287e-07,0.0004050902683842675,0.9999999179508284
2026-09-30T01:25:18.444 0.015186767611715096,6.509295338433002e-06,-2.3997018742498304e-05,7.11330643626329e-08,4.523985058708402e-07,0.00040588740059320294,0.9999999176276008
2026-09-30T01:25:18.502 0.015205364330379055,6.628738772371446e-06,-2.3966817464518105e-05,-3.9017616113772025e-08,4.092077614252961e-07,0.0004061416225843145,0.9999999175244033
2026-09-30T01:25:18.535 0.015222053586493756,6.628948889410504e-06,-2.4008106159593646e-05,3.6487765450498506e-08,4.3901051043307234e-07,0.00040564790371736746,0.9999999177247887
2026-09-30T01:25:18.597 0.01524208065142283,6.629201024936278e-06,-2.4084474650306982e-05,2.000938127027045e-07,3.9279473422452666e-07,0.00040642391558876783,0.9999999174096998
2026-09-30T01:25:18.635 0.015260200464344589,6.629429157709478e-06,-2.4098222850461126e-05,8.96441777178921e-08,4.582776553219974e-07,0.00040662633294315096,0.9999999173274002
2026-09-30T01:25:18.693 0.015277843370023263,6.629651278858767e-06,-2.4155920548248104e-05,-8.563830024252064e-09,5.050759648666457e-07,0.00040640458105585547,0.9999999174175273
2026-09-30T01:25:18.729 0.015297870529193597,6.62990342532031e-06,-2.4172684468688804e-05,2.00961847582978e-08,4.889526536927942e-07,0.0004067217902266194,0.9999999172885695
2026-09-30T01:25:18.793 0.015316944018241418,6.3917249858550175e-06,-2.4187940489989226e-05,2.644439864673305e-09,4.792318918542478e-07,0.0004070266374105778,0.99999991716454
2026-09-30T01:25:18.827 0.015334586945979518,6.511156399279579e-06,-2.4230737064706544e-05,-2.2199699723117748e-08,4.39766959139265e-07,0.00040710197804165314,0.9999999171338894
2026-09-30T01:25:18.884 0.01535366040846525,6.511396536163008e-06,-2.4260894267572125e-05,-3.1821515357865054e-08,4.1508684881055917e-07,0.0004069990160504793,0.9999999171758104
2026-09-30T01:25:18.927 0.015370826571823037,6.51161266482598e-06,-2.4258233465014828e-05,9.967538510678164e-08,4.3388881297748386e-07,0.0004078212121705577,0.9999999168408269
2026-09-30T01:25:18.981 0.015388469593802395,6.631044089186309e-06,-2.424142546945951e-05,4.340410836935802e-08,4.55890932064077e-07,0.00040762655171221114,0.9999999169201889
2026-09-30T01:25:19.022 0.0154099271684179,6.631314234978341e-06,-2.4320055750387763e-05,1.6541244887254374e-07,4.688137977964791e-07,0.00040763669967064294,0.9999999169160335
2026-09-30T01:25:19.080 0.015426616400972286,6.631524349283457e-06,-2.4376245588031463e-05,7.73846265661044e-08,5.022826622712024e-07,0.00040791832003115496,0.9999999168011895
2026-09-30T01:25:19.120 0.015445213074016504,6.631758488212686e-06,-2.4375846575689087e-05,-3.511646978737287e-08,4.967522713411865e-07,0.0004084499615806923,0.999999916584187
2026-09-30T01:25:19.176 0.015463809630760036,6.512783323930871e-06,-2.4449953256689004e-05,-2.8649392192554733e-08,4.5199057917558505e-07,0.00040778219794222926,0.9999999168567335
2026-09-30T01:25:19.214 0.01548097581617725,6.632208744869115e-06,-2.4432391331062047e-05,4.241175673597826e-08,4.544939843265445e-07,0.0004081376743599259,0.9999999167117117
2026-09-30T01:25:19.273 0.01550052618440518,6.751664182917787e-06,-2.441859905579329e-05,-9.413760831613385e-08,4.5309615362098005e-07,0.0004082918578336297,0.9999999166487689
2026-09-30T01:25:19.314 0.015519599598269394,6.871113603874664e-06,-2.4478558563293686e-05,6.377122786663476e-08,4.710833872790899e-07,0.00040924284643947454,0.9999999162600298
2026-09-30T01:25:19.374 0.01553771943475147,6.871341739381806e-06,-2.4477405620879668e-05,7.235603793005636e-08,4.1043107178493217e-07,0.0004091872514731782,0.9999999162828063
2026-09-30T01:25:19.409 0.01555583929479386,6.87156987762289e-06,-2.446135153589749e-05,1.457154690064135e-07,3.8062919707928947e-07,0.0004089066326585761,0.9999999163975963
2026-09-30T01:25:19.472 0.015573005318290648,6.752576700340877e-06,-2.4548097569250652e-05,8.783124686672362e-09,4.913975534659551e-07,0.0004097868408137188,0.9999999160372482
2026-09-30T01:25:19.506 0.015592078685034233,6.872026115829868e-06,-2.4637859361887364e-05,2.346149528045594e-08,4.703263832969853e-07,0.0004086159818618996,0.9999999165163753
2026-09-30T01:25:19.568 0.015611152199143259,6.514638389557189e-06,-2.463821422112113e-05,3.434613176317266e-08,4.6811460334941046e-07,0.0004091301799400954,0.9999999163061343
2026-09-30T01:25:19.604 0.015628318218137382,6.753273080899169e-06,-2.4724960312969785e-05,8.258671363542813e-08,4.7213133523414035e-07,0.0004103651341212177,0.9999999158001099
2026-09-30T01:25:19.674 0.015647868542246462,6.634309934397295e-06,-2.4740970283840345e-05,-1.055877782084473e-07,4.291728311672243e-07,0.00040940980368960414,0.9999999161917051
2026-09-30T01:25:19.710 0.015665988163683926,6.87295662438162e-06,-2.4873927663536757e-05,-9.966848576510655e-08,4.81850845727638e-07,0.000410138442666086,0.9999999158931043
2026-09-30T01:25:19.769 0.01568458502370977,6.992400074723717e-06,-2.47543195301476e-05,2.849220054209204e-08,4.84645606590064e-07,0.0004099761168808214,0.9999999159596704
2026-09-30T01:25:19.807 0.01570318160101184,7.111843492258507e-06,-2.481352510757636e-05,-2.2932296400088113e-08,4.485566655425573e-07,0.00041147657651856675,0.999999915343409
2026-09-30T01:25:19.865 0.015721778253497527,6.873659049371129e-06,-2.4828027198805145e-05,2.5108253738091107e-08,4.896514297826227e-07,0.000409820413848465,0.9999999160234905
2026-09-30T01:25:19.907 0.01573942118123562,6.993090462795691e-06,-2.487082377352246e-05,5.1310901656861134e-08,5.322596757507233e-07,0.0004108747084497692,0.9999999155908404
2026-09-30T01:25:19.966 0.01575801794702021,7.112533902202019e-06,-2.4810820210405946e-05,-3.6588991962453566e-08,4.297555186107774e-07,0.0004115726302065949,0.9999999153038884
2026-09-30T01:25:20.001 0.015775660854199774,6.993546733809976e-06,-2.4868517888694426e-05,1.766076330586522e-07,3.757982692470913e-07,0.00041028298680318424,0.9999999158338456
2026-09-30T01:25:20.061 0.01579568777776696,6.9937988529320974e-06,-2.5034293234816716e-05,9.31349089054065e-08,6.986175488413783e-07,0.00041287568075166076,0.9999999147665841
2026-09-30T01:25:20.098 0.015816191939922526,6.874847732411989e-06,-2.4947503067853447e-05,6.496335498208866e-08,4.210833187224955e-07,0.00041279566785818795,0.9999999147997739
2026-09-30T01:25:20.157 0.01583335798547874,6.875063847405249e-06,-2.5019347978136945e-05,-9.333117647562411e-08,4.810360080357829e-07,0.0004104968807020717,0.9999999157460319
2026-09-30T01:25:20.195 0.015851477913200296,7.113710572930822e-06,-2.4958590504447285e-05,8.21872832859152e-08,4.344712088771615e-07,0.00041308692530196874,0.9999999146794947
2026-09-30T01:25:20.256 0.015870551327064514,7.2331599938876995e-06,-2.5018550011947682e-05,-1.246543518505832e-08,5.086852520820102e-07,0.000411775231819174,0.9999999152204462
2026-09-30T01:25:20.296 0.01588867104874679,6.994969536642467e-06,-2.509190274337746e-05,1.532305896660149e-07,4.886046973503777e-07,0.00041225758430172036,0.9999999150217074
2026-09-30T01:25:20.356 0.015907267626048858,7.114412954177258e-06,-2.515110832080622e-05,5.974534494383203e-08,4.930278776796282e-07,0.00041210701687767774,0.9999999150837764
2026-09-30T01:25:20.415 0.015925387465532712,6.876222510601737e-06,-2.5149955339395207e-05,7.370641654690125e-08,4.913399426096473e-07,0.00041209542223299105,0.9999999150885545
2026-09-30T01:25:20.465 0.01594446085583661,6.9956719288246726e-06,-2.522481598946376e-05,5.651238514673864e-08,4.884877112714131e-07,0.0004127280949547771,0.9999999148276353
2026-09-30T01:25:20.490 0.015962580712877227,7.234318646148419e-06,-2.520876194347858e-05,1.6191586347730377e-07,5.072894372702408e-07,0.0004126465791692454,0.999999914861255
2026-09-30T01:25:20.552 0.015979269971993698,6.996110184104815e-06,-2.5250050599557124e-05,8.80513569655538e-08,4.540289950804816e-07,0.0004128530421941978,0.9999999147760722
2026-09-30T01:25:20.588 0.01599834340941823,7.115559607795633e-06,-2.5295108964489362e-05,2.4921743869846473e-08,4.5431965671109446e-07,0.0004131064120551574,0.999999914671439
2026-09-30T01:25:20.646 0.01601789368490579,7.115805745367206e-06,-2.5340921239994738e-05,8.481584591364902e-08,4.6113028584172144e-07,0.0004125912847445154,0.9999999148841023
2026-09-30T01:25:20.682 0.01603601340658807,6.877615288121975e-06,-2.5414273971424524e-05,-8.04003656147763e-08,5.347619748374552e-07,0.0004133198844086679,0.9999999145831867
2026-09-30T01:25:20.742 0.01605508705305365,7.235483315500936e-06,-2.5325222092240322e-05,1.185116737067642e-07,4.820271084828787e-07,0.0004133987154043417,0.9999999145506242
2026-09-30T01:25:20.783 0.016072253173793474,6.878071570072028e-06,-2.535236351632385e-05,1.4331918332830498e-07,4.748677131197797e-07,0.0004132634209091866,0.9999999146065458
2026-09-30T01:25:20.846 0.01608989614565043,7.2359215680471365e-06,-2.5365357844901845e-05,9.724482534678876e-08,4.47568063943247e-07,0.0004135827845301836,0.9999999144745316
2026-09-30T01:25:20.888 0.0161103999513995,7.355388985600559e-06,-2.5502084855457954e-05,1.9242961569219915e-08,5.187556429217236e-07,0.00041507080910341303,0.9999999138579733
2026-09-30T01:25:20.948 0.016127566092697863,7.236395821988256e-06,-2.5514325175970318e-05,9.500705820855793e-08,5.37615286567514e-07,0.00041372359063447087,0.9999999144162426
2026-09-30T01:25:20.985 0.016146639603805107,7.117426674798238e-06,-2.5514680074201082e-05,3.299577076774235e-08,4.968696085366907e-07,0.0004144957064382414,0.999999914096527
2026-09-30T01:25:21.048 0.016167143546413403,7.594521977379308e-06,-2.5562000287843734e-05,1.5677571569855704e-07,5.36917239098343e-07,0.0004143986929410871,0.9999999141367015
2026-09-30T01:25:21.085 0.016185263340277513,7.237122238794572e-06,-2.5590649572070538e-05,1.4631155489136732e-08,4.781265858859628e-07,0.0004139382076429554,0.999999914327462
2026-09-30T01:25:21.161 0.01620385998675964,7.4757749540725205e-06,-2.5605151741293318e-05,2.3425384030859136e-07,4.816787376708809e-07,0.0004151966588891683,0.9999999138057201
2026-09-30T01:25:21.197 0.01622197994104329,7.476003103249374e-06,-2.5529493086038504e-05,9.076944071970456e-08,5.045534564010229e-07,0.0004154209879732038,0.9999999137125662
2026-09-30T01:25:21.261 0.016240576332864617,7.357027919829964e-06,-2.5707907765015537e-05,5.283195764137841e-08,5.169514474447693e-07,0.00041544220554147915,0.9999999137037482
2026-09-30T01:25:21.303 0.01626060353915558,7.3572800717593905e-06,-2.5694869400319916e-05,-8.087931204700309e-08,4.904660967624123e-07,0.000415056161962497,0.999999913864064
2026-09-30T01:25:21.366 0.016276339170767515,7.238268897880831e-06,-2.5704847930617362e-05,1.534602237665347e-07,5.072313850307566e-07,0.0004152024269399619,0.9999999138033282
2026-09-30T01:25:21.406 0.016295412510949008,7.5961368897185434e-06,-2.5809510904819234e-05,1.8000181850764138e-08,5.183481975837937e-07,0.00041526563126866424,0.9999999137770895
2026-09-30T01:25:21.470 0.016315439740800283,7.596389044381913e-06,-2.5781571397555457e-05,1.5563261327646708e-07,4.960555628396274e-07,0.0004155907287301249,0.9999999136420342
2026-09-30T01:25:21.509 0.016332605885100424,7.238977301686947e-06,-2.5793811679070824e-05,3.2862423010552594e-08,5.010023611060964e-07,0.00041462265776340875,0.9999999140438961
