2026-09-30T01:26:21.614 4,700000000,map,-6.000000000000445,-1.0,0.0,0.0,0.0,0.9999999999991198,1.3267948966775328e-06,-2.3803181647963356e-12,0.0,0.0,0.0,0.0,0.0,0.0,0.0,0.0,0.0,0.0,0.0,0.0,0.0,0.0,0.0,0.0,0.0,0.0,0.0,0.0,0.0,0.0,0.0,0.0,0.0,0.0,0.0,0.0,0.0,0.0,0.0,0.0,0.0,0.0,-6.972200594645862e-14
2026-09-30T01:26:27.124 10,100000000,map,-6.037344885490248,-1.0050267681247607,0.0,0.0,0.0,-0.967125175609668,0.25430079571634995,0.014746324130435084,0.003023079904289183,0.0,0.0,0.0,0.0,0.003023079904289183,0.0008289084197796726,0.0,0.0,0.0,0.0,0.0,0.0,0.0,0.0,0.0,0.0,0.0,0.0,0.0,0.0,0.0,0.0,0.0,0.0,0.0,0.0,0.0,0.0,0.0,0.0,0.0,0.0,0.0,0.01395731389718417
2026-09-30T01:26:31.321 11,500000000,map,-6.1284578093877675,-1.0698231172505488,0.0,0.0,0.0,-0.8097364145354218,0.5867937789166817,0.025725986996441463,0.01453795610289177,0.0,0.0,0.0,0.0,0.01453795610289177,0.014346175138932438,0.0,0.0,0.0,0.0,0.0,0.0,0.0,0.0,0.0,0.0,0.0,0.0,0.0,0.0,0.0,0.0,0.0,0.0,0.0,0.0,0.0,0.0,0.0,0.0,0.0,0.0,0.0,0.030897030807028138
2026-09-30T01:26:34.969 12,700000000,map,-6.154376003937669,-1.1144935436679213,0.0,0.0,0.0,-0.5643024020330489,0.8255681674215226,0.02292951473798155,0.010355991816486387,0.0,0.0,0.0,0.0,0.010355991816486387,0.03229129925023244,0.0,0.0,0.0,0.0,0.0,0.0,0.0,0.0,0.0,0.0,0.0,0.0,0.0,0.0,0.0,0.0,0.0,0.0,0.0,0.0,0.0,0.0,0.0,0.0,0.0,0.0,0.0,0.029875899976164723
2026-09-30T01:26:38.053 13,800000000,map,-5.937979173681696,-1.3102583035373745,0.0,0.0,0.0,-0.2269227596356384,0.9739127584950031,0.03992331119848558,-0.004272062038607416,0.0,0.0,0.0,0.0,-0.004272062038606528,0.03936690195549453,0.0,0.0,0.0,0.0,0.0,0.0,0.0,0.0,0.0,0.0,0.0,0.0,0.0,0.0,0.0,0.0,0.0,0.0,0.0,0.0,0.0,0.0,0.0,0.0,0.0,0.0,0.0,0.028229281754125708
2026-09-30T01:26:41.024 14,900000000,map,-5.072317993494625,-1.333960717613231,0.0,0.0,0.0,0.06638451561680574,0.9977941150790187,0.08305943398525173,-0.007768034416629099,0.0,0.0,0.0,0.0,-0.007768034416629099,0.028145391762127492,0.0,0.0,0.0,0.0,0.0,0.0,0.0,0.0,0.0,0.0,0.0,0.0,0.0,0.0,0.0,0.0,0.0,0.0,0.0,0.0,0.0,0.0,0.0,0.0,0.0,0.0,0.0,0.03449998752934932
2026-09-30T01:26:44.156 16,100000000,map,-4.103580472838135,-1.1403451652148135,0.0,0.0,0.0,0.04831758306170812,0.998832023498984,0.1421368445480553,0.0022181604462137017,0.0,0.0,0.0,0.0,0.0022181604462137017,0.031172204179175322,0.0,0.0,0.0,0.0,0.0,0.0,0.0,0.0,0.0,0.0,0.0,0.0,0.0,0.0,0.0,0.0,0.0,0.0,0.0,0.0,0.0,0.0,0.0,0.0,0.0,0.0,0.0,0.025882555116684726
2026-09-30T01:26:49.388 17,300000000,map,-3.0960792507531827,-1.0863729968369822,0.0,0.0,0.0,-0.01822060388202767,0.999833991017596,0.17525227038269264,0.018491799729670966,0.0,0.0,0.0,0.0,0.018491799729669633,0.028460156935918413,0.0,0.0,0.0,0.0,0.0,0.0,0.0,0.0,0.0,0.0,0.0,0.0,0.0,0.0,0.0,0.0,0.0,0.0,0.0,0.0,0.0,0.0,0.0,0.0,0.0,0.0,0.0,0.029053294341361943
2026-09-30T01:26:52.600 18,500000000,map,-2.079920179957183,-1.0643343051192622,0.0,0.0,0.0,-0.0003738029152292541,0.9999999301356879,0.14138797277747006,0.01781022753755357,0.0,0.0,0.0,0.0,0.01781022753755357,0.02727945721170988,0.0,0.0,0.0,0.0,0.0,0.0,0.0,0.0,0.0,0.0,0.0,0.0,0.0,0.0,0.0,0.0,0.0,0.0,0.0,0.0,0.0,0.0,0.0,0.0,0.0,0.0,0.0,0.03074995503269503
2026-09-30T01:26:55.820 19,700000000,map,-1.1343406375589977,-1.0490974434387064,0.0,0.0,0.0,-0.005590332332472817,0.9999843739701199,0.0991082035187194,0.007453115619254769,0.0,0.0,0.0,0.0,0.007453115619254769,0.02752094266609517,0.0,0.0,0.0,0.0,0.0,0.0,0.0,0.0,0.0,0.0,0.0,0.0,0.0,0.0,0.0,0.0,0.0,0.0,0.0,0.0,0.0,0.0,0.0,0.0,0.0,0.0,0.0,0.027141675521462957
2026-09-30T01:27:01.057 21,600000000,map,-0.3140044286955089,-1.0108110422313008,0.0,0.0,0.0,0.035758235761829446,0.9993604697881547,0.11211854246834975,0.005215738533165204,0.0,0.0,0.0,0.0,0.005215738533165204,0.02527082604680464,0.0,0.0,0.0,0.0,0.0,0.0,0.0,0.0,0.0,0.0,0.0,0.0,0.0,0.0,0.0,0.0,0.0,0.0,0.0,0.0,0.0,0.0,0.0,0.0,0.0,0.0,0.0,0.027251097768998547
