2026-09-30T01:26:22.992 0.0,0.0,0.0,0.0,0.0,0.25789473684210534
2026-09-30T01:26:23.030 0.0,0.0,0.0,0.0,0.0,0.25789473684210534
2026-09-30T01:26:23.081 0.0,0.0,0.0,0.0,0.0,0.25789473684210534
2026-09-30T01:26:23.140 0.0,0.0,0.0,0.0,0.0,0.25789473684210534
2026-09-30T01:26:23.181 0.0,0.0,0.0,0.0,0.0,0.25789473684210534
2026-09-30T01:26:23.230 0.0,0.0,0.0,0.0,0.0,0.25789473684210534
2026-09-30T01:26:23.280 0.0,0.0,0.0,0.0,0.0,0.25789473684210534
2026-09-30T01:26:23.331 0.0,0.0,0.0,0.0,0.0,0.25789473684210534
2026-09-30T01:26:23.380 0.0,0.0,0.0,0.0,0.0,0.25789473684210534
2026-09-30T01:26:23.430 0.0,0.0,0.0,0.0,0.0,0.25789473684210534
2026-09-30T01:26:23.481 0.0,0.0,0.0,0.0,0.0,0.25789473684210534
2026-09-30T01:26:23.530 0.0,0.0,0.0,0.0,0.0,0.25789473684210534
2026-09-30T01:26:23.580 0.0,0.0,0.0,0.0,0.0,0.25789473684210534
2026-09-30T01:26:23.630 0.0,0.0,0.0,0.0,0.0,0.25789473684210534
2026-09-30T01:26:23.680 0.0,0.0,0.0,0.0,0.0,0.25789473684210534
2026-09-30T01:26:23.742 0.0,0.0,0.0,0.0,0.0,0.25789473684210534
2026-09-30T01:26:23.781 0.0,0.0,0.0,0.0,0.0,0.25789473684210534
2026-09-30T01:26:23.830 0.0,0.0,0.0,0.0,0.0,0.25789473684210534
2026-09-30T01:26:23.880 0.0,0.0,0.0,0.0,0.0,0.25789473684210534
2026-09-30T01:26:23.930 0.0,0.0,0.0,0.0,0.0,0.25789473684210534
2026-09-30T01:26:23.981 0.0,0.0,0.0,0.0,0.0,0.25789473684210534
2026-09-30T01:26:24.030 0.0,0.0,0.0,0.0,0.0,0.25789473684210534
2026-09-30T01:26:24.080 0.0,0.0,0.0,0.0,0.0,0.25789473684210534
2026-09-30T01:26:24.140 0.0,0.0,0.0,0.0,0.0,0.25789473684210534
2026-09-30T01:26:24.180 0.0,0.0,0.0,0.0,0.0,0.25789473684210534
2026-09-30T01:26:24.230 0.0,0.0,0.0,0.0,0.0,0.25789473684210534
2026-09-30T01:26:24.281 0.0,0.0,0.0,0.0,0.0,0.25789473684210534
2026-09-30T01:26:24.340 0.0,0.0,0.0,0.0,0.0,0.25789473684210534
2026-09-30T01:26:24.381 0.0,0.0,0.0,0.0,0.0,0.25789473684210534
2026-09-30T01:26:24.440 0.0,0.0,0.0,0.0,0.0,0.25789473684210534
2026-09-30T01:26:24.480 0.0,0.0,0.0,0.0,0.0,0.25789473684210534
2026-09-30T01:26:24.530 0.0,0.0,0.0,0.0,0.0,0.25789473684210534
2026-09-30T01:26:24.581 0.0,0.0,0.0,0.0,0.0,0.25789473684210534
2026-09-30T01:26:24.640 0.0,0.0,0.0,0.0,0.0,0.4178947368421053
2026-09-30T01:26:24.681 0.0,0.0,0.0,0.0,0.0,0.5778947368421053
2026-09-30T01:26:24.730 0.0,0.0,0.0,0.0,0.0,0.7
2026-09-30T01:26:24.781 0.0,0.0,0.0,0.0,0.0,0.7
2026-09-30T01:26:24.830 0.0,0.0,0.0,0.0,0.0,0.7
2026-09-30T01:26:24.880 0.0,0.0,0.0,0.0,0.0,0.7
2026-09-30T01:26:24.930 0.0,0.0,0.0,0.0,0.0,0.7
2026-09-30T01:26:24.980 0.0,0.0,0.0,0.0,0.0,0.7
2026-09-30T01:26:25.030 0.0,0.0,0.0,0.0,0.0,0.7
2026-09-30T01:26:25.080 0.0,0.0,0.0,0.0,0.0,0.7
2026-09-30T01:26:25.130 0.0,0.0,0.0,0.0,0.0,0.7
2026-09-30T01:26:25.180 0.0,0.0,0.0,0.0,0.0,0.7
2026-09-30T01:26:25.230 0.0,0.0,0.0,0.0,0.0,0.7
2026-09-30T01:26:25.281 0.0,0.0,0.0,0.0,0.0,0.7
2026-09-30T01:26:25.330 0.0,0.0,0.0,0.0,0.0,0.7
2026-09-30T01:26:25.381 0.0,0.0,0.0,0.0,0.0,0.7
2026-09-30T01:26:25.430 0.0,0.0,0.0,0.0,0.0,0.7
2026-09-30T01:26:25.480 0.0,0.0,0.0,0.0,0.0,0.7
2026-09-30T01:26:25.530 0.0,0.0,0.0,0.0,0.0,0.7
2026-09-30T01:26:25.581 0.0,0.0,0.0,0.0,0.0,0.7
2026-09-30T01:26:25.630 0.0,0.0,0.0,0.0,0.0,0.7
2026-09-30T01:26:25.680 0.0,0.0,0.0,0.0,0.0,0.7
2026-09-30T01:26:25.730 0.0,0.0,0.0,0.0,0.0,0.6263157894736843
2026-09-30T01:26:25.780 0.0,0.0,0.0,0.0,0.0,0.6263157894736843
2026-09-30T01:26:25.830 0.0,0.0,0.0,0.0,0.0,0.6263157894736843
2026-09-30T01:26:25.880 0.0,0.0,0.0,0.0,0.0,0.6263157894736843
2026-09-30T01:26:25.930 0.0,0.0,0.0,0.0,0.0,0.6263157894736843
2026-09-30T01:26:25.981 0.0,0.0,0.0,0.0,0.0,0.6263157894736843
2026-09-30T01:26:26.030 0.0,0.0,0.0,0.0,0.0,0.6263157894736843
2026-09-30T01:26:26.080 0.0,0.0,0.0,0.0,0.0,0.6263157894736843
2026-09-30T01:26:26.130 0.0,0.0,0.0,0.0,0.0,0.6263157894736843
2026-09-30T01:26:26.182 0.0,0.0,0.0,0.0,0.0,0.6263157894736843
2026-09-30T01:26:26.230 0.0,0.0,0.0,0.0,0.0,0.6263157894736843
2026-09-30T01:26:26.281 0.0,0.0,0.0,0.0,0.0,0.6263157894736843
2026-09-30T01:26:26.330 0.0,0.0,0.0,0.0,0.0,0.5526315789473685
2026-09-30T01:26:26.391 0.0,0.0,0.0,0.0,0.0,0.5526315789473685
2026-09-30T01:26:26.431 0.0,0.0,0.0,0.0,0.0,0.5526315789473685
2026-09-30T01:26:26.480 0.0,0.0,0.0,0.0,0.0,0.5526315789473685
2026-09-30T01:26:26.530 0.0,0.0,0.0,0.0,0.0,0.5526315789473685
2026-09-30T01:26:26.580 0.0,0.0,0.0,0.0,0.0,0.5526315789473685
2026-09-30T01:26:26.630 0.0,0.0,0.0,0.0,0.0,0.5526315789473685
2026-09-30T01:26:26.681 0.0,0.0,0.0,0.0,0.0,0.5526315789473685
2026-09-30T01:26:26.730 0.0,0.0,0.0,0.0,0.0,0.5526315789473685
2026-09-30T01:26:26.780 0.0,0.0,0.0,0.0,0.0,0.5526315789473685
2026-09-30T01:26:26.830 0.0,0.0,0.0,0.0,0.0,0.47894736842105273
2026-09-30T01:26:26.881 0.0,0.0,0.0,0.0,0.0,0.47894736842105273
2026-09-30T01:26:26.930 0.0,0.0,0.0,0.0,0.0,0.47894736842105273
2026-09-30T01:26:26.981 0.0,0.0,0.0,0.0,0.0,0.47894736842105273
2026-09-30T01:26:27.030 0.0,0.0,0.0,0.0,0.0,0.47894736842105273
2026-09-30T01:26:27.080 0.0,0.0,0.0,0.0,0.0,0.47894736842105273
2026-09-30T01:26:27.130 0.0,0.0,0.0,0.0,0.0,0.47894736842105273
2026-09-30T01:26:27.180 0.0,0.0,0.0,0.0,0.0,0.47894736842105273
2026-09-30T01:26:27.232 0.0,0.0,0.0,0.0,0.0,0.47894736842105273
2026-09-30T01:26:27.280 0.0,0.0,0.0,0.0,0.0,0.47894736842105273
2026-09-30T01:26:27.330 0.0,0.0,0.0,0.0,0.0,0.47894736842105273
2026-09-30T01:26:27.380 0.0,0.0,0.0,0.0,0.0,0.40526315789473694
2026-09-30T01:26:27.430 0.0,0.0,0.0,0.0,0.0,0.40526315789473694
2026-09-30T01:26:27.482 0.0,0.0,0.0,0.0,0.0,0.40526315789473694
2026-09-30T01:26:27.530 0.0,0.0,0.0,0.0,0.0,0.40526315789473694
2026-09-30T01:26:27.580 0.0,0.0,0.0,0.0,0.0,0.40526315789473694
2026-09-30T01:26:27.630 0.0,0.0,0.0,0.0,0.0,0.40526315789473694
2026-09-30T01:26:27.681 0.0,0.0,0.0,0.0,0.0,0.5652631578947369
2026-09-30T01:26:27.740 0.0,0.0,0.0,0.0,0.0,0.7
2026-09-30T01:26:27.780 0.0,0.0,0.0,0.0,0.0,0.7
2026-09-30T01:26:27.830 0.0,0.0,0.0,0.0,0.0,0.7
2026-09-30T01:26:27.880 0.0,0.0,0.0,0.0,0.0,0.7
2026-09-30T01:26:27.930 0.0,0.0,0.0,0.0,0.0,0.7
2026-09-30T01:26:27.981 0.0,0.0,0.0,0.0,0.0,0.7
2026-09-30T01:26:28.040 0.0,0.0,0.0,0.0,0.0,0.7
2026-09-30T01:26:28.080 0.0,0.0,0.0,0.0,0.0,0.7
2026-09-30T01:26:28.130 0.0,0.0,0.0,0.0,0.0,0.7
2026-09-30T01:26:28.180 0.0,0.0,0.0,0.0,0.0,0.7
2026-09-30T01:26:28.230 0.0,0.0,0.0,0.0,0.0,0.7
2026-09-30T01:26:28.280 0.0,0.0,0.0,0.0,0.0,0.7
2026-09-30T01:26:28.330 0.0,0.0,0.0,0.0,0.0,0.6263157894736843
2026-09-30T01:26:28.380 0.0,0.0,0.0,0.0,0.0,0.6263157894736843
2026-09-30T01:26:28.430 0.0,0.0,0.0,0.0,0.0,0.6263157894736843
2026-09-30T01:26:28.480 0.0,0.0,0.0,0.0,0.0,0.6263157894736843
2026-09-30T01:26:28.530 0.0,0.0,0.0,0.0,0.0,0.6263157894736843
2026-09-30T01:26:28.580 0.0,0.0,0.0,0.0,0.0,0.6263157894736843
2026-09-30T01:26:28.631 0.0,0.0,0.0,0.0,0.0,0.6263157894736843
2026-09-30T01:26:28.680 0.0,0.0,0.0,0.0,0.0,0.6263157894736843
2026-09-30T01:26:28.730 0.0,0.0,0.0,0.0,0.0,0.6263157894736843
2026-09-30T01:26:28.780 0.0,0.0,0.0,0.0,0.0,0.5526315789473685
2026-09-30T01:26:28.830 0.0,0.0,0.0,0.0,0.0,0.5526315789473685
2026-09-30T01:26:28.880 0.0,0.0,0.0,0.0,0.0,0.5526315789473685
2026-09-30T01:26:28.930 0.0,0.0,0.0,0.0,0.0,0.5526315789473685
2026-09-30T01:26:28.980 0.0,0.0,0.0,0.0,0.0,0.5526315789473685
2026-09-30T01:26:29.030 0.0,0.0,0.0,0.0,0.0,0.5526315789473685
2026-09-30T01:26:29.080 0.0,0.0,0.0,0.0,0.0,0.5526315789473685
2026-09-30T01:26:29.130 0.0,0.0,0.0,0.0,0.0,0.5526315789473685
2026-09-30T01:26:29.181 0.0,0.0,0.0,0.0,0.0,0.5526315789473685
2026-09-30T01:26:29.230 0.0,0.0,0.0,0.0,0.0,0.5526315789473685
2026-09-30T01:26:29.280 0.0,0.0,0.0,0.0,0.0,0.47894736842105273
2026-09-30T01:26:29.330 0.0,0.0,0.0,0.0,0.0,0.47894736842105273
2026-09-30T01:26:29.380 0.0,0.0,0.0,0.0,0.0,0.47894736842105273
2026-09-30T01:26:29.430 0.0,0.0,0.0,0.0,0.0,0.47894736842105273
2026-09-30T01:26:29.480 0.0,0.0,0.0,0.0,0.0,0.47894736842105273
2026-09-30T01:26:29.530 0.0,0.0,0.0,0.0,0.0,0.47894736842105273
2026-09-30T01:26:29.580 0.0,0.0,0.0,0.0,0.0,0.47894736842105273
2026-09-30T01:26:29.641 0.0,0.0,0.0,0.0,0.0,0.47894736842105273
2026-09-30T01:26:29.680 0.0,0.0,0.0,0.0,0.0,0.47894736842105273
2026-09-30T01:26:29.730 0.0,0.0,0.0,0.0,0.0,0.47894736842105273
2026-09-30T01:26:29.780 0.0,0.0,0.0,0.0,0.0,0.47894736842105273
2026-09-30T01:26:29.831 0.0,0.0,0.0,0.0,0.0,0.47894736842105273
2026-09-30T01:26:29.880 0.0,0.0,0.0,0.0,0.0,0.40526315789473694
2026-09-30T01:26:29.930 0.0,0.0,0.0,0.0,0.0,0.40526315789473694
2026-09-30T01:26:29.981 0.0,0.0,0.0,0.0,0.0,0.40526315789473694
2026-09-30T01:26:30.031 0.0,0.0,0.0,0.0,0.0,0.40526315789473694
2026-09-30T01:26:30.080 0.0,0.0,0.0,0.0,0.0,0.40526315789473694
2026-09-30T01:26:30.131 0.0,0.0,0.0,0.0,0.0,0.40526315789473694
2026-09-30T01:26:30.180 0.0,0.0,0.0,0.0,0.0,0.40526315789473694
2026-09-30T01:26:30.230 0.0,0.0,0.0,0.0,0.0,0.40526315789473694
2026-09-30T01:26:30.280 0.0,0.0,0.0,0.0,0.0,0.40526315789473694
2026-09-30T01:26:30.330 0.0,0.0,0.0,0.0,0.0,0.40526315789473694
2026-09-30T01:26:30.380 0.0,0.0,0.0,0.0,0.0,0.5652631578947369
2026-09-30T01:26:30.431 0.0,0.0,0.0,0.0,0.0,0.7
2026-09-30T01:26:30.480 0.0,0.0,0.0,0.0,0.0,0.7
2026-09-30T01:26:30.533 0.0,0.0,0.0,0.0,0.0,0.7
2026-09-30T01:26:30.581 0.0,0.0,0.0,0.0,0.0,0.7
2026-09-30T01:26:30.630 0.0,0.0,0.0,0.0,0.0,0.7
2026-09-30T01:26:30.680 0.0,0.0,0.0,0.0,0.0,0.7
2026-09-30T01:26:30.730 0.0,0.0,0.0,0.0,0.0,0.7
2026-09-30T01:26:30.780 0.0,0.0,0.0,0.0,0.0,0.7
2026-09-30T01:26:30.830 0.0,0.0,0.0,0.0,0.0,0.7
2026-09-30T01:26:30.880 0.0,0.0,0.0,0.0,0.0,0.7
2026-09-30T01:26:30.930 0.0,0.0,0.0,0.0,0.0,0.7
2026-09-30T01:26:30.981 0.0,0.0,0.0,0.0,0.0,0.7
2026-09-30T01:26:31.031 0.0,0.0,0.0,0.0,0.0,0.7
2026-09-30T01:26:31.081 0.0,0.0,0.0,0.0,0.0,0.6263157894736843
2026-09-30T01:26:31.130 0.0,0.0,0.0,0.0,0.0,0.6263157894736843
2026-09-30T01:26:31.181 0.0,0.0,0.0,0.0,0.0,0.6263157894736843
2026-09-30T01:26:31.230 0.0,0.0,0.0,0.0,0.0,0.6263157894736843
2026-09-30T01:26:31.280 0.0,0.0,0.0,0.0,0.0,0.6263157894736843
2026-09-30T01:26:31.330 0.0,0.0,0.0,0.0,0.0,0.6263157894736843
2026-09-30T01:26:31.380 0.0,0.0,0.0,0.0,0.0,0.6263157894736843
2026-09-30T01:26:31.430 0.0,0.0,0.0,0.0,0.0,0.6263157894736843
2026-09-30T01:26:31.480 0.0,0.0,0.0,0.0,0.0,0.6263157894736843
2026-09-30T01:26:31.530 0.0,0.0,0.0,0.0,0.0,0.6263157894736843
2026-09-30T01:26:31.581 0.0,0.0,0.0,0.0,0.0,0.5526315789473685
2026-09-30T01:26:31.630 0.0,0.0,0.0,0.0,0.0,0.5526315789473685
2026-09-30T01:26:31.681 0.0,0.0,0.0,0.0,0.0,0.5526315789473685
2026-09-30T01:26:31.730 0.0,0.0,0.0,0.0,0.0,0.5526315789473685
2026-09-30T01:26:31.780 0.0,0.0,0.0,0.0,0.0,0.5526315789473685
2026-09-30T01:26:31.831 0.0,0.0,0.0,0.0,0.0,0.5526315789473685
2026-09-30T01:26:31.881 0.0,0.0,0.0,0.0,0.0,0.7
2026-09-30T01:26:31.930 0.0,0.0,0.0,0.0,0.0,0.7
2026-09-30T01:26:31.981 0.0,0.0,0.0,0.0,0.0,0.7
2026-09-30T01:26:32.041 0.0,0.0,0.0,0.0,0.0,0.7
2026-09-30T01:26:32.080 0.0,0.0,0.0,0.0,0.0,0.7
2026-09-30T01:26:32.130 0.0,0.0,0.0,0.0,0.0,0.7
2026-09-30T01:26:32.180 0.0,0.0,0.0,0.0,0.0,0.7
2026-09-30T01:26:32.230 0.0,0.0,0.0,0.0,0.0,0.7
2026-09-30T01:26:32.280 0.0,0.0,0.0,0.0,0.0,0.7
2026-09-30T01:26:32.332 0.0,0.0,0.0,0.0,0.0,0.7
2026-09-30T01:26:32.380 0.0,0.0,0.0,0.0,0.0,0.6263157894736843
2026-09-30T01:26:32.430 0.0,0.0,0.0,0.0,0.0,0.6263157894736843
2026-09-30T01:26:32.480 0.0,0.0,0.0,0.0,0.0,0.6263157894736843
2026-09-30T01:26:32.540 0.042105263157894736,0.0,0.0,0.0,0.0,0.7
2026-09-30T01:26:32.580 0.042105263157894736,0.0,0.0,0.0,0.0,0.7
2026-09-30T01:26:32.631 0.042105263157894736,0.0,0.0,0.0,0.0,0.7
2026-09-30T01:26:32.680 0.042105263157894736,0.0,0.0,0.0,0.0,0.7
2026-09-30T01:26:32.731 0.042105263157894736,0.0,0.0,0.0,0.0,0.7
2026-09-30T01:26:32.781 0.042105263157894736,0.0,0.0,0.0,0.0,0.7
2026-09-30T01:26:32.830 0.042105263157894736,0.0,0.0,0.0,0.0,0.7
2026-09-30T01:26:32.880 0.042105263157894736,0.0,0.0,0.0,0.0,0.7
2026-09-30T01:26:32.930 0.042105263157894736,0.0,0.0,0.0,0.0,0.7
2026-09-30T01:26:32.981 0.042105263157894736,0.0,0.0,0.0,0.0,0.6263157894736843
2026-09-30T01:26:33.030 0.042105263157894736,0.0,0.0,0.0,0.0,0.6263157894736843
2026-09-30T01:26:33.080 0.042105263157894736,0.0,0.0,0.0,0.0,0.6263157894736843
2026-09-30T01:26:33.131 0.042105263157894736,0.0,0.0,0.0,0.0,0.6263157894736843
2026-09-30T01:26:33.180 0.042105263157894736,0.0,0.0,0.0,0.0,0.6263157894736843
2026-09-30T01:26:33.230 0.042105263157894736,0.0,0.0,0.0,0.0,0.6263157894736843
2026-09-30T01:26:33.280 0.042105263157894736,0.0,0.0,0.0,0.0,0.6263157894736843
2026-09-30T01:26:33.330 0.042105263157894736,0.0,0.0,0.0,0.0,0.6263157894736843
2026-09-30T01:26:33.380 0.042105263157894736,0.0,0.0,0.0,0.0,0.6263157894736843
2026-09-30T01:26:33.430 0.042105263157894736,0.0,0.0,0.0,0.0,0.6263157894736843
2026-09-30T01:26:33.480 0.042105263157894736,0.0,0.0,0.0,0.0,0.6263157894736843
2026-09-30T01:26:33.530 0.042105263157894736,0.0,0.0,0.0,0.0,0.6263157894736843
2026-09-30T01:26:33.580 0.042105263157894736,0.0,0.0,0.0,0.0,0.6263157894736843
2026-09-30T01:26:33.630 0.042105263157894736,0.0,0.0,0.0,0.0,0.6263157894736843
2026-09-30T01:26:33.680 0.042105263157894736,0.0,0.0,0.0,0.0,0.5526315789473685
2026-09-30T01:26:33.730 0.042105263157894736,0.0,0.0,0.0,0.0,0.5526315789473685
2026-09-30T01:26:33.780 0.042105263157894736,0.0,0.0,0.0,0.0,0.5526315789473685
2026-09-30T01:26:33.830 0.042105263157894736,0.0,0.0,0.0,0.0,0.5526315789473685
2026-09-30T01:26:33.882 0.042105263157894736,0.0,0.0,0.0,0.0,0.5526315789473685
2026-09-30T01:26:33.930 0.042105263157894736,0.0,0.0,0.0,0.0,0.5526315789473685
2026-09-30T01:26:33.980 0.042105263157894736,0.0,0.0,0.0,0.0,0.5526315789473685
2026-09-30T01:26:34.030 0.042105263157894736,0.0,0.0,0.0,0.0,0.5526315789473685
2026-09-30T01:26:34.080 0.042105263157894736,0.0,0.0,0.0,0.0,0.5526315789473685
2026-09-30T01:26:34.130 0.042105263157894736,0.0,0.0,0.0,0.0,0.5526315789473685
2026-09-30T01:26:34.180 0.042105263157894736,0.0,0.0,0.0,0.0,0.5526315789473685
2026-09-30T01:26:34.230 0.042105263157894736,0.0,0.0,0.0,0.0,0.5526315789473685
2026-09-30T01:26:34.291 0.042105263157894736,0.0,0.0,0.0,0.0,0.5526315789473685
2026-09-30T01:26:34.331 0.042105263157894736,0.0,0.0,0.0,0.0,0.5526315789473685
2026-09-30T01:26:34.380 0.042105263157894736,0.0,0.0,0.0,0.0,0.5526315789473685
2026-09-30T01:26:34.432 0.08421052631578947,0.0,0.0,0.0,0.0,0.6263157894736843
2026-09-30T01:26:34.480 0.08421052631578947,0.0,0.0,0.0,0.0,0.6263157894736843
2026-09-30T01:26:34.530 0.12631578947368421,0.0,0.0,0.0,0.0,0.7
2026-09-30T01:26:34.580 0.12631578947368421,0.0,0.0,0.0,0.0,0.7
2026-09-30T01:26:34.630 0.12631578947368421,0.0,0.0,0.0,0.0,0.7
2026-09-30T01:26:34.680 0.12631578947368421,0.0,0.0,0.0,0.0,0.7
2026-09-30T01:26:34.731 0.12631578947368421,0.0,0.0,0.0,0.0,0.7
2026-09-30T01:26:34.780 0.12631578947368421,0.0,0.0,0.0,0.0,0.7
2026-09-30T01:26:34.830 0.12631578947368421,0.0,0.0,0.0,0.0,0.7
2026-09-30T01:26:34.880 0.12631578947368421,0.0,0.0,0.0,0.0,0.7
2026-09-30T01:26:34.930 0.12631578947368421,0.0,0.0,0.0,0.0,0.7
2026-09-30T01:26:34.980 0.12631578947368421,0.0,0.0,0.0,0.0,0.7
2026-09-30T01:26:35.030 0.04210526315789473,0.0,0.0,0.0,0.0,0.6263157894736843
2026-09-30T01:26:35.080 0.0,0.0,0.0,0.0,0.0,0.7
2026-09-30T01:26:35.130 0.0,0.0,0.0,0.0,0.0,0.6263157894736843
2026-09-30T01:26:35.180 0.0,0.0,0.0,0.0,0.0,0.6263157894736843
2026-09-30T01:26:35.230 0.0,0.0,0.0,0.0,0.0,0.5526315789473685
2026-09-30T01:26:35.281 0.0,0.0,0.0,0.0,0.0,0.5526315789473685
2026-09-30T01:26:35.330 0.0,0.0,0.0,0.0,0.0,0.5526315789473685
2026-09-30T01:26:35.390 0.0,0.0,0.0,0.0,0.0,0.47894736842105273
2026-09-30T01:26:35.430 0.0,0.0,0.0,0.0,0.0,0.47894736842105273
2026-09-30T01:26:35.481 0.0,0.0,0.0,0.0,0.0,0.47894736842105273
2026-09-30T01:26:35.530 0.0,0.0,0.0,0.0,0.0,0.47894736842105273
2026-09-30T01:26:35.580 0.0,0.0,0.0,0.0,0.0,0.47894736842105273
2026-09-30T01:26:35.632 0.0,0.0,0.0,0.0,0.0,0.47894736842105273
2026-09-30T01:26:35.682 0.0,0.0,0.0,0.0,0.0,0.47894736842105273
2026-09-30T01:26:35.731 0.0,0.0,0.0,0.0,0.0,0.47894736842105273
2026-09-30T01:26:35.781 0.0,0.0,0.0,0.0,0.0,0.47894736842105273
2026-09-30T01:26:35.830 0.0,0.0,0.0,0.0,0.0,0.47894736842105273
2026-09-30T01:26:35.880 0.0,0.0,0.0,0.0,0.0,0.47894736842105273
2026-09-30T01:26:35.930 0.042105263157894736,0.0,0.0,0.0,0.0,0.6389473684210527
2026-09-30T01:26:35.980 0.042105263157894736,0.0,0.0,0.0,0.0,0.7
2026-09-30T01:26:36.030 0.042105263157894736,0.0,0.0,0.0,0.0,0.7
2026-09-30T01:26:36.080 0.042105263157894736,0.0,0.0,0.0,0.0,0.7
2026-09-30T01:26:36.131 0.042105263157894736,0.0,0.0,0.0,0.0,0.7
2026-09-30T01:26:36.180 0.16710526315789473,0.0,0.0,0.0,0.0,0.7
2026-09-30T01:26:36.230 0.29210526315789476,0.0,0.0,0.0,0.0,0.7
2026-09-30T01:26:36.281 0.41710526315789476,0.0,0.0,0.0,0.0,0.7
2026-09-30T01:26:36.340 0.5421052631578948,0.0,0.0,0.0,0.0,0.7
2026-09-30T01:26:36.381 0.6671052631578948,0.0,0.0,0.0,0.0,0.7
2026-09-30T01:26:36.430 0.7578947368421055,0.0,0.0,0.0,0.0,0.7
2026-09-30T01:26:36.481 0.7578947368421055,0.0,0.0,0.0,0.0,0.7
2026-09-30T01:26:36.530 0.8,0.0,0.0,0.0,0.0,0.7
2026-09-30T01:26:36.580 0.7578947368421055,0.0,0.0,0.0,0.0,0.7
2026-09-30T01:26:36.630 0.7578947368421055,0.0,0.0,0.0,0.0,0.7
2026-09-30T01:26:36.680 0.8,0.0,0.0,0.0,0.0,0.7
2026-09-30T01:26:36.730 0.8,0.0,0.0,0.0,0.0,0.7
2026-09-30T01:26:36.780 0.8,0.0,0.0,0.0,0.0,0.7
2026-09-30T01:26:36.830 0.8,0.0,0.0,0.0,0.0,0.7
2026-09-30T01:26:36.880 0.7578947368421055,0.0,0.0,0.0,0.0,0.7
2026-09-30T01:26:36.930 0.8,0.0,0.0,0.0,0.0,0.7
2026-09-30T01:26:36.980 0.7578947368421055,0.0,0.0,0.0,0.0,0.7
2026-09-30T01:26:37.031 0.8,0.0,0.0,0.0,0.0,0.7
2026-09-30T01:26:37.080 0.8,0.0,0.0,0.0,0.0,0.7
2026-09-30T01:26:37.142 0.7578947368421055,0.0,0.0,0.0,0.0,0.7
2026-09-30T01:26:37.180 0.7578947368421055,0.0,0.0,0.0,0.0,0.7
2026-09-30T01:26:37.230 0.8,0.0,0.0,0.0,0.0,0.7
2026-09-30T01:26:37.291 0.8,0.0,0.0,0.0,0.0,0.7
2026-09-30T01:26:37.330 0.8,0.0,0.0,0.0,0.0,0.7
2026-09-30T01:26:37.380 0.8,0.0,0.0,0.0,0.0,0.7
2026-09-30T01:26:37.430 0.8,0.0,0.0,0.0,0.0,0.7
2026-09-30T01:26:37.480 0.8,0.0,0.0,0.0,0.0,0.7
2026-09-30T01:26:37.530 0.8,0.0,0.0,0.0,0.0,0.7
2026-09-30T01:26:37.581 0.8,0.0,0.0,0.0,0.0,0.7
2026-09-30T01:26:37.630 0.8,0.0,0.0,0.0,0.0,0.7
2026-09-30T01:26:37.680 0.8,0.0,0.0,0.0,0.0,0.7
2026-09-30T01:26:37.730 0.8,0.0,0.0,0.0,0.0,0.7
2026-09-30T01:26:37.780 0.8,0.0,0.0,0.0,0.0,0.6263157894736843
2026-09-30T01:26:37.830 0.8,0.0,0.0,0.0,0.0,0.6263157894736843
2026-09-30T01:26:37.880 0.8,0.0,0.0,0.0,0.0,0.6263157894736843
2026-09-30T01:26:37.930 0.8,0.0,0.0,0.0,0.0,0.6263157894736843
2026-09-30T01:26:37.981 0.8,0.0,0.0,0.0,0.0,0.5526315789473685
2026-09-30T01:26:38.031 0.8,0.0,0.0,0.0,0.0,0.5526315789473685
2026-09-30T01:26:38.080 0.8,0.0,0.0,0.0,0.0,0.7
2026-09-30T01:26:38.130 0.8,0.0,0.0,0.0,0.0,0.6263157894736843
2026-09-30T01:26:38.181 0.8,0.0,0.0,0.0,0.0,0.6263157894736843
2026-09-30T01:26:38.231 0.8,0.0,0.0,0.0,0.0,0.6263157894736843
2026-09-30T01:26:38.280 0.8,0.0,0.0,0.0,0.0,0.6263157894736843
2026-09-30T01:26:38.330 0.8,0.0,0.0,0.0,0.0,0.6263157894736843
2026-09-30T01:26:38.380 0.8,0.0,0.0,0.0,0.0,0.5526315789473685
2026-09-30T01:26:38.430 0.8,0.0,0.0,0.0,0.0,0.5526315789473685
2026-09-30T01:26:38.480 0.8,0.0,0.0,0.0,0.0,0.47894736842105273
2026-09-30T01:26:38.530 0.8,0.0,0.0,0.0,0.0,0.40526315789473694
2026-09-30T01:26:38.580 0.8,0.0,0.0,0.0,0.0,0.33157894736842114
2026-09-30T01:26:38.630 0.8,0.0,0.0,0.0,0.0,0.33157894736842114
2026-09-30T01:26:38.680 0.8,0.0,0.0,0.0,0.0,0.33157894736842114
2026-09-30T01:26:38.730 0.8,0.0,0.0,0.0,0.0,0.33157894736842114
2026-09-30T01:26:38.780 0.8,0.0,0.0,0.0,0.0,0.33157894736842114
2026-09-30T01:26:38.830 0.8,0.0,0.0,0.0,0.0,0.33157894736842114
2026-09-30T01:26:38.880 0.8,0.0,0.0,0.0,0.0,0.25789473684210534
2026-09-30T01:26:38.930 0.8,0.0,0.0,0.0,0.0,0.25789473684210534
2026-09-30T01:26:38.980 0.8,0.0,0.0,0.0,0.0,0.25789473684210534
2026-09-30T01:26:39.030 0.8,0.0,0.0,0.0,0.0,0.25789473684210534
2026-09-30T01:26:39.080 0.8,0.0,0.0,0.0,0.0,0.25789473684210534
2026-09-30T01:26:39.130 0.8,0.0,0.0,0.0,0.0,0.25789473684210534
2026-09-30T01:26:39.180 0.8,0.0,0.0,0.0,0.0,0.25789473684210534
2026-09-30T01:26:39.230 0.8,0.0,0.0,0.0,0.0,0.25789473684210534
2026-09-30T01:26:39.280 0.8,0.0,0.0,0.0,0.0,0.25789473684210534
2026-09-30T01:26:39.330 0.8,0.0,0.0,0.0,0.0,0.18421052631578955
2026-09-30T01:26:39.380 0.8,0.0,0.0,0.0,0.0,0.18421052631578955
2026-09-30T01:26:39.431 0.8,0.0,0.0,0.0,0.0,0.18421052631578955
2026-09-30T01:26:39.481 0.8,0.0,0.0,0.0,0.0,0.18421052631578955
2026-09-30T01:26:39.530 0.8,0.0,0.0,0.0,0.0,0.18421052631578955
2026-09-30T01:26:39.580 0.8,0.0,0.0,0.0,0.0,0.33157894736842114
2026-09-30T01:26:39.630 0.8,0.0,0.0,0.0,0.0,0.25789473684210534
2026-09-30T01:26:39.680 0.8,0.0,0.0,0.0,0.0,0.25789473684210534
2026-09-30T01:26:39.730 0.8,0.0,0.0,0.0,0.0,0.25789473684210534
2026-09-30T01:26:39.782 0.8,0.0,0.0,0.0,0.0,0.25789473684210534
2026-09-30T01:26:39.830 0.8,0.0,0.0,0.0,0.0,0.25789473684210534
2026-09-30T01:26:39.880 0.8,0.0,0.0,0.0,0.0,0.25789473684210534
2026-09-30T01:26:39.930 0.8,0.0,0.0,0.0,0.0,0.25789473684210534
2026-09-30T01:26:39.980 0.8,0.0,0.0,0.0,0.0,0.25789473684210534
2026-09-30T01:26:40.033 0.8,0.0,0.0,0.0,0.0,0.25789473684210534
2026-09-30T01:26:40.080 0.8,0.0,0.0,0.0,0.0,0.25789473684210534
2026-09-30T01:26:40.130 0.8,0.0,0.0,0.0,0.0,0.25789473684210534
2026-09-30T01:26:40.180 0.8,0.0,0.0,0.0,0.0,0.18421052631578955
2026-09-30T01:26:40.232 0.8,0.0,0.0,0.0,0.0,0.18421052631578955
2026-09-30T01:26:40.280 0.8,0.0,0.0,0.0,0.0,0.25789473684210534
2026-09-30T01:26:40.330 0.8,0.0,0.0,0.0,0.0,0.18421052631578955
2026-09-30T01:26:40.380 0.8,0.0,0.0,0.0,0.0,0.18421052631578955
2026-09-30T01:26:40.430 0.8,0.0,0.0,0.0,0.0,0.18421052631578955
2026-09-30T01:26:40.481 0.8,0.0,0.0,0.0,0.0,0.18421052631578955
2026-09-30T01:26:40.530 0.8,0.0,0.0,0.0,0.0,0.18421052631578955
2026-09-30T01:26:40.580 0.8,0.0,0.0,0.0,0.0,0.18421052631578955
2026-09-30T01:26:40.630 0.8,0.0,0.0,0.0,0.0,0.11052631578947375
2026-09-30T01:26:40.681 0.8,0.0,0.0,0.0,0.0,0.11052631578947375
2026-09-30T01:26:40.730 0.8,0.0,0.0,0.0,0.0,0.11052631578947375
2026-09-30T01:26:40.780 0.8,0.0,0.0,0.0,0.0,0.11052631578947375
2026-09-30T01:26:40.830 0.8,0.0,0.0,0.0,0.0,0.11052631578947375
2026-09-30T01:26:40.890 0.8,0.0,0.0,0.0,0.0,0.11052631578947375
2026-09-30T01:26:40.930 0.8,0.0,0.0,0.0,0.0,0.11052631578947375
2026-09-30T01:26:40.980 0.8,0.0,0.0,0.0,0.0,0.11052631578947375
2026-09-30T01:26:41.030 0.8,0.0,0.0,0.0,0.0,0.11052631578947375
2026-09-30T01:26:41.080 0.8,0.0,0.0,0.0,0.0,0.03684210526315797
2026-09-30T01:26:41.130 0.8,0.0,0.0,0.0,0.0,0.0
2026-09-30T01:26:41.180 0.8,0.0,0.0,0.0,0.0,0.0
2026-09-30T01:26:41.230 0.8,0.0,0.0,0.0,0.0,-0.036842105263157815
2026-09-30T01:26:41.280 0.8,0.0,0.0,0.0,0.0,0.0
2026-09-30T01:26:41.330 0.8,0.0,0.0,0.0,0.0,0.0
2026-09-30T01:26:41.381 0.8,0.0,0.0,0.0,0.0,0.0
2026-09-30T01:26:41.430 0.8,0.0,0.0,0.0,0.0,-0.036842105263157815
2026-09-30T01:26:41.480 0.8,0.0,0.0,0.0,0.0,0.0
2026-09-30T01:26:41.530 0.8,0.0,0.0,0.0,0.0,-0.036842105263157815
2026-09-30T01:26:41.580 0.8,0.0,0.0,0.0,0.0,-0.036842105263157815
2026-09-30T01:26:41.631 0.8,0.0,0.0,0.0,0.0,-0.036842105263157815
2026-09-30T01:26:41.680 0.8,0.0,0.0,0.0,0.0,-0.036842105263157815
2026-09-30T01:26:41.740 0.8,0.0,0.0,0.0,0.0,-0.036842105263157815
2026-09-30T01:26:41.780 0.8,0.0,0.0,0.0,0.0,-0.1105263157894736
2026-09-30T01:26:41.830 0.8,0.0,0.0,0.0,0.0,-0.1105263157894736
2026-09-30T01:26:41.880 0.8,0.0,0.0,0.0,0.0,-0.1105263157894736
2026-09-30T01:26:41.930 0.8,0.0,0.0,0.0,0.0,-0.036842105263157815
2026-09-30T01:26:41.981 0.8,0.0,0.0,0.0,0.0,-0.036842105263157815
2026-09-30T01:26:42.030 0.8,0.0,0.0,0.0,0.0,-0.036842105263157815
2026-09-30T01:26:42.081 0.8,0.0,0.0,0.0,0.0,-0.1105263157894736
2026-09-30T01:26:42.130 0.8,0.0,0.0,0.0,0.0,-0.036842105263157815
2026-09-30T01:26:42.180 0.8,0.0,0.0,0.0,0.0,-0.036842105263157815
2026-09-30T01:26:42.230 0.8,0.0,0.0,0.0,0.0,-0.1105263157894736
2026-09-30T01:26:42.280 0.8,0.0,0.0,0.0,0.0,-0.1105263157894736
2026-09-30T01:26:42.330 0.8,0.0,0.0,0.0,0.0,-0.1105263157894736
2026-09-30T01:26:42.380 0.8,0.0,0.0,0.0,0.0,-0.1105263157894736
2026-09-30T01:26:42.430 0.8,0.0,0.0,0.0,0.0,-0.1105263157894736
2026-09-30T01:26:42.480 0.8,0.0,0.0,0.0,0.0,-0.1105263157894736
2026-09-30T01:26:42.530 0.8,0.0,0.0,0.0,0.0,-0.1105263157894736
2026-09-30T01:26:42.582 0.8,0.0,0.0,0.0,0.0,-0.1105263157894736
2026-09-30T01:26:42.630 0.8,0.0,0.0,0.0,0.0,-0.2578947368421052
2026-09-30T01:26:42.680 0.8,0.0,0.0,0.0,0.0,-0.2578947368421052
2026-09-30T01:26:42.730 0.8,0.0,0.0,0.0,0.0,-0.2578947368421052
2026-09-30T01:26:42.780 0.8,0.0,0.0,0.0,0.0,-0.2578947368421052
2026-09-30T01:26:42.830 0.8,0.0,0.0,0.0,0.0,-0.2578947368421052
2026-09-30T01:26:42.880 0.8,0.0,0.0,0.0,0.0,-0.2578947368421052
2026-09-30T01:26:42.930 0.8,0.0,0.0,0.0,0.0,-0.2578947368421052
2026-09-30T01:26:42.980 0.8,0.0,0.0,0.0,0.0,-0.2578947368421052
2026-09-30T01:26:43.040 0.8,0.0,0.0,0.0,0.0,-0.2578947368421052
2026-09-30T01:26:43.080 0.8,0.0,0.0,0.0,0.0,-0.2578947368421052
2026-09-30T01:26:43.130 0.8,0.0,0.0,0.0,0.0,-0.2578947368421052
2026-09-30T01:26:43.180 0.7578947368421055,0.0,0.0,0.0,0.0,-0.2578947368421052
2026-09-30T01:26:43.230 0.8,0.0,0.0,0.0,0.0,-0.2578947368421052
2026-09-30T01:26:43.280 0.8,0.0,0.0,0.0,0.0,-0.2578947368421052
2026-09-30T01:26:43.340 0.8,0.0,0.0,0.0,0.0,-0.2578947368421052
2026-09-30T01:26:43.382 0.8,0.0,0.0,0.0,0.0,-0.2578947368421052
2026-09-30T01:26:43.430 0.8,0.0,0.0,0.0,0.0,-0.2578947368421052
2026-09-30T01:26:43.480 0.8,0.0,0.0,0.0,0.0,-0.2578947368421052
2026-09-30T01:26:43.531 0.8,0.0,0.0,0.0,0.0,-0.2578947368421052
2026-09-30T01:26:43.580 0.8,0.0,0.0,0.0,0.0,-0.2578947368421052
2026-09-30T01:26:43.630 0.8,0.0,0.0,0.0,0.0,-0.2578947368421052
2026-09-30T01:26:43.680 0.8,0.0,0.0,0.0,0.0,-0.11052631578947358
2026-09-30T01:26:43.730 0.8,0.0,0.0,0.0,0.0,-0.1105263157894736
2026-09-30T01:26:43.782 0.8,0.0,0.0,0.0,0.0,-0.1105263157894736
2026-09-30T01:26:43.830 0.8,0.0,0.0,0.0,0.0,-0.1105263157894736
2026-09-30T01:26:43.880 0.8,0.0,0.0,0.0,0.0,-0.1105263157894736
2026-09-30T01:26:43.930 0.8,0.0,0.0,0.0,0.0,-0.1105263157894736
2026-09-30T01:26:43.990 0.8,0.0,0.0,0.0,0.0,-0.1105263157894736
2026-09-30T01:26:44.030 0.8,0.0,0.0,0.0,0.0,-0.1105263157894736
2026-09-30T01:26:44.080 0.8,0.0,0.0,0.0,0.0,-0.1105263157894736
2026-09-30T01:26:44.130 0.7157894736842108,0.0,0.0,0.0,0.0,-0.036842105263157815
2026-09-30T01:26:44.181 0.8,0.0,0.0,0.0,0.0,-0.1105263157894736
2026-09-30T01:26:44.230 0.8,0.0,0.0,0.0,0.0,-0.1105263157894736
2026-09-30T01:26:44.281 0.8,0.0,0.0,0.0,0.0,-0.1105263157894736
2026-09-30T01:26:44.330 0.8,0.0,0.0,0.0,0.0,-0.1105263157894736
2026-09-30T01:26:44.380 0.8,0.0,0.0,0.0,0.0,-0.1105263157894736
2026-09-30T01:26:44.430 0.8,0.0,0.0,0.0,0.0,-0.1105263157894736
2026-09-30T01:26:44.480 0.8,0.0,0.0,0.0,0.0,-0.036842105263157815
2026-09-30T01:26:44.530 0.8,0.0,0.0,0.0,0.0,-0.036842105263157815
2026-09-30T01:26:44.580 0.8,0.0,0.0,0.0,0.0,-0.036842105263157815
2026-09-30T01:26:44.640 0.8,0.0,0.0,0.0,0.0,-0.036842105263157815
2026-09-30T01:26:44.681 0.8,0.0,0.0,0.0,0.0,-0.036842105263157815
2026-09-30T01:26:44.730 0.8,0.0,0.0,0.0,0.0,-0.036842105263157815
2026-09-30T01:26:44.791 0.8,0.0,0.0,0.0,0.0,-0.036842105263157815
2026-09-30T01:26:44.830 0.8,0.0,0.0,0.0,0.0,-0.036842105263157815
2026-09-30T01:26:44.880 0.8,0.0,0.0,0.0,0.0,-0.036842105263157815
2026-09-30T01:26:44.931 0.8,0.0,0.0,0.0,0.0,-0.036842105263157815
2026-09-30T01:26:44.980 0.7578947368421055,0.0,0.0,0.0,0.0,-0.036842105263157815
2026-09-30T01:26:45.030 0.8,0.0,0.0,0.0,0.0,-0.036842105263157815
2026-09-30T01:26:45.082 0.8,0.0,0.0,0.0,0.0,-0.036842105263157815
2026-09-30T01:26:45.130 0.8,0.0,0.0,0.0,0.0,-0.036842105263157815
2026-09-30T01:26:45.180 0.8,0.0,0.0,0.0,0.0,-0.036842105263157815
2026-09-30T01:26:45.230 0.8,0.0,0.0,0.0,0.0,-0.036842105263157815
2026-09-30T01:26:45.280 0.8,0.0,0.0,0.0,0.0,-0.036842105263157815
2026-09-30T01:26:45.330 0.8,0.0,0.0,0.0,0.0,-0.036842105263157815
2026-09-30T01:26:45.380 0.8,0.0,0.0,0.0,0.0,-0.036842105263157815
2026-09-30T01:26:45.430 0.8,0.0,0.0,0.0,0.0,-0.036842105263157815
2026-09-30T01:26:45.480 0.8,0.0,0.0,0.0,0.0,-0.036842105263157815
2026-09-30T01:26:45.530 0.8,0.0,0.0,0.0,0.0,-0.036842105263157815
2026-09-30T01:26:45.580 0.8,0.0,0.0,0.0,0.0,-0.036842105263157815
2026-09-30T01:26:45.630 0.8,0.0,0.0,0.0,0.0,-0.036842105263157815
2026-09-30T01:26:46.527 0.8,0.0,0.0,0.0,0.0,-0.036842105263157815
2026-09-30T01:26:47.747 0.8,0.0,0.0,0.0,0.0,-0.036842105263157815
2026-09-30T01:26:47.796 0.8,0.0,0.0,0.0,0.0,-0.036842105263157815
2026-09-30T01:26:47.847 0.8,0.0,0.0,0.0,0.0,-0.036842105263157815
2026-09-30T01:26:47.897 0.8,0.0,0.0,0.0,0.0,-0.036842105263157815
2026-09-30T01:26:47.947 0.8,0.0,0.0,0.0,0.0,-0.036842105263157815
2026-09-30T01:26:47.997 0.8,0.0,0.0,0.0,0.0,-0.036842105263157815
2026-09-30T01:26:48.047 0.8,0.0,0.0,0.0,0.0,-0.036842105263157815
2026-09-30T01:26:48.097 0.8,0.0,0.0,0.0,0.0,-0.036842105263157815
2026-09-30T01:26:48.147 0.8,0.0,0.0,0.0,0.0,-0.036842105263157815
2026-09-30T01:26:48.197 0.8,0.0,0.0,0.0,0.0,0.0
2026-09-30T01:26:48.247 0.8,0.0,0.0,0.0,0.0,0.0
2026-09-30T01:26:48.297 0.8,0.0,0.0,0.0,0.0,0.0
2026-09-30T01:26:48.347 0.8,0.0,0.0,0.0,0.0,0.0
2026-09-30T01:26:48.407 0.8,0.0,0.0,0.0,0.0,0.0
2026-09-30T01:26:48.447 0.8,0.0,0.0,0.0,0.0,0.0
2026-09-30T01:26:48.497 0.8,0.0,0.0,0.0,0.0,0.0
2026-09-30T01:26:48.547 0.8,0.0,0.0,0.0,0.0,0.0
2026-09-30T01:26:48.597 0.8,0.0,0.0,0.0,0.0,0.0
2026-09-30T01:26:48.647 0.8,0.0,0.0,0.0,0.0,0.0
2026-09-30T01:26:48.697 0.8,0.0,0.0,0.0,0.0,0.0
2026-09-30T01:26:48.747 0.8,0.0,0.0,0.0,0.0,0.0
2026-09-30T01:26:48.797 0.8,0.0,0.0,0.0,0.0,0.0
2026-09-30T01:26:48.847 0.8,0.0,0.0,0.0,0.0,0.03684210526315797
2026-09-30T01:26:48.897 0.8,0.0,0.0,0.0,0.0,0.03684210526315797
2026-09-30T01:26:48.947 0.8,0.0,0.0,0.0,0.0,0.03684210526315797
2026-09-30T01:26:48.997 0.8,0.0,0.0,0.0,0.0,0.03684210526315797
2026-09-30T01:26:49.047 0.8,0.0,0.0,0.0,0.0,0.03684210526315797
2026-09-30T01:26:49.097 0.8,0.0,0.0,0.0,0.0,0.03684210526315797
2026-09-30T01:26:49.147 0.8,0.0,0.0,0.0,0.0,0.03684210526315797
2026-09-30T01:26:49.197 0.8,0.0,0.0,0.0,0.0,0.03684210526315797
2026-09-30T01:26:49.246 0.8,0.0,0.0,0.0,0.0,0.03684210526315797
2026-09-30T01:26:49.308 0.8,0.0,0.0,0.0,0.0,0.03684210526315797
2026-09-30T01:26:49.346 0.8,0.0,0.0,0.0,0.0,0.03684210526315797
2026-09-30T01:26:49.397 0.8,0.0,0.0,0.0,0.0,0.03684210526315797
2026-09-30T01:26:49.446 0.8,0.0,0.0,0.0,0.0,0.03684210526315797
2026-09-30T01:26:49.496 0.8,0.0,0.0,0.0,0.0,0.03684210526315797
2026-09-30T01:26:49.547 0.8,0.0,0.0,0.0,0.0,0.03684210526315797
2026-09-30T01:26:49.607 0.8,0.0,0.0,0.0,0.0,0.03684210526315797
2026-09-30T01:26:49.647 0.8,0.0,0.0,0.0,0.0,0.03684210526315797
2026-09-30T01:26:49.696 0.8,0.0,0.0,0.0,0.0,0.03684210526315797
2026-09-30T01:26:49.747 0.8,0.0,0.0,0.0,0.0,0.03684210526315797
2026-09-30T01:26:49.797 0.8,0.0,0.0,0.0,0.0,0.03684210526315797
2026-09-30T01:26:49.849 0.8,0.0,0.0,0.0,0.0,0.03684210526315797
2026-09-30T01:26:49.897 0.8,0.0,0.0,0.0,0.0,0.03684210526315797
2026-09-30T01:26:49.946 0.8,0.0,0.0,0.0,0.0,0.03684210526315797
2026-09-30T01:26:49.997 0.8,0.0,0.0,0.0,0.0,0.03684210526315797
2026-09-30T01:26:50.047 0.8,0.0,0.0,0.0,0.0,0.03684210526315797
2026-09-30T01:26:50.097 0.8,0.0,0.0,0.0,0.0,0.03684210526315797
2026-09-30T01:26:50.148 0.8,0.0,0.0,0.0,0.0,0.03684210526315797
2026-09-30T01:26:50.197 0.8,0.0,0.0,0.0,0.0,0.03684210526315797
2026-09-30T01:26:50.247 0.8,0.0,0.0,0.0,0.0,0.03684210526315797
2026-09-30T01:26:50.296 0.8,0.0,0.0,0.0,0.0,0.03684210526315797
2026-09-30T01:26:50.347 0.8,0.0,0.0,0.0,0.0,0.03684210526315797
2026-09-30T01:26:50.396 0.8,0.0,0.0,0.0,0.0,0.03684210526315797
2026-09-30T01:26:50.446 0.8,0.0,0.0,0.0,0.0,0.03684210526315797
2026-09-30T01:26:50.497 0.8,0.0,0.0,0.0,0.0,0.03684210526315797
2026-09-30T01:26:50.547 0.8,0.0,0.0,0.0,0.0,0.03684210526315797
2026-09-30T01:26:50.597 0.8,0.0,0.0,0.0,0.0,0.03684210526315797
2026-09-30T01:26:50.647 0.8,0.0,0.0,0.0,0.0,0.03684210526315797
2026-09-30T01:26:50.696 0.8,0.0,0.0,0.0,0.0,0.03684210526315797
2026-09-30T01:26:50.746 0.8,0.0,0.0,0.0,0.0,0.03684210526315797
2026-09-30T01:26:50.797 0.8,0.0,0.0,0.0,0.0,0.03684210526315797
2026-09-30T01:26:50.847 0.8,0.0,0.0,0.0,0.0,0.03684210526315797
2026-09-30T01:26:50.907 0.8,0.0,0.0,0.0,0.0,0.03684210526315797
2026-09-30T01:26:50.946 0.8,0.0,0.0,0.0,0.0,0.03684210526315797
2026-09-30T01:26:50.997 0.8,0.0,0.0,0.0,0.0,0.03684210526315797
2026-09-30T01:26:51.048 0.8,0.0,0.0,0.0,0.0,0.03684210526315797
2026-09-30T01:26:51.096 0.8,0.0,0.0,0.0,0.0,0.03684210526315797
2026-09-30T01:26:51.147 0.8,0.0,0.0,0.0,0.0,0.03684210526315797
2026-09-30T01:26:51.197 0.8,0.0,0.0,0.0,0.0,0.03684210526315797
2026-09-30T01:26:51.246 0.8,0.0,0.0,0.0,0.0,0.03684210526315797
2026-09-30T01:26:51.297 0.8,0.0,0.0,0.0,0.0,0.03684210526315797
2026-09-30T01:26:51.347 0.8,0.0,0.0,0.0,0.0,0.03684210526315797
2026-09-30T01:26:51.397 0.8,0.0,0.0,0.0,0.0,0.03684210526315797
2026-09-30T01:26:51.446 0.8,0.0,0.0,0.0,0.0,0.03684210526315797
2026-09-30T01:26:51.497 0.8,0.0,0.0,0.0,0.0,0.03684210526315797
2026-09-30T01:26:51.547 0.8,0.0,0.0,0.0,0.0,0.03684210526315797
2026-09-30T01:26:51.596 0.8,0.0,0.0,0.0,0.0,0.03684210526315797
2026-09-30T01:26:51.657 0.8,0.0,0.0,0.0,0.0,0.03684210526315797
2026-09-30T01:26:51.696 0.8,0.0,0.0,0.0,0.0,0.03684210526315797
2026-09-30T01:26:51.746 0.8,0.0,0.0,0.0,0.0,0.03684210526315797
2026-09-30T01:26:51.797 0.8,0.0,0.0,0.0,0.0,0.0
2026-09-30T01:26:51.846 0.8,0.0,0.0,0.0,0.0,0.0
2026-09-30T01:26:51.897 0.8,0.0,0.0,0.0,0.0,0.0
2026-09-30T01:26:51.947 0.8,0.0,0.0,0.0,0.0,0.0
2026-09-30T01:26:51.997 0.8,0.0,0.0,0.0,0.0,0.0
2026-09-30T01:26:52.046 0.8,0.0,0.0,0.0,0.0,0.0
2026-09-30T01:26:52.096 0.8,0.0,0.0,0.0,0.0,0.0
2026-09-30T01:26:52.147 0.8,0.0,0.0,0.0,0.0,0.0
2026-09-30T01:26:52.196 0.8,0.0,0.0,0.0,0.0,0.0
2026-09-30T01:26:52.246 0.8,0.0,0.0,0.0,0.0,0.0
2026-09-30T01:26:52.297 0.8,0.0,0.0,0.0,0.0,0.0
2026-09-30T01:26:52.347 0.8,0.0,0.0,0.0,0.0,0.0
2026-09-30T01:26:52.397 0.8,0.0,0.0,0.0,0.0,0.0
2026-09-30T01:26:52.447 0.8,0.0,0.0,0.0,0.0,0.0
2026-09-30T01:26:52.497 0.8,0.0,0.0,0.0,0.0,0.0
2026-09-30T01:26:52.547 0.8,0.0,0.0,0.0,0.0,0.0
2026-09-30T01:26:52.596 0.8,0.0,0.0,0.0,0.0,0.0
2026-09-30T01:26:52.648 0.8,0.0,0.0,0.0,0.0,-0.036842105263157815
2026-09-30T01:26:52.697 0.8,0.0,0.0,0.0,0.0,-0.036842105263157815
2026-09-30T01:26:52.746 0.8,0.0,0.0,0.0,0.0,0.0
2026-09-30T01:26:52.796 0.8,0.0,0.0,0.0,0.0,0.0
2026-09-30T01:26:52.847 0.8,0.0,0.0,0.0,0.0,0.0
2026-09-30T01:26:52.897 0.8,0.0,0.0,0.0,0.0,0.0
2026-09-30T01:26:52.947 0.8,0.0,0.0,0.0,0.0,0.0
2026-09-30T01:26:52.997 0.8,0.0,0.0,0.0,0.0,0.0
2026-09-30T01:26:53.047 0.8,0.0,0.0,0.0,0.0,0.0
2026-09-30T01:26:53.097 0.8,0.0,0.0,0.0,0.0,0.0
2026-09-30T01:26:53.157 0.8,0.0,0.0,0.0,0.0,0.0
2026-09-30T01:26:53.196 0.8,0.0,0.0,0.0,0.0,0.0
2026-09-30T01:26:53.257 0.8,0.0,0.0,0.0,0.0,0.0
2026-09-30T01:26:53.297 0.8,0.0,0.0,0.0,0.0,0.0
2026-09-30T01:26:53.346 0.8,0.0,0.0,0.0,0.0,0.0
2026-09-30T01:26:53.397 0.8,0.0,0.0,0.0,0.0,0.0
2026-09-30T01:26:53.447 0.8,0.0,0.0,0.0,0.0,0.0
2026-09-30T01:26:53.497 0.8,0.0,0.0,0.0,0.0,0.0
2026-09-30T01:26:53.546 0.8,0.0,0.0,0.0,0.0,0.0
2026-09-30T01:26:53.597 0.8,0.0,0.0,0.0,0.0,0.0
2026-09-30T01:26:53.647 0.8,0.0,0.0,0.0,0.0,0.0
2026-09-30T01:26:53.697 0.8,0.0,0.0,0.0,0.0,0.0
2026-09-30T01:26:53.747 0.8,0.0,0.0,0.0,0.0,0.0
2026-09-30T01:26:53.799 0.8,0.0,0.0,0.0,0.0,0.0
2026-09-30T01:26:53.847 0.8,0.0,0.0,0.0,0.0,0.0
2026-09-30T01:26:53.897 0.8,0.0,0.0,0.0,0.0,0.0
2026-09-30T01:26:53.946 0.8,0.0,0.0,0.0,0.0,0.0
2026-09-30T01:26:53.996 0.8,0.0,0.0,0.0,0.0,0.0
2026-09-30T01:26:54.057 0.8,0.0,0.0,0.0,0.0,0.0
2026-09-30T01:26:54.107 0.8,0.0,0.0,0.0,0.0,-0.036842105263157815
2026-09-30T01:26:54.147 0.8,0.0,0.0,0.0,0.0,-0.036842105263157815
2026-09-30T01:26:54.197 0.8,0.0,0.0,0.0,0.0,-0.036842105263157815
2026-09-30T01:26:54.246 0.8,0.0,0.0,0.0,0.0,-0.036842105263157815
2026-09-30T01:26:54.297 0.8,0.0,0.0,0.0,0.0,-0.036842105263157815
2026-09-30T01:26:54.347 0.8,0.0,0.0,0.0,0.0,-0.036842105263157815
2026-09-30T01:26:54.397 0.8,0.0,0.0,0.0,0.0,-0.036842105263157815
2026-09-30T01:26:54.457 0.8,0.0,0.0,0.0,0.0,-0.036842105263157815
2026-09-30T01:26:54.497 0.8,0.0,0.0,0.0,0.0,-0.036842105263157815
2026-09-30T01:26:54.546 0.8,0.0,0.0,0.0,0.0,-0.036842105263157815
2026-09-30T01:26:54.597 0.8,0.0,0.0,0.0,0.0,-0.036842105263157815
2026-09-30T01:26:54.647 0.8,0.0,0.0,0.0,0.0,-0.036842105263157815
2026-09-30T01:26:54.697 0.8,0.0,0.0,0.0,0.0,0.0
2026-09-30T01:26:54.747 0.8,0.0,0.0,0.0,0.0,0.0
2026-09-30T01:26:54.797 0.8,0.0,0.0,0.0,0.0,0.0
2026-09-30T01:26:54.847 0.8,0.0,0.0,0.0,0.0,0.0
2026-09-30T01:26:54.897 0.8,0.0,0.0,0.0,0.0,0.0
2026-09-30T01:26:54.946 0.8,0.0,0.0,0.0,0.0,0.0
2026-09-30T01:26:54.997 0.8,0.0,0.0,0.0,0.0,0.0
2026-09-30T01:26:55.046 0.8,0.0,0.0,0.0,0.0,0.03684210526315797
2026-09-30T01:26:55.097 0.8,0.0,0.0,0.0,0.0,0.03684210526315797
2026-09-30T01:26:55.147 0.8,0.0,0.0,0.0,0.0,0.03684210526315797
2026-09-30T01:26:55.199 0.8,0.0,0.0,0.0,0.0,0.03684210526315797
2026-09-30T01:26:55.247 0.8,0.0,0.0,0.0,0.0,0.03684210526315797
2026-09-30T01:26:55.296 0.8,0.0,0.0,0.0,0.0,0.03684210526315797
2026-09-30T01:26:55.348 0.8,0.0,0.0,0.0,0.0,0.03684210526315797
2026-09-30T01:26:55.397 0.7578947368421055,0.0,0.0,0.0,0.0,0.03684210526315797
2026-09-30T01:26:55.457 0.7578947368421055,0.0,0.0,0.0,0.0,0.0
2026-09-30T01:26:55.499 0.7157894736842108,0.0,0.0,0.0,0.0,0.03684210526315797
2026-09-30T01:26:55.547 0.7157894736842108,0.0,0.0,0.0,0.0,0.0
2026-09-30T01:26:55.597 0.7157894736842108,0.0,0.0,0.0,0.0,0.0
2026-09-30T01:26:55.647 0.673684210526316,0.0,0.0,0.0,0.0,0.03684210526315797
2026-09-30T01:26:55.697 0.673684210526316,0.0,0.0,0.0,0.0,0.03684210526315797
2026-09-30T01:26:55.747 0.673684210526316,0.0,0.0,0.0,0.0,0.0
2026-09-30T01:26:55.797 0.673684210526316,0.0,0.0,0.0,0.0,0.0
2026-09-30T01:26:55.847 0.673684210526316,0.0,0.0,0.0,0.0,0.0
2026-09-30T01:26:55.897 0.673684210526316,0.0,0.0,0.0,0.0,0.0
2026-09-30T01:26:55.947 0.673684210526316,0.0,0.0,0.0,0.0,0.0
2026-09-30T01:26:55.997 0.673684210526316,0.0,0.0,0.0,0.0,0.0
2026-09-30T01:26:56.047 0.673684210526316,0.0,0.0,0.0,0.0,0.0
2026-09-30T01:26:56.097 0.6315789473684212,0.0,0.0,0.0,0.0,0.0
2026-09-30T01:26:56.147 0.6315789473684212,0.0,0.0,0.0,0.0,0.0
2026-09-30T01:26:56.196 0.6315789473684212,0.0,0.0,0.0,0.0,0.0
2026-09-30T01:26:56.246 0.6315789473684212,0.0,0.0,0.0,0.0,0.0
2026-09-30T01:26:56.297 0.6315789473684212,0.0,0.0,0.0,0.0,0.0
2026-09-30T01:26:56.347 0.6315789473684212,0.0,0.0,0.0,0.0,0.11052631578947375
2026-09-30T01:26:56.397 0.5894736842105265,0.0,0.0,0.0,0.0,0.0
2026-09-30T01:26:56.446 0.5894736842105265,0.0,0.0,0.0,0.0,0.0
2026-09-30T01:26:56.497 0.5894736842105265,0.0,0.0,0.0,0.0,0.0
2026-09-30T01:26:56.547 0.5894736842105265,0.0,0.0,0.0,0.0,0.0
2026-09-30T01:26:56.596 0.5894736842105265,0.0,0.0,0.0,0.0,0.0
2026-09-30T01:26:56.647 0.5473684210526317,0.0,0.0,0.0,0.0,0.0
2026-09-30T01:26:56.697 0.5473684210526317,0.0,0.0,0.0,0.0,0.0
2026-09-30T01:26:56.746 0.505263157894737,0.0,0.0,0.0,0.0,0.11052631578947375
2026-09-30T01:26:56.797 0.5473684210526317,0.0,0.0,0.0,0.0,0.0
2026-09-30T01:26:56.847 0.5473684210526317,0.0,0.0,0.0,0.0,0.0
2026-09-30T01:26:56.897 0.5473684210526317,0.0,0.0,0.0,0.0,0.0
2026-09-30T01:26:56.947 0.4631578947368422,0.0,0.0,0.0,0.0,0.11052631578947375
2026-09-30T01:26:57.007 0.505263157894737,0.0,0.0,0.0,0.0,0.0
2026-09-30T01:26:57.046 0.505263157894737,0.0,0.0,0.0,0.0,0.0
2026-09-30T01:26:57.097 0.4631578947368422,0.0,0.0,0.0,0.0,0.11052631578947375
2026-09-30T01:26:57.147 0.4631578947368422,0.0,0.0,0.0,0.0,0.11052631578947375
2026-09-30T01:26:57.196 0.4631578947368422,0.0,0.0,0.0,0.0,0.11052631578947375
2026-09-30T01:26:57.247 0.4631578947368422,0.0,0.0,0.0,0.0,0.11052631578947375
2026-09-30T01:26:57.297 0.4631578947368422,0.0,0.0,0.0,0.0,0.0
2026-09-30T01:26:57.346 0.4631578947368422,0.0,0.0,0.0,0.0,0.11052631578947375
2026-09-30T01:26:57.407 0.4631578947368422,0.0,0.0,0.0,0.0,0.11052631578947375
2026-09-30T01:26:57.447 0.4631578947368422,0.0,0.0,0.0,0.0,0.11052631578947375
2026-09-30T01:26:57.496 0.4631578947368422,0.0,0.0,0.0,0.0,0.11052631578947375
2026-09-30T01:26:57.547 0.42105263157894746,0.0,0.0,0.0,0.0,0.11052631578947375
2026-09-30T01:26:57.597 0.42105263157894746,0.0,0.0,0.0,0.0,0.11052631578947375
2026-09-30T01:26:57.647 0.42105263157894746,0.0,0.0,0.0,0.0,0.11052631578947375
2026-09-30T01:26:57.697 0.42105263157894746,0.0,0.0,0.0,0.0,0.0
2026-09-30T01:26:57.747 0.42105263157894746,0.0,0.0,0.0,0.0,0.11052631578947375
2026-09-30T01:26:57.797 0.42105263157894746,0.0,0.0,0.0,0.0,0.11052631578947375
2026-09-30T01:26:57.846 0.42105263157894746,0.0,0.0,0.0,0.0,0.11052631578947375
2026-09-30T01:26:57.897 0.3789473684210527,0.0,0.0,0.0,0.0,0.11052631578947375
2026-09-30T01:26:57.947 0.3789473684210527,0.0,0.0,0.0,0.0,0.11052631578947375
2026-09-30T01:26:57.997 0.3789473684210527,0.0,0.0,0.0,0.0,0.11052631578947375
2026-09-30T01:26:58.046 0.3789473684210527,0.0,0.0,0.0,0.0,0.11052631578947375
2026-09-30T01:26:58.097 0.3789473684210527,0.0,0.0,0.0,0.0,0.11052631578947375
2026-09-30T01:26:58.147 0.3789473684210527,0.0,0.0,0.0,0.0,0.11052631578947375
2026-09-30T01:26:58.196 0.3789473684210527,0.0,0.0,0.0,0.0,0.11052631578947375
2026-09-30T01:26:58.247 0.3789473684210527,0.0,0.0,0.0,0.0,0.11052631578947375
2026-09-30T01:26:58.297 0.3789473684210527,0.0,0.0,0.0,0.0,0.03684210526315797
2026-09-30T01:26:58.347 0.3789473684210527,0.0,0.0,0.0,0.0,0.03684210526315797
2026-09-30T01:26:58.397 0.3789473684210527,0.0,0.0,0.0,0.0,0.03684210526315797
2026-09-30T01:26:58.447 0.3789473684210527,0.0,0.0,0.0,0.0,0.03684210526315797
2026-09-30T01:26:58.497 0.33684210526315794,0.0,0.0,0.0,0.0,0.11052631578947375
2026-09-30T01:26:58.547 0.33684210526315794,0.0,0.0,0.0,0.0,0.11052631578947375
2026-09-30T01:26:58.607 0.33684210526315794,0.0,0.0,0.0,0.0,0.03684210526315797
2026-09-30T01:26:58.646 0.33684210526315794,0.0,0.0,0.0,0.0,0.11052631578947375
2026-09-30T01:26:58.707 0.33684210526315794,0.0,0.0,0.0,0.0,0.11052631578947375
2026-09-30T01:26:58.747 0.33684210526315794,0.0,0.0,0.0,0.0,0.03684210526315797
2026-09-30T01:26:58.797 0.33684210526315794,0.0,0.0,0.0,0.0,0.03684210526315797
2026-09-30T01:26:58.847 0.33684210526315794,0.0,0.0,0.0,0.0,0.03684210526315797
2026-09-30T01:26:58.897 0.33684210526315794,0.0,0.0,0.0,0.0,0.03684210526315797
2026-09-30T01:26:58.947 0.33684210526315794,0.0,0.0,0.0,0.0,0.03684210526315797
2026-09-30T01:26:58.997 0.2947368421052632,0.0,0.0,0.0,0.0,0.11052631578947375
2026-09-30T01:26:59.047 0.2947368421052632,0.0,0.0,0.0,0.0,0.11052631578947375
2026-09-30T01:26:59.097 0.2947368421052632,0.0,0.0,0.0,0.0,0.03684210526315797
2026-09-30T01:26:59.146 0.2947368421052632,0.0,0.0,0.0,0.0,0.03684210526315797
2026-09-30T01:26:59.197 0.2947368421052632,0.0,0.0,0.0,0.0,0.03684210526315797
2026-09-30T01:26:59.257 0.2947368421052632,0.0,0.0,0.0,0.0,0.03684210526315797
2026-09-30T01:26:59.297 0.2947368421052632,0.0,0.0,0.0,0.0,0.03684210526315797
2026-09-30T01:26:59.346 0.2947368421052632,0.0,0.0,0.0,0.0,0.03684210526315797
2026-09-30T01:26:59.396 0.2947368421052632,0.0,0.0,0.0,0.0,0.03684210526315797
2026-09-30T01:26:59.447 0.2947368421052632,0.0,0.0,0.0,0.0,0.03684210526315797
2026-09-30T01:26:59.497 0.2947368421052632,0.0,0.0,0.0,0.0,0.03684210526315797
2026-09-30T01:26:59.547 0.2947368421052632,0.0,0.0,0.0,0.0,0.03684210526315797
2026-09-30T01:26:59.596 0.2947368421052632,0.0,0.0,0.0,0.0,0.03684210526315797
2026-09-30T01:26:59.647 0.25263157894736843,0.0,0.0,0.0,0.0,0.03684210526315797
2026-09-30T01:26:59.697 0.25263157894736843,0.0,0.0,0.0,0.0,0.03684210526315797
2026-09-30T01:26:59.747 0.25263157894736843,0.0,0.0,0.0,0.0,0.03684210526315797
2026-09-30T01:26:59.797 0.25263157894736843,0.0,0.0,0.0,0.0,0.03684210526315797
2026-09-30T01:26:59.847 0.25263157894736843,0.0,0.0,0.0,0.0,0.03684210526315797
2026-09-30T01:26:59.897 0.25263157894736843,0.0,0.0,0.0,0.0,0.03684210526315797
2026-09-30T01:26:59.947 0.25263157894736843,0.0,0.0,0.0,0.0,0.03684210526315797
2026-09-30T01:26:59.996 0.25263157894736843,0.0,0.0,0.0,0.0,0.03684210526315797
2026-09-30T01:27:00.047 0.25263157894736843,0.0,0.0,0.0,0.0,0.03684210526315797
2026-09-30T01:27:00.097 0.25263157894736843,0.0,0.0,0.0,0.0,0.03684210526315797
2026-09-30T01:27:00.157 0.25263157894736843,0.0,0.0,0.0,0.0,0.03684210526315797
2026-09-30T01:27:00.197 0.25263157894736843,0.0,0.0,0.0,0.0,0.03684210526315797
2026-09-30T01:27:00.247 0.25263157894736843,0.0,0.0,0.0,0.0,0.03684210526315797
2026-09-30T01:27:00.297 0.25263157894736843,0.0,0.0,0.0,0.0,0.03684210526315797
2026-09-30T01:27:00.347 0.25263157894736843,0.0,0.0,0.0,0.0,0.03684210526315797
2026-09-30T01:27:00.397 0.21052631578947367,0.0,0.0,0.0,0.0,0.0
2026-09-30T01:27:00.447 0.21052631578947367,0.0,0.0,0.0,0.0,0.0
2026-09-30T01:27:00.496 0.21052631578947367,0.0,0.0,0.0,0.0,0.0
2026-09-30T01:27:00.548 0.21052631578947367,0.0,0.0,0.0,0.0,0.0
2026-09-30T01:27:00.597 0.21052631578947367,0.0,0.0,0.0,0.0,0.0
2026-09-30T01:27:00.647 0.21052631578947367,0.0,0.0,0.0,0.0,0.03684210526315797
2026-09-30T01:27:00.697 0.21052631578947367,0.0,0.0,0.0,0.0,0.03684210526315797
2026-09-30T01:27:00.748 0.21052631578947367,0.0,0.0,0.0,0.0,0.03684210526315797
2026-09-30T01:27:00.796 0.21052631578947367,0.0,0.0,0.0,0.0,0.03684210526315797
2026-09-30T01:27:00.847 0.21052631578947367,0.0,0.0,0.0,0.0,0.03684210526315797
2026-09-30T01:27:00.897 0.21052631578947367,0.0,0.0,0.0,0.0,0.03684210526315797
2026-09-30T01:27:00.947 0.21052631578947367,0.0,0.0,0.0,0.0,0.03684210526315797
2026-09-30T01:27:00.997 0.21052631578947367,0.0,0.0,0.0,0.0,0.03684210526315797
2026-09-30T01:27:01.047 0.21052631578947367,0.0,0.0,0.0,0.0,0.0
2026-09-30T01:27:01.097 0.16842105263157894,0.0,0.0,0.0,0.0,-0.1105263157894736
2026-09-30T01:27:01.146 0.16842105263157894,0.0,0.0,0.0,0.0,-0.1105263157894736
2026-09-30T01:27:01.197 0.16842105263157894,0.0,0.0,0.0,0.0,-0.1105263157894736
2026-09-30T01:27:01.247 0.16842105263157894,0.0,0.0,0.0,0.0,-0.1105263157894736
2026-09-30T01:27:01.296 0.16842105263157894,0.0,0.0,0.0,0.0,-0.1105263157894736
2026-09-30T01:27:01.347 0.16842105263157894,0.0,0.0,0.0,0.0,-0.1105263157894736
2026-09-30T01:27:01.397 0.16842105263157894,0.0,0.0,0.0,0.0,-0.1105263157894736
2026-09-30T01:27:01.447 0.16842105263157894,0.0,0.0,0.0,0.0,-0.1105263157894736
2026-09-30T01:27:01.497 0.16842105263157894,0.0,0.0,0.0,0.0,-0.1105263157894736
2026-09-30T01:27:01.546 0.12631578947368421,0.0,0.0,0.0,0.0,-0.1105263157894736
2026-09-30T01:27:01.597 0.12631578947368421,0.0,0.0,0.0,0.0,-0.1105263157894736
2026-09-30T01:27:01.647 0.12631578947368421,0.0,0.0,0.0,0.0,-0.1105263157894736
2026-09-30T01:27:01.708 0.12631578947368421,0.0,0.0,0.0,0.0,-0.1105263157894736
2026-09-30T01:27:01.747 0.12631578947368421,0.0,0.0,0.0,0.0,-0.1105263157894736
2026-09-30T01:27:01.797 0.12631578947368421,0.0,0.0,0.0,0.0,-0.1105263157894736
2026-09-30T01:27:01.847 0.12631578947368421,0.0,0.0,0.0,0.0,-0.1105263157894736
2026-09-30T01:27:01.897 0.12631578947368421,0.0,0.0,0.0,0.0,-0.1105263157894736
2026-09-30T01:27:01.947 0.12631578947368421,0.0,0.0,0.0,0.0,-0.1105263157894736
2026-09-30T01:27:01.996 0.0013157894736842146,0.0,0.0,0.0,0.0,-0.036842105263157815
2026-09-30T01:27:02.046 0.0,0.0,0.0,0.0,0.0,-0.036842105263157815
2026-09-30T01:27:02.097 0.0,0.0,0.0,0.0,0.0,-0.036842105263157815
2026-09-30T01:27:02.148 0.0,0.0,0.0,0.0,0.0,-0.036842105263157815
2026-09-30T01:27:02.197 0.0,0.0,0.0,0.0,0.0,-0.036842105263157815
2026-09-30T01:27:02.247 0.0,0.0,0.0,0.0,0.0,-0.036842105263157815
2026-09-30T01:27:02.297 0.0,0.0,0.0,0.0,0.0,-0.036842105263157815
2026-09-30T01:27:02.347 0.0,0.0,0.0,0.0,0.0,-0.036842105263157815
2026-09-30T01:27:02.397 0.0,0.0,0.0,0.0,0.0,-0.036842105263157815
2026-09-30T01:27:02.446 0.0,0.0,0.0,0.0,0.0,-0.036842105263157815
2026-09-30T01:27:02.497 0.0,0.0,0.0,0.0,0.0,-0.036842105263157815
2026-09-30T01:27:02.548 0.0,0.0,0.0,0.0,0.0,-0.036842105263157815
2026-09-30T01:27:02.596 0.0,0.0,0.0,0.0,0.0,-0.036842105263157815
2026-09-30T01:27:02.647 0.0,0.0,0.0,0.0,0.0,-0.036842105263157815
2026-09-30T01:27:02.696 0.0,0.0,0.0,0.0,0.0,-0.036842105263157815
2026-09-30T01:27:02.746 0.0,0.0,0.0,0.0,0.0,-0.036842105263157815
2026-09-30T01:27:02.797 0.0,0.0,0.0,0.0,0.0,-0.036842105263157815
2026-09-30T01:27:02.847 0.0,0.0,0.0,0.0,0.0,-0.036842105263157815
2026-09-30T01:27:02.897 0.0,0.0,0.0,0.0,0.0,-0.036842105263157815
2026-09-30T01:27:02.947 0.0,0.0,0.0,0.0,0.0,-0.036842105263157815
2026-09-30T01:27:02.997 0.0,0.0,0.0,0.0,0.0,-0.036842105263157815
2026-09-30T01:27:03.047 0.0,0.0,0.0,0.0,0.0,-0.036842105263157815
2026-09-30T01:27:03.097 0.0,0.0,0.0,0.0,0.0,-0.036842105263157815
2026-09-30T01:27:03.146 0.0,0.0,0.0,0.0,0.0,-0.036842105263157815
2026-09-30T01:27:03.197 0.0,0.0,0.0,0.0,0.0,-0.036842105263157815
2026-09-30T01:27:03.247 0.0,0.0,0.0,0.0,0.0,-0.036842105263157815
2026-09-30T01:27:03.297 0.0,0.0,0.0,0.0,0.0,-0.036842105263157815
2026-09-30T01:27:03.347 0.0,0.0,0.0,0.0,0.0,-0.036842105263157815
2026-09-30T01:27:03.397 0.0,0.0,0.0,0.0,0.0,-0.036842105263157815
2026-09-30T01:27:03.447 0.0,0.0,0.0,0.0,0.0,-0.036842105263157815
2026-09-30T01:27:03.497 0.0,0.0,0.0,0.0,0.0,-0.036842105263157815
2026-09-30T01:27:03.546 0.0,0.0,0.0,0.0,0.0,-0.036842105263157815
2026-09-30T01:27:03.609 0.0,0.0,0.0,0.0,0.0,-0.036842105263157815
2026-09-30T01:27:03.657 0.0,0.0,0.0,0.0,0.0,-0.036842105263157815
2026-09-30T01:27:03.697 0.0,0.0,0.0,0.0,0.0,-0.036842105263157815
2026-09-30T01:27:03.747 0.0,0.0,0.0,0.0,0.0,-0.036842105263157815
2026-09-30T01:27:03.796 0.0,0.0,0.0,0.0,0.0,-0.036842105263157815
2026-09-30T01:27:03.846 0.0,0.0,0.0,0.0,0.0,-0.036842105263157815
2026-09-30T01:27:03.897 0.0,0.0,0.0,0.0,0.0,-0.036842105263157815
2026-09-30T01:27:03.947 0.0,0.0,0.0,0.0,0.0,-0.036842105263157815
2026-09-30T01:27:03.999 0.0,0.0,0.0,0.0,0.0,-0.036842105263157815
2026-09-30T01:27:04.059 0.0,0.0,0.0,0.0,0.0,-0.036842105263157815
2026-09-30T01:27:04.096 0.0,0.0,0.0,0.0,0.0,-0.036842105263157815
2026-09-30T01:27:04.147 0.0,0.0,0.0,0.0,0.0,-0.036842105263157815
2026-09-30T01:27:04.197 0.0,0.0,0.0,0.0,0.0,0.0
2026-09-30T01:27:04.247 0.0,0.0,0.0,0.0,0.0,0.0
2026-09-30T01:27:04.297 0.0,0.0,0.0,0.0,0.0,0.0
2026-09-30T01:27:04.347 0.0,0.0,0.0,0.0,0.0,0.0
2026-09-30T01:27:04.397 0.0,0.0,0.0,0.0,0.0,0.0
2026-09-30T01:27:04.457 0.0,0.0,0.0,0.0,0.0,0.0
2026-09-30T01:27:04.497 0.0,0.0,0.0,0.0,0.0,0.0
2026-09-30T01:27:04.549 0.0,0.0,0.0,0.0,0.0,0.0
2026-09-30T01:27:04.597 0.0,0.0,0.0,0.0,0.0,0.0
2026-09-30T01:27:04.647 0.0,0.0,0.0,0.0,0.0,0.0
2026-09-30T01:27:04.697 0.0,0.0,0.0,0.0,0.0,0.0
2026-09-30T01:27:04.747 0.0,0.0,0.0,0.0,0.0,0.0
2026-09-30T01:27:04.797 0.0,0.0,0.0,0.0,0.0,0.0
2026-09-30T01:27:04.846 0.0,0.0,0.0,0.0,0.0,0.0
2026-09-30T01:27:04.897 0.0,0.0,0.0,0.0,0.0,0.0
2026-09-30T01:27:04.946 0.0,0.0,0.0,0.0,0.0,0.0
2026-09-30T01:27:04.997 0.0,0.0,0.0,0.0,0.0,0.0
2026-09-30T01:27:05.047 0.0,0.0,0.0,0.0,0.0,0.0
2026-09-30T01:27:05.097 0.0,0.0,0.0,0.0,0.0,0.0
2026-09-30T01:27:05.147 0.0,0.0,0.0,0.0,0.0,0.0
2026-09-30T01:27:05.197 0.0,0.0,0.0,0.0,0.0,0.0
2026-09-30T01:27:05.246 0.0,0.0,0.0,0.0,0.0,0.0
2026-09-30T01:27:05.297 0.0,0.0,0.0,0.0,0.0,0.0
2026-09-30T01:27:05.348 0.0,0.0,0.0,0.0,0.0,0.0
2026-09-30T01:27:05.397 0.0,0.0,0.0,0.0,0.0,0.0
2026-09-30T01:27:05.449 0.0,0.0,0.0,0.0,0.0,0.0
2026-09-30T01:27:05.497 0.0,0.0,0.0,0.0,0.0,0.0
2026-09-30T01:27:05.547 0.0,0.0,0.0,0.0,0.0,0.0
2026-09-30T01:27:05.597 0.0,0.0,0.0,0.0,0.0,0.0
2026-09-30T01:27:05.647 0.0,0.0,0.0,0.0,0.0,0.0
2026-09-30T01:27:05.697 0.0,0.0,0.0,0.0,0.0,0.0
2026-09-30T01:27:05.757 0.0,0.0,0.0,0.0,0.0,0.0
2026-09-30T01:27:05.797 0.0,0.0,0.0,0.0,0.0,0.0
2026-09-30T01:27:05.846 0.0,0.0,0.0,0.0,0.0,0.0
2026-09-30T01:27:05.897 0.0,0.0,0.0,0.0,0.0,0.0
2026-09-30T01:27:05.946 0.0,0.0,0.0,0.0,0.0,0.0
2026-09-30T01:27:05.997 0.0,0.0,0.0,0.0,0.0,0.0
2026-09-30T01:27:06.047 0.0,0.0,0.0,0.0,0.0,0.0
2026-09-30T01:27:06.097 0.0,0.0,0.0,0.0,0.0,0.0
2026-09-30T01:27:06.147 0.0,0.0,0.0,0.0,0.0,0.0
2026-09-30T01:27:06.197 0.0,0.0,0.0,0.0,0.0,0.0
2026-09-30T01:27:06.246 0.0,0.0,0.0,0.0,0.0,0.0
2026-09-30T01:27:06.297 0.0,0.0,0.0,0.0,0.0,0.0
2026-09-30T01:27:06.347 0.0,0.0,0.0,0.0,0.0,0.0
2026-09-30T01:27:06.397 0.0,0.0,0.0,0.0,0.0,0.0
2026-09-30T01:27:06.447 0.0,0.0,0.0,0.0,0.0,0.0
2026-09-30T01:27:06.497 0.0,0.0,0.0,0.0,0.0,0.0
2026-09-30T01:27:06.547 0.0,0.0,0.0,0.0,0.0,0.0
2026-09-30T01:27:06.597 0.0,0.0,0.0,0.0,0.0,0.0
2026-09-30T01:27:06.647 0.0,0.0,0.0,0.0,0.0,0.0
2026-09-30T01:27:06.697 0.0,0.0,0.0,0.0,0.0,0.0
2026-09-30T01:27:06.746 0.0,0.0,0.0,0.0,0.0,0.0
2026-09-30T01:27:06.797 0.0,0.0,0.0,0.0,0.0,0.0
2026-09-30T01:27:06.847 0.0,0.0,0.0,0.0,0.0,0.0
2026-09-30T01:27:06.897 0.0,0.0,0.0,0.0,0.0,0.0
