2026-09-30T02:20:56.619 5,200000000,map,-6.000000000000445,-1.0,0.0,0.0,0.0,0.9999999999991198,1.3267948966775328e-06,-2.3803181647963356e-12,0.0,0.0,0.0,0.0,0.0,0.0,0.0,0.0,0.0,0.0,0.0,0.0,0.0,0.0,0.0,0.0,0.0,0.0,0.0,0.0,0.0,0.0,0.0,0.0,0.0,0.0,0.0,0.0,0.0,0.0,0.0,0.0,0.0,0.0,-6.972200594645862e-14
2026-09-30T02:21:00.878 9,700000000,map,-6.037405042512434,-0.9981813338305964,0.0,0.0,0.0,0.9789603054629354,0.20405077879762232,0.0177501043136985,-0.0014489003514750465,0.0,0.0,0.0,0.0,-0.0014489003514750465,0.0004264566087297528,0.0,0.0,0.0,0.0,0.0,0.0,0.0,0.0,0.0,0.0,0.0,0.0,0.0,0.0,0.0,0.0,0.0,0.0,0.0,0.0,0.0,0.0,0.0,0.0,0.0,0.0,0.0,0.016789774860187928
2026-09-30T02:21:05.872 11,100000000,map,-6.118933405861752,-0.9605157431570649,0.0,0.0,0.0,0.8512079821484756,0.5248285159237448,0.0295252270223898,-0.011989523511202194,0.0,0.0,0.0,0.0,-0.011989523511202194,0.011294674235380331,0.0,0.0,0.0,0.0,0.0,0.0,0.0,0.0,0.0,0.0,0.0,0.0,0.0,0.0,0.0,0.0,0.0,0.0,0.0,0.0,0.0,0.0,0.0,0.0,0.0,0.0,0.0,0.03894443209925819
2026-09-30T02:21:08.928 12,0,map,-6.186319035516128,-0.46567700229318737,0.0,0.0,0.0,0.5914282709298219,0.806357613187202,0.027669610286821467,-0.011933262128632105,0.0,0.0,0.0,0.0,-0.011933262128632105,0.04984556959083933,0.0,0.0,0.0,0.0,0.0,0.0,0.0,0.0,0.0,0.0,0.0,0.0,0.0,0.0,0.0,0.0,0.0,0.0,0.0,0.0,0.0,0.0,0.0,0.0,0.0,0.0,0.0,0.03215205217322028
2026-09-30T02:21:11.986 12,900000000,map,-5.747074500517426,-0.04992094728415325,0.0,0.0,0.0,0.18267800714052118,0.9831727954470505,0.04595790084366769,0.013263769184850616,0.0,0.0,0.0,0.0,0.01326376918485056,0.07215180769546149,0.0,0.0,0.0,0.0,0.0,0.0,0.0,0.0,0.0,0.0,0.0,0.0,0.0,0.0,0.0,0.0,0.0,0.0,0.0,0.0,0.0,0.0,0.0,0.0,0.0,0.0,0.0,0.034018181586159456
2026-09-30T02:21:18.310 14,100000000,map,-4.818808003984089,0.02851603321867628,0.0,0.0,0.0,-0.02759705543069074,0.9996191287343171,0.10519944305578832,-0.0009038879026600499,0.0,0.0,0.0,0.0,-0.0009038879026600777,0.060849424392176985,0.0,0.0,0.0,0.0,0.0,0.0,0.0,0.0,0.0,0.0,0.0,0.0,0.0,0.0,0.0,0.0,0.0,0.0,0.0,0.0,0.0,0.0,0.0,0.0,0.0,0.0,0.0,0.07189856905851674
2026-09-30T02:21:22.641 15,300000000,map,-3.9180900158603396,-0.12209145283226346,0.0,0.0,0.0,-0.09978862794579768,0.9950086581194634,0.13638638426564498,-0.00017318928045867432,0.0,0.0,0.0,0.0,-0.00017318928045867432,0.05031744294988384,0.0,0.0,0.0,0.0,0.0,0.0,0.0,0.0,0.0,0.0,0.0,0.0,0.0,0.0,0.0,0.0,0.0,0.0,0.0,0.0,0.0,0.0,0.0,0.0,0.0,0.0,0.0,0.062466691957842255
2026-09-30T02:21:27.062 16,500000000,map,-3.0021974747877334,-0.22743746207451923,0.0,0.0,0.0,-0.04633106418982823,0.9989261396575014,0.17761398927298444,-0.00034458789817748414,0.0,0.0,0.0,0.0,-0.00034458789817748414,0.06837094744825292,0.0,0.0,0.0,0.0,0.0,0.0,0.0,0.0,0.0,0.0,0.0,0.0,0.0,0.0,0.0,0.0,0.0,0.0,0.0,0.0,0.0,0.0,0.0,0.0,0.0,0.0,0.0,0.09864805524545414
2026-09-30T02:21:31.338 17,700000000,map,-2.0448218142330257,-0.29089179166743856,0.0,0.0,0.0,-0.12195760090670055,0.9925353109996047,0.24638510814736758,0.014373735604931603,0.0,0.0,0.0,0.0,0.014373735604931603,0.0881459207015001,0.0,0.0,0.0,0.0,0.0,0.0,0.0,0.0,0.0,0.0,0.0,0.0,0.0,0.0,0.0,0.0,0.0,0.0,0.0,0.0,0.0,0.0,0.0,0.0,0.0,0.0,0.0,0.08119528126482875
2026-09-30T02:21:35.640 18,900000000,map,-1.0553484165768494,-0.5404395800657718,0.0,0.0,0.0,-0.16360831153450456,0.986525377472282,0.26218717711254014,0.014361601032951588,0.0,0.0,0.0,0.0,0.014361601032951699,0.0883135537241001,0.0,0.0,0.0,0.0,0.0,0.0,0.0,0.0,0.0,0.0,0.0,0.0,0.0,0.0,0.0,0.0,0.0,0.0,0.0,0.0,0.0,0.0,0.0,0.0,0.0,0.0,0.0,0.07318432762832913
2026-09-30T02:21:42.999 20,900000000,map,-0.174629058869989,-0.8024204672338391,0.0,0.0,0.0,-0.2291849761721402,0.973382888023503,0.2918030991666136,0.03507528640380547,0.0,0.0,0.0,0.0,0.03507528640380547,0.10134201811455945,0.0,0.0,0.0,0.0,0.0,0.0,0.0,0.0,0.0,0.0,0.0,0.0,0.0,0.0,0.0,0.0,0.0,0.0,0.0,0.0,0.0,0.0,0.0,0.0,0.0,0.0,0.0,0.06237575237429782
