2026-09-30T02:20:57.278 0.0,0.0,0.0,0.0,0.0,-0.2578947368421052
2026-09-30T02:20:57.327 0.0,0.0,0.0,0.0,0.0,-0.2578947368421052
2026-09-30T02:20:57.387 0.0,0.0,0.0,0.0,0.0,-0.2578947368421052
2026-09-30T02:20:57.427 0.0,0.0,0.0,0.0,0.0,-0.2578947368421052
2026-09-30T02:20:57.477 0.0,0.0,0.0,0.0,0.0,-0.2578947368421052
2026-09-30T02:20:57.527 0.0,0.0,0.0,0.0,0.0,-0.2578947368421052
2026-09-30T02:20:57.577 0.0,0.0,0.0,0.0,0.0,-0.2578947368421052
2026-09-30T02:20:57.627 0.0,0.0,0.0,0.0,0.0,-0.2578947368421052
2026-09-30T02:20:57.678 0.0,0.0,0.0,0.0,0.0,-0.2578947368421052
2026-09-30T02:20:57.727 0.0,0.0,0.0,0.0,0.0,-0.2578947368421052
2026-09-30T02:20:57.777 0.0,0.0,0.0,0.0,0.0,-0.2578947368421052
2026-09-30T02:20:57.827 0.0,0.0,0.0,0.0,0.0,-0.2578947368421052
2026-09-30T02:20:57.877 0.0,0.0,0.0,0.0,0.0,-0.2578947368421052
2026-09-30T02:20:57.927 0.0,0.0,0.0,0.0,0.0,-0.2578947368421052
2026-09-30T02:20:57.977 0.0,0.0,0.0,0.0,0.0,-0.4178947368421052
2026-09-30T02:20:58.027 0.0,0.0,0.0,0.0,0.0,-0.5778947368421052
2026-09-30T02:20:58.077 0.0,0.0,0.0,0.0,0.0,-0.7
2026-09-30T02:20:58.127 0.0,0.0,0.0,0.0,0.0,-0.7
2026-09-30T02:20:58.177 0.0,0.0,0.0,0.0,0.0,-0.7
2026-09-30T02:20:58.227 0.0,0.0,0.0,0.0,0.0,-0.7
2026-09-30T02:20:58.287 0.0,0.0,0.0,0.0,0.0,-0.7
2026-09-30T02:20:58.327 0.0,0.0,0.0,0.0,0.0,-0.7
2026-09-30T02:20:58.377 0.0,0.0,0.0,0.0,0.0,-0.7
2026-09-30T02:20:58.427 0.0,0.0,0.0,0.0,0.0,-0.7
2026-09-30T02:20:58.477 0.0,0.0,0.0,0.0,0.0,-0.7
2026-09-30T02:20:58.527 0.0,0.0,0.0,0.0,0.0,-0.7
2026-09-30T02:20:58.577 0.0,0.0,0.0,0.0,0.0,-0.7
2026-09-30T02:20:58.627 0.0,0.0,0.0,0.0,0.0,-0.7
2026-09-30T02:20:58.677 0.0,0.0,0.0,0.0,0.0,-0.7
2026-09-30T02:20:58.738 0.0,0.0,0.0,0.0,0.0,-0.7
2026-09-30T02:20:58.777 0.0,0.0,0.0,0.0,0.0,-0.7
2026-09-30T02:20:58.827 0.0,0.0,0.0,0.0,0.0,-0.7
2026-09-30T02:20:58.877 0.0,0.0,0.0,0.0,0.0,-0.7
2026-09-30T02:20:58.927 0.0,0.0,0.0,0.0,0.0,-0.7
2026-09-30T02:20:58.977 0.0,0.0,0.0,0.0,0.0,-0.7
2026-09-30T02:20:59.027 0.0,0.0,0.0,0.0,0.0,-0.7
2026-09-30T02:20:59.079 0.0,0.0,0.0,0.0,0.0,-0.7
2026-09-30T02:20:59.128 0.0,0.0,0.0,0.0,0.0,-0.7
2026-09-30T02:20:59.177 0.0,0.0,0.0,0.0,0.0,-0.7
2026-09-30T02:20:59.227 0.0,0.0,0.0,0.0,0.0,-0.7
2026-09-30T02:20:59.277 0.0,0.0,0.0,0.0,0.0,-0.7
2026-09-30T02:20:59.327 0.0,0.0,0.0,0.0,0.0,-0.7
2026-09-30T02:20:59.377 0.0,0.0,0.0,0.0,0.0,-0.7
2026-09-30T02:20:59.427 0.0,0.0,0.0,0.0,0.0,-0.7
2026-09-30T02:20:59.477 0.0,0.0,0.0,0.0,0.0,-0.7
2026-09-30T02:20:59.527 0.0,0.0,0.0,0.0,0.0,-0.7
2026-09-30T02:20:59.577 0.0,0.0,0.0,0.0,0.0,-0.7
2026-09-30T02:20:59.627 0.0,0.0,0.0,0.0,0.0,-0.7
2026-09-30T02:20:59.677 0.0,0.0,0.0,0.0,0.0,-0.7
2026-09-30T02:20:59.728 0.0,0.0,0.0,0.0,0.0,-0.7
2026-09-30T02:20:59.777 0.0,0.0,0.0,0.0,0.0,-0.7
2026-09-30T02:20:59.827 0.0,0.0,0.0,0.0,0.0,-0.7
2026-09-30T02:20:59.877 0.0,0.0,0.0,0.0,0.0,-0.7
2026-09-30T02:20:59.927 0.0,0.0,0.0,0.0,0.0,-0.7
2026-09-30T02:20:59.977 0.0,0.0,0.0,0.0,0.0,-0.7
2026-09-30T02:21:00.027 0.0,0.0,0.0,0.0,0.0,-0.7
2026-09-30T02:21:00.077 0.0,0.0,0.0,0.0,0.0,-0.7
2026-09-30T02:21:00.127 0.0,0.0,0.0,0.0,0.0,-0.6263157894736842
2026-09-30T02:21:00.177 0.0,0.0,0.0,0.0,0.0,-0.6263157894736842
2026-09-30T02:21:00.237 0.0,0.0,0.0,0.0,0.0,-0.6263157894736842
2026-09-30T02:21:00.277 0.0,0.0,0.0,0.0,0.0,-0.6263157894736842
2026-09-30T02:21:00.327 0.0,0.0,0.0,0.0,0.0,-0.6263157894736842
2026-09-30T02:21:00.377 0.0,0.0,0.0,0.0,0.0,-0.6263157894736842
2026-09-30T02:21:00.427 0.0,0.0,0.0,0.0,0.0,-0.6263157894736842
2026-09-30T02:21:00.477 0.0,0.0,0.0,0.0,0.0,-0.6263157894736842
2026-09-30T02:21:00.527 0.0,0.0,0.0,0.0,0.0,-0.6263157894736842
2026-09-30T02:21:00.578 0.0,0.0,0.0,0.0,0.0,-0.6263157894736842
2026-09-30T02:21:00.628 0.0,0.0,0.0,0.0,0.0,-0.6263157894736842
2026-09-30T02:21:00.677 0.0,0.0,0.0,0.0,0.0,-0.6263157894736842
2026-09-30T02:21:00.727 0.0,0.0,0.0,0.0,0.0,-0.6263157894736842
2026-09-30T02:21:00.777 0.0,0.0,0.0,0.0,0.0,-0.6263157894736842
2026-09-30T02:21:00.827 0.0,0.0,0.0,0.0,0.0,-0.6263157894736842
2026-09-30T02:21:00.877 0.0,0.0,0.0,0.0,0.0,-0.6263157894736842
2026-09-30T02:21:00.927 0.0,0.0,0.0,0.0,0.0,-0.6263157894736842
2026-09-30T02:21:00.977 0.0,0.0,0.0,0.0,0.0,-0.7
2026-09-30T02:21:01.028 0.0,0.0,0.0,0.0,0.0,-0.7
2026-09-30T02:21:01.077 0.0,0.0,0.0,0.0,0.0,-0.7
2026-09-30T02:21:01.127 0.0,0.0,0.0,0.0,0.0,-0.7
2026-09-30T02:21:01.177 0.0,0.0,0.0,0.0,0.0,-0.7
2026-09-30T02:21:01.227 0.0,0.0,0.0,0.0,0.0,-0.7
2026-09-30T02:21:01.277 0.0,0.0,0.0,0.0,0.0,-0.7
2026-09-30T02:21:01.327 0.0,0.0,0.0,0.0,0.0,-0.7
2026-09-30T02:21:01.378 0.0,0.0,0.0,0.0,0.0,-0.7
2026-09-30T02:21:01.427 0.0,0.0,0.0,0.0,0.0,-0.7
2026-09-30T02:21:01.477 0.0,0.0,0.0,0.0,0.0,-0.7
2026-09-30T02:21:01.527 0.0,0.0,0.0,0.0,0.0,-0.7
2026-09-30T02:21:01.577 0.0,0.0,0.0,0.0,0.0,-0.7
2026-09-30T02:21:01.627 0.0,0.0,0.0,0.0,0.0,-0.7
2026-09-30T02:21:01.688 0.0,0.0,0.0,0.0,0.0,-0.7
2026-09-30T02:21:01.727 0.0,0.0,0.0,0.0,0.0,-0.5399999999999999
2026-09-30T02:21:01.777 0.0,0.0,0.0,0.0,0.0,-0.3799999999999999
2026-09-30T02:21:01.827 0.0,0.0,0.0,0.0,0.0,-0.2199999999999999
2026-09-30T02:21:01.877 0.0,0.0,0.0,0.0,0.0,-0.05999999999999989
2026-09-30T02:21:01.927 0.0,0.0,0.0,0.0,0.0,0.10000000000000012
2026-09-30T02:21:01.977 0.0,0.0,0.0,0.0,0.0,0.2600000000000001
2026-09-30T02:21:02.027 0.0,0.0,0.0,0.0,0.0,0.10000000000000012
2026-09-30T02:21:02.077 0.0,0.0,0.0,0.0,0.0,-0.05999999999999989
2026-09-30T02:21:02.127 0.0,0.0,0.0,0.0,0.0,-0.2199999999999999
2026-09-30T02:21:02.177 0.0,0.0,0.0,0.0,0.0,-0.3799999999999999
2026-09-30T02:21:02.227 0.0,0.0,0.0,0.0,0.0,-0.5399999999999999
2026-09-30T02:21:02.277 0.0,0.0,0.0,0.0,0.0,-0.7
2026-09-30T02:21:02.327 0.0,0.0,0.0,0.0,0.0,-0.7
2026-09-30T02:21:02.377 0.0,0.0,0.0,0.0,0.0,-0.7
2026-09-30T02:21:02.427 0.0,0.0,0.0,0.0,0.0,-0.7
2026-09-30T02:21:02.477 0.0,0.0,0.0,0.0,0.0,-0.7
2026-09-30T02:21:02.527 0.0,0.0,0.0,0.0,0.0,-0.7
2026-09-30T02:21:02.577 0.0,0.0,0.0,0.0,0.0,-0.7
2026-09-30T02:21:02.627 0.0,0.0,0.0,0.0,0.0,-0.7
2026-09-30T02:21:02.677 0.0,0.0,0.0,0.0,0.0,-0.7
2026-09-30T02:21:02.727 0.0,0.0,0.0,0.0,0.0,-0.7
2026-09-30T02:21:02.777 0.0,0.0,0.0,0.0,0.0,-0.5399999999999999
2026-09-30T02:21:02.827 0.0,0.0,0.0,0.0,0.0,-0.47894736842105257
2026-09-30T02:21:02.877 0.0,0.0,0.0,0.0,0.0,-0.47894736842105257
2026-09-30T02:21:02.927 0.0,0.0,0.0,0.0,0.0,-0.47894736842105257
2026-09-30T02:21:02.977 0.0,0.0,0.0,0.0,0.0,-0.47894736842105257
2026-09-30T02:21:03.027 0.0,0.0,0.0,0.0,0.0,-0.47894736842105257
2026-09-30T02:21:03.077 0.0,0.0,0.0,0.0,0.0,-0.47894736842105257
2026-09-30T02:21:03.127 0.0,0.0,0.0,0.0,0.0,-0.47894736842105257
2026-09-30T02:21:03.177 0.0,0.0,0.0,0.0,0.0,-0.47894736842105257
2026-09-30T02:21:03.227 0.0,0.0,0.0,0.0,0.0,-0.47894736842105257
2026-09-30T02:21:03.287 0.0,0.0,0.0,0.0,0.0,-0.40526315789473677
2026-09-30T02:21:03.327 0.0,0.0,0.0,0.0,0.0,-0.40526315789473677
2026-09-30T02:21:03.377 0.0,0.0,0.0,0.0,0.0,-0.40526315789473677
2026-09-30T02:21:03.427 0.0,0.0,0.0,0.0,0.0,-0.40526315789473677
2026-09-30T02:21:03.477 0.0,0.0,0.0,0.0,0.0,-0.40526315789473677
2026-09-30T02:21:03.527 0.0,0.0,0.0,0.0,0.0,-0.40526315789473677
2026-09-30T02:21:03.577 0.0,0.0,0.0,0.0,0.0,-0.40526315789473677
2026-09-30T02:21:03.627 0.0,0.0,0.0,0.0,0.0,-0.40526315789473677
2026-09-30T02:21:03.677 0.0,0.0,0.0,0.0,0.0,-0.40526315789473677
2026-09-30T02:21:03.729 0.0,0.0,0.0,0.0,0.0,-0.40526315789473677
2026-09-30T02:21:03.777 0.0,0.0,0.0,0.0,0.0,-0.40526315789473677
2026-09-30T02:21:03.827 0.0,0.0,0.0,0.0,0.0,-0.331578947368421
2026-09-30T02:21:03.887 0.0,0.0,0.0,0.0,0.0,-0.331578947368421
2026-09-30T02:21:03.927 0.0,0.0,0.0,0.0,0.0,-0.331578947368421
2026-09-30T02:21:03.977 0.0,0.0,0.0,0.0,0.0,-0.331578947368421
2026-09-30T02:21:04.028 0.0,0.0,0.0,0.0,0.0,-0.331578947368421
2026-09-30T02:21:04.077 0.0,0.0,0.0,0.0,0.0,-0.331578947368421
2026-09-30T02:21:04.127 0.0,0.0,0.0,0.0,0.0,-0.331578947368421
2026-09-30T02:21:04.177 0.0,0.0,0.0,0.0,0.0,-0.331578947368421
2026-09-30T02:21:04.227 0.0,0.0,0.0,0.0,0.0,-0.331578947368421
2026-09-30T02:21:04.277 0.0,0.0,0.0,0.0,0.0,-0.331578947368421
2026-09-30T02:21:04.327 0.0,0.0,0.0,0.0,0.0,-0.331578947368421
2026-09-30T02:21:04.387 0.0,0.0,0.0,0.0,0.0,-0.331578947368421
2026-09-30T02:21:04.427 0.0,0.0,0.0,0.0,0.0,-0.491578947368421
2026-09-30T02:21:04.477 0.0,0.0,0.0,0.0,0.0,-0.651578947368421
2026-09-30T02:21:04.527 0.0,0.0,0.0,0.0,0.0,-0.7
2026-09-30T02:21:04.577 0.0,0.0,0.0,0.0,0.0,-0.7
2026-09-30T02:21:04.627 0.0,0.0,0.0,0.0,0.0,-0.7
2026-09-30T02:21:04.677 0.0,0.0,0.0,0.0,0.0,-0.7
2026-09-30T02:21:04.727 0.0,0.0,0.0,0.0,0.0,-0.7
2026-09-30T02:21:04.787 0.0,0.0,0.0,0.0,0.0,-0.7
2026-09-30T02:21:04.827 0.125,0.0,0.0,0.0,0.0,-0.7
2026-09-30T02:21:04.877 0.25,0.0,0.0,0.0,0.0,-0.7
2026-09-30T02:21:04.927 0.375,0.0,0.0,0.0,0.0,-0.7
2026-09-30T02:21:04.977 0.5,0.0,0.0,0.0,0.0,-0.7
2026-09-30T02:21:05.027 0.625,0.0,0.0,0.0,0.0,-0.7
2026-09-30T02:21:05.077 0.7157894736842108,0.0,0.0,0.0,0.0,-0.7
2026-09-30T02:21:05.127 0.7157894736842108,0.0,0.0,0.0,0.0,-0.7
2026-09-30T02:21:05.177 0.7578947368421055,0.0,0.0,0.0,0.0,-0.7
2026-09-30T02:21:05.227 0.7578947368421055,0.0,0.0,0.0,0.0,-0.7
2026-09-30T02:21:05.277 0.7578947368421055,0.0,0.0,0.0,0.0,-0.7
2026-09-30T02:21:05.327 0.7578947368421055,0.0,0.0,0.0,0.0,-0.7
2026-09-30T02:21:05.377 0.7578947368421055,0.0,0.0,0.0,0.0,-0.7
2026-09-30T02:21:05.427 0.7578947368421055,0.0,0.0,0.0,0.0,-0.7
2026-09-30T02:21:05.477 0.7578947368421055,0.0,0.0,0.0,0.0,-0.7
2026-09-30T02:21:05.527 0.7578947368421055,0.0,0.0,0.0,0.0,-0.7
2026-09-30T02:21:05.577 0.7578947368421055,0.0,0.0,0.0,0.0,-0.7
2026-09-30T02:21:05.627 0.7578947368421055,0.0,0.0,0.0,0.0,-0.7
2026-09-30T02:21:05.677 0.7578947368421055,0.0,0.0,0.0,0.0,-0.7
2026-09-30T02:21:05.727 0.7578947368421055,0.0,0.0,0.0,0.0,-0.7
2026-09-30T02:21:05.777 0.7578947368421055,0.0,0.0,0.0,0.0,-0.7
2026-09-30T02:21:05.827 0.7157894736842108,0.0,0.0,0.0,0.0,-0.6263157894736842
2026-09-30T02:21:05.877 0.7157894736842108,0.0,0.0,0.0,0.0,-0.6263157894736842
2026-09-30T02:21:05.927 0.6315789473684212,0.0,0.0,0.0,0.0,-0.7
2026-09-30T02:21:05.977 0.6315789473684212,0.0,0.0,0.0,0.0,-0.7
2026-09-30T02:21:06.037 0.673684210526316,0.0,0.0,0.0,0.0,-0.7
2026-09-30T02:21:06.077 0.6315789473684212,0.0,0.0,0.0,0.0,-0.7
2026-09-30T02:21:06.127 0.6315789473684212,0.0,0.0,0.0,0.0,-0.7
2026-09-30T02:21:06.177 0.6315789473684212,0.0,0.0,0.0,0.0,-0.7
2026-09-30T02:21:06.227 0.6315789473684212,0.0,0.0,0.0,0.0,-0.7
2026-09-30T02:21:06.277 0.673684210526316,0.0,0.0,0.0,0.0,-0.7
2026-09-30T02:21:06.327 0.673684210526316,0.0,0.0,0.0,0.0,-0.7
2026-09-30T02:21:06.378 0.673684210526316,0.0,0.0,0.0,0.0,-0.7
2026-09-30T02:21:06.427 0.673684210526316,0.0,0.0,0.0,0.0,-0.7
2026-09-30T02:21:06.477 0.673684210526316,0.0,0.0,0.0,0.0,-0.7
2026-09-30T02:21:06.527 0.673684210526316,0.0,0.0,0.0,0.0,-0.7
2026-09-30T02:21:06.577 0.673684210526316,0.0,0.0,0.0,0.0,-0.7
2026-09-30T02:21:06.627 0.6315789473684212,0.0,0.0,0.0,0.0,-0.7
2026-09-30T02:21:06.677 0.6315789473684212,0.0,0.0,0.0,0.0,-0.7
2026-09-30T02:21:06.727 0.673684210526316,0.0,0.0,0.0,0.0,-0.7
2026-09-30T02:21:06.777 0.673684210526316,0.0,0.0,0.0,0.0,-0.7
2026-09-30T02:21:06.827 0.673684210526316,0.0,0.0,0.0,0.0,-0.7
2026-09-30T02:21:06.878 0.673684210526316,0.0,0.0,0.0,0.0,-0.7
2026-09-30T02:21:06.937 0.5894736842105265,0.0,0.0,0.0,0.0,-0.7
2026-09-30T02:21:06.977 0.6315789473684212,0.0,0.0,0.0,0.0,-0.7
2026-09-30T02:21:07.027 0.6315789473684212,0.0,0.0,0.0,0.0,-0.7
2026-09-30T02:21:07.077 0.5473684210526317,0.0,0.0,0.0,0.0,-0.7
2026-09-30T02:21:07.127 0.5473684210526317,0.0,0.0,0.0,0.0,-0.7
2026-09-30T02:21:07.177 0.5894736842105265,0.0,0.0,0.0,0.0,-0.7
2026-09-30T02:21:07.237 0.5894736842105265,0.0,0.0,0.0,0.0,-0.7
2026-09-30T02:21:07.277 0.5894736842105265,0.0,0.0,0.0,0.0,-0.7
2026-09-30T02:21:07.327 0.5894736842105265,0.0,0.0,0.0,0.0,-0.7
2026-09-30T02:21:07.378 0.5894736842105265,0.0,0.0,0.0,0.0,-0.7
2026-09-30T02:21:07.427 0.5894736842105265,0.0,0.0,0.0,0.0,-0.7
2026-09-30T02:21:07.477 0.5894736842105265,0.0,0.0,0.0,0.0,-0.7
2026-09-30T02:21:07.527 0.5894736842105265,0.0,0.0,0.0,0.0,-0.7
2026-09-30T02:21:07.578 0.5894736842105265,0.0,0.0,0.0,0.0,-0.7
2026-09-30T02:21:07.627 0.5894736842105265,0.0,0.0,0.0,0.0,-0.7
2026-09-30T02:21:07.677 0.5894736842105265,0.0,0.0,0.0,0.0,-0.7
2026-09-30T02:21:07.727 0.5894736842105265,0.0,0.0,0.0,0.0,-0.7
2026-09-30T02:21:07.777 0.5894736842105265,0.0,0.0,0.0,0.0,-0.7
2026-09-30T02:21:07.827 0.5894736842105265,0.0,0.0,0.0,0.0,-0.7
2026-09-30T02:21:07.877 0.6315789473684212,0.0,0.0,0.0,0.0,-0.7
2026-09-30T02:21:07.927 0.6315789473684212,0.0,0.0,0.0,0.0,-0.7
2026-09-30T02:21:07.977 0.673684210526316,0.0,0.0,0.0,0.0,-0.7
2026-09-30T02:21:08.027 0.673684210526316,0.0,0.0,0.0,0.0,-0.7
2026-09-30T02:21:08.077 0.5894736842105265,0.0,0.0,0.0,0.0,-0.7
2026-09-30T02:21:08.127 0.5894736842105265,0.0,0.0,0.0,0.0,-0.7
2026-09-30T02:21:08.177 0.6315789473684212,0.0,0.0,0.0,0.0,-0.7
2026-09-30T02:21:08.227 0.6315789473684212,0.0,0.0,0.0,0.0,-0.7
2026-09-30T02:21:08.277 0.6315789473684212,0.0,0.0,0.0,0.0,-0.7
2026-09-30T02:21:08.328 0.6315789473684212,0.0,0.0,0.0,0.0,-0.7
2026-09-30T02:21:08.378 0.6315789473684212,0.0,0.0,0.0,0.0,-0.7
2026-09-30T02:21:08.427 0.6315789473684212,0.0,0.0,0.0,0.0,-0.7
2026-09-30T02:21:08.477 0.6315789473684212,0.0,0.0,0.0,0.0,-0.7
2026-09-30T02:21:08.537 0.6315789473684212,0.0,0.0,0.0,0.0,-0.7
2026-09-30T02:21:08.577 0.6315789473684212,0.0,0.0,0.0,0.0,-0.7
2026-09-30T02:21:08.627 0.6315789473684212,0.0,0.0,0.0,0.0,-0.7
2026-09-30T02:21:08.677 0.6315789473684212,0.0,0.0,0.0,0.0,-0.7
2026-09-30T02:21:08.727 0.673684210526316,0.0,0.0,0.0,0.0,-0.7
2026-09-30T02:21:08.777 0.673684210526316,0.0,0.0,0.0,0.0,-0.7
2026-09-30T02:21:08.837 0.673684210526316,0.0,0.0,0.0,0.0,-0.7
2026-09-30T02:21:08.877 0.673684210526316,0.0,0.0,0.0,0.0,-0.7
2026-09-30T02:21:08.927 0.673684210526316,0.0,0.0,0.0,0.0,-0.7
2026-09-30T02:21:08.977 0.6315789473684212,0.0,0.0,0.0,0.0,-0.7
2026-09-30T02:21:09.028 0.6315789473684212,0.0,0.0,0.0,0.0,-0.7
2026-09-30T02:21:09.077 0.6315789473684212,0.0,0.0,0.0,0.0,-0.7
2026-09-30T02:21:09.127 0.6315789473684212,0.0,0.0,0.0,0.0,-0.7
2026-09-30T02:21:09.177 0.6315789473684212,0.0,0.0,0.0,0.0,-0.7
2026-09-30T02:21:09.227 0.673684210526316,0.0,0.0,0.0,0.0,-0.7
2026-09-30T02:21:09.288 0.673684210526316,0.0,0.0,0.0,0.0,-0.7
2026-09-30T02:21:09.327 0.673684210526316,0.0,0.0,0.0,0.0,-0.7
2026-09-30T02:21:09.377 0.673684210526316,0.0,0.0,0.0,0.0,-0.7
2026-09-30T02:21:09.427 0.798684210526316,0.0,0.0,0.0,0.0,-0.7
2026-09-30T02:21:09.477 0.7157894736842108,0.0,0.0,0.0,0.0,-0.7
2026-09-30T02:21:09.527 0.7157894736842108,0.0,0.0,0.0,0.0,-0.7
2026-09-30T02:21:09.577 0.8,0.0,0.0,0.0,0.0,-0.7
2026-09-30T02:21:09.627 0.8,0.0,0.0,0.0,0.0,-0.7
2026-09-30T02:21:09.677 0.8,0.0,0.0,0.0,0.0,-0.7
2026-09-30T02:21:09.727 0.8,0.0,0.0,0.0,0.0,-0.7
2026-09-30T02:21:09.777 0.8,0.0,0.0,0.0,0.0,-0.7
2026-09-30T02:21:09.827 0.8,0.0,0.0,0.0,0.0,-0.7
2026-09-30T02:21:09.877 0.8,0.0,0.0,0.0,0.0,-0.7
2026-09-30T02:21:09.927 0.8,0.0,0.0,0.0,0.0,-0.7
2026-09-30T02:21:09.977 0.8,0.0,0.0,0.0,0.0,-0.7
2026-09-30T02:21:10.027 0.8,0.0,0.0,0.0,0.0,-0.7
2026-09-30T02:21:10.077 0.8,0.0,0.0,0.0,0.0,-0.7
2026-09-30T02:21:10.127 0.8,0.0,0.0,0.0,0.0,-0.6263157894736842
2026-09-30T02:21:10.177 0.8,0.0,0.0,0.0,0.0,-0.6263157894736842
2026-09-30T02:21:10.227 0.8,0.0,0.0,0.0,0.0,-0.6263157894736842
2026-09-30T02:21:10.277 0.8,0.0,0.0,0.0,0.0,-0.6263157894736842
2026-09-30T02:21:10.327 0.8,0.0,0.0,0.0,0.0,-0.6263157894736842
2026-09-30T02:21:10.377 0.8,0.0,0.0,0.0,0.0,-0.6263157894736842
2026-09-30T02:21:10.427 0.8,0.0,0.0,0.0,0.0,-0.6263157894736842
2026-09-30T02:21:10.477 0.8,0.0,0.0,0.0,0.0,-0.6263157894736842
2026-09-30T02:21:10.527 0.8,0.0,0.0,0.0,0.0,-0.5526315789473684
2026-09-30T02:21:10.577 0.8,0.0,0.0,0.0,0.0,-0.5526315789473684
2026-09-30T02:21:10.627 0.8,0.0,0.0,0.0,0.0,-0.5526315789473684
2026-09-30T02:21:10.677 0.8,0.0,0.0,0.0,0.0,-0.5526315789473684
2026-09-30T02:21:10.728 0.8,0.0,0.0,0.0,0.0,-0.5526315789473684
2026-09-30T02:21:10.777 0.8,0.0,0.0,0.0,0.0,-0.5526315789473684
2026-09-30T02:21:10.827 0.8,0.0,0.0,0.0,0.0,-0.5526315789473684
2026-09-30T02:21:10.877 0.8,0.0,0.0,0.0,0.0,-0.5526315789473684
2026-09-30T02:21:10.927 0.8,0.0,0.0,0.0,0.0,-0.5526315789473684
2026-09-30T02:21:10.977 0.8,0.0,0.0,0.0,0.0,-0.47894736842105257
2026-09-30T02:21:11.027 0.8,0.0,0.0,0.0,0.0,-0.47894736842105257
2026-09-30T02:21:11.077 0.8,0.0,0.0,0.0,0.0,-0.47894736842105257
2026-09-30T02:21:11.127 0.8,0.0,0.0,0.0,0.0,-0.47894736842105257
2026-09-30T02:21:11.177 0.8,0.0,0.0,0.0,0.0,-0.47894736842105257
2026-09-30T02:21:11.227 0.8,0.0,0.0,0.0,0.0,-0.47894736842105257
2026-09-30T02:21:11.278 0.8,0.0,0.0,0.0,0.0,-0.47894736842105257
2026-09-30T02:21:11.328 0.8,0.0,0.0,0.0,0.0,-0.40526315789473677
2026-09-30T02:21:11.377 0.8,0.0,0.0,0.0,0.0,-0.40526315789473677
2026-09-30T02:21:11.427 0.8,0.0,0.0,0.0,0.0,-0.40526315789473677
2026-09-30T02:21:11.477 0.8,0.0,0.0,0.0,0.0,-0.40526315789473677
2026-09-30T02:21:11.527 0.8,0.0,0.0,0.0,0.0,-0.40526315789473677
2026-09-30T02:21:11.578 0.8,0.0,0.0,0.0,0.0,-0.40526315789473677
2026-09-30T02:21:11.627 0.8,0.0,0.0,0.0,0.0,-0.40526315789473677
2026-09-30T02:21:11.678 0.8,0.0,0.0,0.0,0.0,-0.40526315789473677
2026-09-30T02:21:11.727 0.8,0.0,0.0,0.0,0.0,-0.40526315789473677
2026-09-30T02:21:11.787 0.8,0.0,0.0,0.0,0.0,-0.331578947368421
2026-09-30T02:21:11.827 0.8,0.0,0.0,0.0,0.0,-0.40526315789473677
2026-09-30T02:21:11.879 0.8,0.0,0.0,0.0,0.0,-0.40526315789473677
2026-09-30T02:21:11.927 0.8,0.0,0.0,0.0,0.0,-0.331578947368421
2026-09-30T02:21:11.977 0.8,0.0,0.0,0.0,0.0,-0.331578947368421
2026-09-30T02:21:12.027 0.8,0.0,0.0,0.0,0.0,-0.2578947368421052
2026-09-30T02:21:12.077 0.8,0.0,0.0,0.0,0.0,-0.18421052631578938
2026-09-30T02:21:12.127 0.8,0.0,0.0,0.0,0.0,-0.18421052631578938
2026-09-30T02:21:12.177 0.8,0.0,0.0,0.0,0.0,-0.18421052631578938
2026-09-30T02:21:12.227 0.8,0.0,0.0,0.0,0.0,-0.18421052631578938
2026-09-30T02:21:12.277 0.8,0.0,0.0,0.0,0.0,-0.18421052631578938
2026-09-30T02:21:12.327 0.8,0.0,0.0,0.0,0.0,-0.18421052631578938
2026-09-30T02:21:12.377 0.8,0.0,0.0,0.0,0.0,-0.18421052631578938
2026-09-30T02:21:12.429 0.8,0.0,0.0,0.0,0.0,-0.18421052631578938
2026-09-30T02:21:12.478 0.8,0.0,0.0,0.0,0.0,-0.18421052631578938
2026-09-30T02:21:12.527 0.8,0.0,0.0,0.0,0.0,-0.18421052631578938
2026-09-30T02:21:12.577 0.8,0.0,0.0,0.0,0.0,-0.18421052631578938
2026-09-30T02:21:12.628 0.8,0.0,0.0,0.0,0.0,-0.18421052631578938
2026-09-30T02:21:12.677 0.8,0.0,0.0,0.0,0.0,-0.18421052631578938
2026-09-30T02:21:12.727 0.8,0.0,0.0,0.0,0.0,-0.18421052631578938
2026-09-30T02:21:12.777 0.8,0.0,0.0,0.0,0.0,-0.18421052631578938
2026-09-30T02:21:12.827 0.8,0.0,0.0,0.0,0.0,-0.1105263157894736
2026-09-30T02:21:12.877 0.8,0.0,0.0,0.0,0.0,-0.1105263157894736
2026-09-30T02:21:12.927 0.8,0.0,0.0,0.0,0.0,-0.1105263157894736
2026-09-30T02:21:12.977 0.8,0.0,0.0,0.0,0.0,-0.1105263157894736
2026-09-30T02:21:13.027 0.8,0.0,0.0,0.0,0.0,-0.1105263157894736
2026-09-30T02:21:13.077 0.8,0.0,0.0,0.0,0.0,0.0
2026-09-30T02:21:13.127 0.8,0.0,0.0,0.0,0.0,0.03684210526315797
2026-09-30T02:21:13.177 0.8,0.0,0.0,0.0,0.0,0.03684210526315797
2026-09-30T02:21:13.227 0.8,0.0,0.0,0.0,0.0,-0.036842105263157815
2026-09-30T02:21:13.277 0.8,0.0,0.0,0.0,0.0,0.0
2026-09-30T02:21:13.327 0.8,0.0,0.0,0.0,0.0,0.0
2026-09-30T02:21:13.377 0.8,0.0,0.0,0.0,0.0,0.0
2026-09-30T02:21:13.428 0.8,0.0,0.0,0.0,0.0,-0.036842105263157815
2026-09-30T02:21:13.477 0.8,0.0,0.0,0.0,0.0,-0.036842105263157815
2026-09-30T02:21:13.527 0.8,0.0,0.0,0.0,0.0,-0.036842105263157815
2026-09-30T02:21:13.577 0.8,0.0,0.0,0.0,0.0,-0.036842105263157815
2026-09-30T02:21:13.627 0.8,0.0,0.0,0.0,0.0,0.0
2026-09-30T02:21:13.677 0.8,0.0,0.0,0.0,0.0,0.0
2026-09-30T02:21:13.727 0.8,0.0,0.0,0.0,0.0,0.0
2026-09-30T02:21:13.778 0.8,0.0,0.0,0.0,0.0,0.0
2026-09-30T02:21:13.837 0.8,0.0,0.0,0.0,0.0,-0.036842105263157815
2026-09-30T02:21:13.878 0.8,0.0,0.0,0.0,0.0,0.0
2026-09-30T02:21:13.938 0.8,0.0,0.0,0.0,0.0,0.0
2026-09-30T02:21:13.978 0.8,0.0,0.0,0.0,0.0,0.0
2026-09-30T02:21:14.027 0.8,0.0,0.0,0.0,0.0,-0.1105263157894736
2026-09-30T02:21:14.077 0.8,0.0,0.0,0.0,0.0,-0.1105263157894736
2026-09-30T02:21:14.138 0.8,0.0,0.0,0.0,0.0,-0.1105263157894736
2026-09-30T02:21:14.177 0.8,0.0,0.0,0.0,0.0,-0.1105263157894736
2026-09-30T02:21:15.085 0.8,0.0,0.0,0.0,0.0,-0.1105263157894736
2026-09-30T02:21:15.136 0.8,0.0,0.0,0.0,0.0,-0.1105263157894736
2026-09-30T02:21:16.409 0.8,0.0,0.0,0.0,0.0,-0.1105263157894736
2026-09-30T02:21:16.459 0.8,0.0,0.0,0.0,0.0,-0.1105263157894736
2026-09-30T02:21:16.509 0.8,0.0,0.0,0.0,0.0,-0.1105263157894736
2026-09-30T02:21:16.559 0.8,0.0,0.0,0.0,0.0,-0.1105263157894736
2026-09-30T02:21:16.609 0.8,0.0,0.0,0.0,0.0,-0.1105263157894736
2026-09-30T02:21:16.659 0.8,0.0,0.0,0.0,0.0,-0.1105263157894736
2026-09-30T02:21:16.709 0.8,0.0,0.0,0.0,0.0,-0.1105263157894736
2026-09-30T02:21:16.759 0.8,0.0,0.0,0.0,0.0,-0.1105263157894736
2026-09-30T02:21:16.809 0.8,0.0,0.0,0.0,0.0,-0.1105263157894736
2026-09-30T02:21:16.859 0.8,0.0,0.0,0.0,0.0,-0.1105263157894736
2026-09-30T02:21:16.909 0.8,0.0,0.0,0.0,0.0,-0.1105263157894736
2026-09-30T02:21:16.959 0.8,0.0,0.0,0.0,0.0,-0.1105263157894736
2026-09-30T02:21:17.009 0.8,0.0,0.0,0.0,0.0,-0.1105263157894736
2026-09-30T02:21:17.059 0.8,0.0,0.0,0.0,0.0,-0.1105263157894736
2026-09-30T02:21:17.109 0.8,0.0,0.0,0.0,0.0,-0.1105263157894736
2026-09-30T02:21:17.159 0.8,0.0,0.0,0.0,0.0,-0.1105263157894736
2026-09-30T02:21:17.209 0.8,0.0,0.0,0.0,0.0,-0.1105263157894736
2026-09-30T02:21:17.259 0.8,0.0,0.0,0.0,0.0,-0.1105263157894736
2026-09-30T02:21:17.309 0.8,0.0,0.0,0.0,0.0,-0.1105263157894736
2026-09-30T02:21:17.359 0.8,0.0,0.0,0.0,0.0,-0.1105263157894736
2026-09-30T02:21:17.409 0.8,0.0,0.0,0.0,0.0,-0.18421052631578938
2026-09-30T02:21:17.459 0.8,0.0,0.0,0.0,0.0,-0.1105263157894736
2026-09-30T02:21:17.509 0.8,0.0,0.0,0.0,0.0,-0.1105263157894736
2026-09-30T02:21:17.560 0.8,0.0,0.0,0.0,0.0,-0.1105263157894736
2026-09-30T02:21:17.619 0.8,0.0,0.0,0.0,0.0,-0.1105263157894736
2026-09-30T02:21:17.659 0.8,0.0,0.0,0.0,0.0,-0.1105263157894736
2026-09-30T02:21:17.709 0.8,0.0,0.0,0.0,0.0,-0.1105263157894736
2026-09-30T02:21:17.759 0.8,0.0,0.0,0.0,0.0,-0.1105263157894736
2026-09-30T02:21:17.809 0.8,0.0,0.0,0.0,0.0,-0.1105263157894736
2026-09-30T02:21:17.859 0.8,0.0,0.0,0.0,0.0,-0.1105263157894736
2026-09-30T02:21:17.909 0.8,0.0,0.0,0.0,0.0,-0.1105263157894736
2026-09-30T02:21:17.959 0.8,0.0,0.0,0.0,0.0,-0.1105263157894736
2026-09-30T02:21:18.009 0.8,0.0,0.0,0.0,0.0,-0.1105263157894736
2026-09-30T02:21:18.059 0.8,0.0,0.0,0.0,0.0,-0.1105263157894736
2026-09-30T02:21:18.109 0.8,0.0,0.0,0.0,0.0,-0.1105263157894736
2026-09-30T02:21:18.159 0.8,0.0,0.0,0.0,0.0,-0.1105263157894736
2026-09-30T02:21:18.209 0.8,0.0,0.0,0.0,0.0,-0.1105263157894736
2026-09-30T02:21:18.259 0.8,0.0,0.0,0.0,0.0,-0.1105263157894736
2026-09-30T02:21:18.309 0.8,0.0,0.0,0.0,0.0,-0.1105263157894736
2026-09-30T02:21:18.359 0.8,0.0,0.0,0.0,0.0,0.0
2026-09-30T02:21:18.409 0.8,0.0,0.0,0.0,0.0,0.0
2026-09-30T02:21:18.459 0.8,0.0,0.0,0.0,0.0,0.0
2026-09-30T02:21:18.510 0.8,0.0,0.0,0.0,0.0,0.0
2026-09-30T02:21:18.559 0.8,0.0,0.0,0.0,0.0,0.0
2026-09-30T02:21:18.609 0.8,0.0,0.0,0.0,0.0,0.0
2026-09-30T02:21:18.659 0.8,0.0,0.0,0.0,0.0,0.0
2026-09-30T02:21:18.709 0.8,0.0,0.0,0.0,0.0,0.0
2026-09-30T02:21:18.759 0.8,0.0,0.0,0.0,0.0,0.0
2026-09-30T02:21:18.809 0.8,0.0,0.0,0.0,0.0,0.0
2026-09-30T02:21:18.859 0.8,0.0,0.0,0.0,0.0,0.0
2026-09-30T02:21:18.919 0.8,0.0,0.0,0.0,0.0,0.0
2026-09-30T02:21:18.959 0.8,0.0,0.0,0.0,0.0,0.03684210526315797
2026-09-30T02:21:19.009 0.8,0.0,0.0,0.0,0.0,0.03684210526315797
2026-09-30T02:21:19.059 0.8,0.0,0.0,0.0,0.0,0.03684210526315797
2026-09-30T02:21:19.109 0.8,0.0,0.0,0.0,0.0,0.03684210526315797
2026-09-30T02:21:19.159 0.8,0.0,0.0,0.0,0.0,0.03684210526315797
2026-09-30T02:21:19.209 0.8,0.0,0.0,0.0,0.0,0.03684210526315797
2026-09-30T02:21:19.259 0.8,0.0,0.0,0.0,0.0,0.03684210526315797
2026-09-30T02:21:19.309 0.8,0.0,0.0,0.0,0.0,0.03684210526315797
2026-09-30T02:21:19.359 0.8,0.0,0.0,0.0,0.0,0.0
2026-09-30T02:21:19.409 0.8,0.0,0.0,0.0,0.0,0.0
2026-09-30T02:21:19.459 0.8,0.0,0.0,0.0,0.0,0.0
2026-09-30T02:21:19.509 0.8,0.0,0.0,0.0,0.0,0.03684210526315797
2026-09-30T02:21:19.559 0.8,0.0,0.0,0.0,0.0,0.03684210526315797
2026-09-30T02:21:19.609 0.8,0.0,0.0,0.0,0.0,0.11052631578947375
2026-09-30T02:21:19.659 0.8,0.0,0.0,0.0,0.0,0.11052631578947375
2026-09-30T02:21:19.709 0.8,0.0,0.0,0.0,0.0,0.11052631578947375
2026-09-30T02:21:19.759 0.8,0.0,0.0,0.0,0.0,0.11052631578947375
2026-09-30T02:21:19.809 0.8,0.0,0.0,0.0,0.0,0.11052631578947375
2026-09-30T02:21:19.859 0.8,0.0,0.0,0.0,0.0,0.11052631578947375
2026-09-30T02:21:19.909 0.8,0.0,0.0,0.0,0.0,0.11052631578947375
2026-09-30T02:21:19.959 0.8,0.0,0.0,0.0,0.0,0.11052631578947375
2026-09-30T02:21:20.009 0.8,0.0,0.0,0.0,0.0,0.11052631578947375
2026-09-30T02:21:20.059 0.8,0.0,0.0,0.0,0.0,0.03684210526315797
2026-09-30T02:21:20.109 0.8,0.0,0.0,0.0,0.0,0.03684210526315797
2026-09-30T02:21:20.159 0.8,0.0,0.0,0.0,0.0,0.03684210526315797
2026-09-30T02:21:20.209 0.8,0.0,0.0,0.0,0.0,0.03684210526315797
2026-09-30T02:21:20.259 0.8,0.0,0.0,0.0,0.0,0.03684210526315797
2026-09-30T02:21:20.309 0.8,0.0,0.0,0.0,0.0,0.03684210526315797
2026-09-30T02:21:20.359 0.8,0.0,0.0,0.0,0.0,0.03684210526315797
2026-09-30T02:21:20.409 0.8,0.0,0.0,0.0,0.0,0.03684210526315797
2026-09-30T02:21:20.459 0.8,0.0,0.0,0.0,0.0,0.03684210526315797
2026-09-30T02:21:20.509 0.8,0.0,0.0,0.0,0.0,0.03684210526315797
2026-09-30T02:21:20.559 0.8,0.0,0.0,0.0,0.0,0.03684210526315797
2026-09-30T02:21:20.609 0.8,0.0,0.0,0.0,0.0,0.03684210526315797
2026-09-30T02:21:20.669 0.8,0.0,0.0,0.0,0.0,0.03684210526315797
2026-09-30T02:21:20.709 0.8,0.0,0.0,0.0,0.0,0.03684210526315797
2026-09-30T02:21:20.759 0.8,0.0,0.0,0.0,0.0,0.03684210526315797
2026-09-30T02:21:20.809 0.8,0.0,0.0,0.0,0.0,0.03684210526315797
2026-09-30T02:21:20.859 0.8,0.0,0.0,0.0,0.0,0.03684210526315797
2026-09-30T02:21:20.909 0.8,0.0,0.0,0.0,0.0,0.03684210526315797
2026-09-30T02:21:20.960 0.8,0.0,0.0,0.0,0.0,0.03684210526315797
2026-09-30T02:21:21.009 0.8,0.0,0.0,0.0,0.0,0.03684210526315797
2026-09-30T02:21:21.059 0.8,0.0,0.0,0.0,0.0,0.03684210526315797
2026-09-30T02:21:21.109 0.8,0.0,0.0,0.0,0.0,0.03684210526315797
2026-09-30T02:21:21.159 0.8,0.0,0.0,0.0,0.0,0.03684210526315797
2026-09-30T02:21:21.209 0.8,0.0,0.0,0.0,0.0,0.0
2026-09-30T02:21:21.259 0.8,0.0,0.0,0.0,0.0,0.0
2026-09-30T02:21:21.309 0.8,0.0,0.0,0.0,0.0,0.0
2026-09-30T02:21:21.359 0.8,0.0,0.0,0.0,0.0,0.0
2026-09-30T02:21:21.409 0.8,0.0,0.0,0.0,0.0,0.0
2026-09-30T02:21:21.459 0.8,0.0,0.0,0.0,0.0,0.0
2026-09-30T02:21:21.509 0.8,0.0,0.0,0.0,0.0,0.0
2026-09-30T02:21:21.559 0.8,0.0,0.0,0.0,0.0,0.03684210526315797
2026-09-30T02:21:21.609 0.8,0.0,0.0,0.0,0.0,0.03684210526315797
2026-09-30T02:21:21.659 0.8,0.0,0.0,0.0,0.0,0.03684210526315797
2026-09-30T02:21:21.709 0.8,0.0,0.0,0.0,0.0,0.03684210526315797
2026-09-30T02:21:21.759 0.8,0.0,0.0,0.0,0.0,0.03684210526315797
2026-09-30T02:21:21.809 0.8,0.0,0.0,0.0,0.0,0.03684210526315797
2026-09-30T02:21:21.859 0.8,0.0,0.0,0.0,0.0,0.03684210526315797
2026-09-30T02:21:21.909 0.8,0.0,0.0,0.0,0.0,0.03684210526315797
2026-09-30T02:21:21.959 0.8,0.0,0.0,0.0,0.0,0.03684210526315797
2026-09-30T02:21:22.009 0.8,0.0,0.0,0.0,0.0,0.03684210526315797
2026-09-30T02:21:22.059 0.8,0.0,0.0,0.0,0.0,0.03684210526315797
2026-09-30T02:21:22.109 0.8,0.0,0.0,0.0,0.0,0.03684210526315797
2026-09-30T02:21:22.159 0.8,0.0,0.0,0.0,0.0,0.03684210526315797
2026-09-30T02:21:22.219 0.8,0.0,0.0,0.0,0.0,0.03684210526315797
2026-09-30T02:21:22.259 0.8,0.0,0.0,0.0,0.0,0.03684210526315797
2026-09-30T02:21:22.309 0.8,0.0,0.0,0.0,0.0,0.03684210526315797
2026-09-30T02:21:22.359 0.8,0.0,0.0,0.0,0.0,0.03684210526315797
2026-09-30T02:21:22.409 0.8,0.0,0.0,0.0,0.0,0.03684210526315797
2026-09-30T02:21:22.459 0.8,0.0,0.0,0.0,0.0,0.03684210526315797
2026-09-30T02:21:22.509 0.8,0.0,0.0,0.0,0.0,0.03684210526315797
2026-09-30T02:21:22.559 0.8,0.0,0.0,0.0,0.0,0.03684210526315797
2026-09-30T02:21:22.609 0.8,0.0,0.0,0.0,0.0,-0.036842105263157815
2026-09-30T02:21:22.660 0.8,0.0,0.0,0.0,0.0,-0.036842105263157815
2026-09-30T02:21:22.709 0.8,0.0,0.0,0.0,0.0,0.11052631578947375
2026-09-30T02:21:22.759 0.8,0.0,0.0,0.0,0.0,0.11052631578947375
2026-09-30T02:21:22.819 0.8,0.0,0.0,0.0,0.0,0.11052631578947375
2026-09-30T02:21:22.859 0.8,0.0,0.0,0.0,0.0,0.11052631578947375
2026-09-30T02:21:22.909 0.8,0.0,0.0,0.0,0.0,0.11052631578947375
2026-09-30T02:21:22.959 0.8,0.0,0.0,0.0,0.0,0.11052631578947375
2026-09-30T02:21:23.009 0.8,0.0,0.0,0.0,0.0,0.11052631578947375
2026-09-30T02:21:23.059 0.8,0.0,0.0,0.0,0.0,0.11052631578947375
2026-09-30T02:21:23.109 0.8,0.0,0.0,0.0,0.0,0.11052631578947375
2026-09-30T02:21:23.159 0.8,0.0,0.0,0.0,0.0,0.11052631578947375
2026-09-30T02:21:23.209 0.8,0.0,0.0,0.0,0.0,0.11052631578947375
2026-09-30T02:21:23.259 0.8,0.0,0.0,0.0,0.0,0.11052631578947375
2026-09-30T02:21:23.309 0.8,0.0,0.0,0.0,0.0,0.11052631578947375
2026-09-30T02:21:23.359 0.8,0.0,0.0,0.0,0.0,0.11052631578947375
2026-09-30T02:21:23.409 0.8,0.0,0.0,0.0,0.0,0.11052631578947375
2026-09-30T02:21:23.459 0.8,0.0,0.0,0.0,0.0,0.11052631578947375
2026-09-30T02:21:23.509 0.8,0.0,0.0,0.0,0.0,0.11052631578947375
2026-09-30T02:21:23.559 0.8,0.0,0.0,0.0,0.0,0.11052631578947375
2026-09-30T02:21:23.609 0.8,0.0,0.0,0.0,0.0,0.11052631578947375
2026-09-30T02:21:23.659 0.8,0.0,0.0,0.0,0.0,0.11052631578947375
2026-09-30T02:21:23.709 0.8,0.0,0.0,0.0,0.0,0.11052631578947375
2026-09-30T02:21:23.759 0.8,0.0,0.0,0.0,0.0,0.11052631578947375
2026-09-30T02:21:23.809 0.8,0.0,0.0,0.0,0.0,0.11052631578947375
2026-09-30T02:21:23.859 0.8,0.0,0.0,0.0,0.0,0.03684210526315797
2026-09-30T02:21:23.909 0.8,0.0,0.0,0.0,0.0,0.03684210526315797
2026-09-30T02:21:23.959 0.8,0.0,0.0,0.0,0.0,0.03684210526315797
2026-09-30T02:21:24.009 0.8,0.0,0.0,0.0,0.0,0.03684210526315797
2026-09-30T02:21:24.059 0.8,0.0,0.0,0.0,0.0,0.03684210526315797
2026-09-30T02:21:24.109 0.8,0.0,0.0,0.0,0.0,0.03684210526315797
2026-09-30T02:21:24.159 0.8,0.0,0.0,0.0,0.0,0.03684210526315797
2026-09-30T02:21:24.209 0.8,0.0,0.0,0.0,0.0,0.03684210526315797
2026-09-30T02:21:24.259 0.8,0.0,0.0,0.0,0.0,0.03684210526315797
2026-09-30T02:21:24.309 0.8,0.0,0.0,0.0,0.0,0.03684210526315797
2026-09-30T02:21:24.359 0.8,0.0,0.0,0.0,0.0,0.03684210526315797
2026-09-30T02:21:24.409 0.8,0.0,0.0,0.0,0.0,0.03684210526315797
2026-09-30T02:21:24.459 0.8,0.0,0.0,0.0,0.0,0.03684210526315797
2026-09-30T02:21:24.519 0.8,0.0,0.0,0.0,0.0,0.03684210526315797
2026-09-30T02:21:24.559 0.8,0.0,0.0,0.0,0.0,0.03684210526315797
2026-09-30T02:21:24.609 0.8,0.0,0.0,0.0,0.0,0.03684210526315797
2026-09-30T02:21:24.659 0.8,0.0,0.0,0.0,0.0,0.03684210526315797
2026-09-30T02:21:24.709 0.8,0.0,0.0,0.0,0.0,0.03684210526315797
2026-09-30T02:21:24.759 0.8,0.0,0.0,0.0,0.0,0.03684210526315797
2026-09-30T02:21:24.809 0.8,0.0,0.0,0.0,0.0,0.03684210526315797
2026-09-30T02:21:24.859 0.8,0.0,0.0,0.0,0.0,0.03684210526315797
2026-09-30T02:21:24.909 0.8,0.0,0.0,0.0,0.0,0.03684210526315797
2026-09-30T02:21:24.959 0.8,0.0,0.0,0.0,0.0,0.03684210526315797
2026-09-30T02:21:25.009 0.8,0.0,0.0,0.0,0.0,0.03684210526315797
2026-09-30T02:21:25.059 0.8,0.0,0.0,0.0,0.0,0.03684210526315797
2026-09-30T02:21:25.119 0.8,0.0,0.0,0.0,0.0,0.0
2026-09-30T02:21:25.159 0.8,0.0,0.0,0.0,0.0,0.0
2026-09-30T02:21:25.209 0.8,0.0,0.0,0.0,0.0,0.0
2026-09-30T02:21:25.259 0.8,0.0,0.0,0.0,0.0,0.0
2026-09-30T02:21:25.309 0.8,0.0,0.0,0.0,0.0,0.0
2026-09-30T02:21:25.369 0.8,0.0,0.0,0.0,0.0,0.0
2026-09-30T02:21:25.409 0.8,0.0,0.0,0.0,0.0,0.0
2026-09-30T02:21:25.460 0.8,0.0,0.0,0.0,0.0,0.0
2026-09-30T02:21:25.509 0.8,0.0,0.0,0.0,0.0,0.0
2026-09-30T02:21:25.560 0.8,0.0,0.0,0.0,0.0,-0.036842105263157815
2026-09-30T02:21:25.609 0.8,0.0,0.0,0.0,0.0,-0.036842105263157815
2026-09-30T02:21:25.659 0.8,0.0,0.0,0.0,0.0,0.11052631578947375
2026-09-30T02:21:25.709 0.8,0.0,0.0,0.0,0.0,0.11052631578947375
2026-09-30T02:21:25.759 0.8,0.0,0.0,0.0,0.0,0.0
2026-09-30T02:21:25.809 0.8,0.0,0.0,0.0,0.0,0.03684210526315797
2026-09-30T02:21:25.859 0.8,0.0,0.0,0.0,0.0,0.03684210526315797
2026-09-30T02:21:25.909 0.8,0.0,0.0,0.0,0.0,0.03684210526315797
2026-09-30T02:21:25.959 0.8,0.0,0.0,0.0,0.0,0.03684210526315797
2026-09-30T02:21:26.009 0.8,0.0,0.0,0.0,0.0,0.03684210526315797
2026-09-30T02:21:26.059 0.8,0.0,0.0,0.0,0.0,0.03684210526315797
2026-09-30T02:21:26.109 0.8,0.0,0.0,0.0,0.0,0.03684210526315797
2026-09-30T02:21:26.159 0.8,0.0,0.0,0.0,0.0,0.03684210526315797
2026-09-30T02:21:26.219 0.8,0.0,0.0,0.0,0.0,0.03684210526315797
2026-09-30T02:21:26.259 0.8,0.0,0.0,0.0,0.0,0.03684210526315797
2026-09-30T02:21:26.309 0.8,0.0,0.0,0.0,0.0,0.03684210526315797
2026-09-30T02:21:26.359 0.8,0.0,0.0,0.0,0.0,0.03684210526315797
2026-09-30T02:21:26.410 0.8,0.0,0.0,0.0,0.0,0.03684210526315797
2026-09-30T02:21:26.459 0.8,0.0,0.0,0.0,0.0,0.03684210526315797
2026-09-30T02:21:26.509 0.8,0.0,0.0,0.0,0.0,0.03684210526315797
2026-09-30T02:21:26.569 0.8,0.0,0.0,0.0,0.0,0.03684210526315797
2026-09-30T02:21:26.609 0.8,0.0,0.0,0.0,0.0,0.03684210526315797
2026-09-30T02:21:26.659 0.8,0.0,0.0,0.0,0.0,0.03684210526315797
2026-09-30T02:21:26.709 0.8,0.0,0.0,0.0,0.0,-0.036842105263157815
2026-09-30T02:21:26.759 0.8,0.0,0.0,0.0,0.0,-0.036842105263157815
2026-09-30T02:21:26.810 0.8,0.0,0.0,0.0,0.0,-0.036842105263157815
2026-09-30T02:21:26.859 0.8,0.0,0.0,0.0,0.0,-0.036842105263157815
2026-09-30T02:21:26.909 0.8,0.0,0.0,0.0,0.0,-0.036842105263157815
2026-09-30T02:21:26.959 0.8,0.0,0.0,0.0,0.0,-0.036842105263157815
2026-09-30T02:21:27.009 0.8,0.0,0.0,0.0,0.0,-0.036842105263157815
2026-09-30T02:21:27.059 0.8,0.0,0.0,0.0,0.0,-0.036842105263157815
2026-09-30T02:21:27.109 0.8,0.0,0.0,0.0,0.0,-0.1105263157894736
2026-09-30T02:21:27.159 0.8,0.0,0.0,0.0,0.0,-0.1105263157894736
2026-09-30T02:21:27.209 0.8,0.0,0.0,0.0,0.0,-0.1105263157894736
2026-09-30T02:21:27.259 0.8,0.0,0.0,0.0,0.0,-0.18421052631578938
2026-09-30T02:21:27.309 0.8,0.0,0.0,0.0,0.0,-0.18421052631578938
2026-09-30T02:21:27.359 0.8,0.0,0.0,0.0,0.0,-0.18421052631578938
2026-09-30T02:21:27.409 0.8,0.0,0.0,0.0,0.0,-0.1105263157894736
2026-09-30T02:21:27.459 0.8,0.0,0.0,0.0,0.0,-0.1105263157894736
2026-09-30T02:21:27.509 0.8,0.0,0.0,0.0,0.0,-0.18421052631578938
2026-09-30T02:21:27.559 0.8,0.0,0.0,0.0,0.0,-0.18421052631578938
2026-09-30T02:21:27.622 0.8,0.0,0.0,0.0,0.0,-0.1105263157894736
2026-09-30T02:21:27.669 0.8,0.0,0.0,0.0,0.0,-0.18421052631578938
2026-09-30T02:21:27.719 0.8,0.0,0.0,0.0,0.0,-0.18421052631578938
2026-09-30T02:21:27.759 0.8,0.0,0.0,0.0,0.0,-0.18421052631578938
2026-09-30T02:21:27.809 0.8,0.0,0.0,0.0,0.0,-0.18421052631578938
2026-09-30T02:21:27.859 0.8,0.0,0.0,0.0,0.0,-0.18421052631578938
2026-09-30T02:21:27.909 0.8,0.0,0.0,0.0,0.0,-0.18421052631578938
2026-09-30T02:21:27.959 0.8,0.0,0.0,0.0,0.0,-0.18421052631578938
2026-09-30T02:21:28.010 0.8,0.0,0.0,0.0,0.0,-0.18421052631578938
2026-09-30T02:21:28.059 0.8,0.0,0.0,0.0,0.0,-0.18421052631578938
2026-09-30T02:21:28.109 0.8,0.0,0.0,0.0,0.0,-0.18421052631578938
2026-09-30T02:21:28.159 0.8,0.0,0.0,0.0,0.0,-0.18421052631578938
2026-09-30T02:21:28.209 0.8,0.0,0.0,0.0,0.0,-0.18421052631578938
2026-09-30T02:21:28.259 0.8,0.0,0.0,0.0,0.0,-0.18421052631578938
2026-09-30T02:21:28.309 0.8,0.0,0.0,0.0,0.0,-0.18421052631578938
2026-09-30T02:21:28.359 0.8,0.0,0.0,0.0,0.0,-0.18421052631578938
2026-09-30T02:21:28.409 0.8,0.0,0.0,0.0,0.0,-0.18421052631578938
2026-09-30T02:21:28.459 0.8,0.0,0.0,0.0,0.0,-0.18421052631578938
2026-09-30T02:21:28.509 0.8,0.0,0.0,0.0,0.0,-0.18421052631578938
2026-09-30T02:21:28.559 0.8,0.0,0.0,0.0,0.0,-0.18421052631578938
2026-09-30T02:21:28.609 0.8,0.0,0.0,0.0,0.0,-0.18421052631578938
2026-09-30T02:21:28.659 0.8,0.0,0.0,0.0,0.0,-0.18421052631578938
2026-09-30T02:21:28.719 0.8,0.0,0.0,0.0,0.0,-0.2578947368421052
2026-09-30T02:21:28.759 0.8,0.0,0.0,0.0,0.0,-0.18421052631578938
2026-09-30T02:21:28.810 0.8,0.0,0.0,0.0,0.0,-0.18421052631578938
2026-09-30T02:21:28.859 0.8,0.0,0.0,0.0,0.0,-0.18421052631578938
2026-09-30T02:21:28.909 0.8,0.0,0.0,0.0,0.0,-0.18421052631578938
2026-09-30T02:21:28.969 0.8,0.0,0.0,0.0,0.0,-0.18421052631578938
2026-09-30T02:21:29.009 0.8,0.0,0.0,0.0,0.0,-0.18421052631578938
2026-09-30T02:21:29.060 0.8,0.0,0.0,0.0,0.0,-0.18421052631578938
2026-09-30T02:21:29.109 0.8,0.0,0.0,0.0,0.0,-0.18421052631578938
2026-09-30T02:21:29.159 0.8,0.0,0.0,0.0,0.0,-0.18421052631578938
2026-09-30T02:21:29.209 0.8,0.0,0.0,0.0,0.0,-0.18421052631578938
2026-09-30T02:21:29.259 0.8,0.0,0.0,0.0,0.0,-0.18421052631578938
2026-09-30T02:21:29.309 0.8,0.0,0.0,0.0,0.0,-0.18421052631578938
2026-09-30T02:21:29.359 0.8,0.0,0.0,0.0,0.0,-0.18421052631578938
2026-09-30T02:21:29.409 0.8,0.0,0.0,0.0,0.0,-0.18421052631578938
2026-09-30T02:21:29.459 0.8,0.0,0.0,0.0,0.0,-0.18421052631578938
2026-09-30T02:21:29.509 0.8,0.0,0.0,0.0,0.0,-0.18421052631578938
2026-09-30T02:21:29.559 0.8,0.0,0.0,0.0,0.0,-0.18421052631578938
2026-09-30T02:21:29.609 0.8,0.0,0.0,0.0,0.0,-0.18421052631578938
2026-09-30T02:21:29.659 0.8,0.0,0.0,0.0,0.0,-0.18421052631578938
2026-09-30T02:21:29.709 0.8,0.0,0.0,0.0,0.0,-0.18421052631578938
2026-09-30T02:21:29.759 0.8,0.0,0.0,0.0,0.0,-0.18421052631578938
2026-09-30T02:21:29.809 0.8,0.0,0.0,0.0,0.0,-0.18421052631578938
2026-09-30T02:21:29.859 0.8,0.0,0.0,0.0,0.0,-0.1105263157894736
2026-09-30T02:21:29.909 0.8,0.0,0.0,0.0,0.0,-0.1105263157894736
2026-09-30T02:21:29.959 0.8,0.0,0.0,0.0,0.0,-0.18421052631578938
2026-09-30T02:21:30.009 0.8,0.0,0.0,0.0,0.0,-0.18421052631578938
2026-09-30T02:21:30.059 0.8,0.0,0.0,0.0,0.0,-0.18421052631578938
2026-09-30T02:21:30.109 0.8,0.0,0.0,0.0,0.0,-0.1105263157894736
2026-09-30T02:21:30.159 0.8,0.0,0.0,0.0,0.0,-0.1105263157894736
2026-09-30T02:21:30.209 0.8,0.0,0.0,0.0,0.0,-0.1105263157894736
2026-09-30T02:21:30.259 0.8,0.0,0.0,0.0,0.0,-0.1105263157894736
2026-09-30T02:21:30.309 0.8,0.0,0.0,0.0,0.0,-0.1105263157894736
2026-09-30T02:21:30.359 0.8,0.0,0.0,0.0,0.0,-0.1105263157894736
2026-09-30T02:21:30.419 0.8,0.0,0.0,0.0,0.0,-0.1105263157894736
2026-09-30T02:21:30.459 0.8,0.0,0.0,0.0,0.0,-0.1105263157894736
2026-09-30T02:21:30.509 0.8,0.0,0.0,0.0,0.0,-0.1105263157894736
2026-09-30T02:21:30.559 0.8,0.0,0.0,0.0,0.0,-0.1105263157894736
2026-09-30T02:21:30.609 0.8,0.0,0.0,0.0,0.0,-0.1105263157894736
2026-09-30T02:21:30.659 0.8,0.0,0.0,0.0,0.0,-0.1105263157894736
2026-09-30T02:21:30.709 0.8,0.0,0.0,0.0,0.0,-0.1105263157894736
2026-09-30T02:21:30.759 0.8,0.0,0.0,0.0,0.0,-0.1105263157894736
2026-09-30T02:21:30.809 0.8,0.0,0.0,0.0,0.0,-0.036842105263157815
2026-09-30T02:21:30.860 0.8,0.0,0.0,0.0,0.0,-0.036842105263157815
2026-09-30T02:21:30.909 0.8,0.0,0.0,0.0,0.0,-0.036842105263157815
2026-09-30T02:21:30.959 0.8,0.0,0.0,0.0,0.0,-0.036842105263157815
2026-09-30T02:21:31.009 0.8,0.0,0.0,0.0,0.0,-0.036842105263157815
2026-09-30T02:21:31.059 0.8,0.0,0.0,0.0,0.0,-0.036842105263157815
2026-09-30T02:21:31.109 0.8,0.0,0.0,0.0,0.0,-0.036842105263157815
2026-09-30T02:21:31.159 0.8,0.0,0.0,0.0,0.0,0.0
2026-09-30T02:21:31.209 0.8,0.0,0.0,0.0,0.0,0.0
2026-09-30T02:21:31.259 0.8,0.0,0.0,0.0,0.0,0.0
2026-09-30T02:21:31.309 0.8,0.0,0.0,0.0,0.0,0.0
2026-09-30T02:21:31.359 0.8,0.0,0.0,0.0,0.0,0.0
2026-09-30T02:21:31.409 0.8,0.0,0.0,0.0,0.0,-0.1105263157894736
2026-09-30T02:21:31.459 0.8,0.0,0.0,0.0,0.0,-0.1105263157894736
2026-09-30T02:21:31.509 0.8,0.0,0.0,0.0,0.0,-0.036842105263157815
2026-09-30T02:21:31.559 0.8,0.0,0.0,0.0,0.0,-0.036842105263157815
2026-09-30T02:21:31.619 0.8,0.0,0.0,0.0,0.0,-0.1105263157894736
2026-09-30T02:21:31.659 0.8,0.0,0.0,0.0,0.0,-0.1105263157894736
2026-09-30T02:21:31.709 0.8,0.0,0.0,0.0,0.0,-0.1105263157894736
2026-09-30T02:21:31.759 0.8,0.0,0.0,0.0,0.0,-0.036842105263157815
2026-09-30T02:21:31.809 0.8,0.0,0.0,0.0,0.0,-0.1105263157894736
2026-09-30T02:21:31.859 0.8,0.0,0.0,0.0,0.0,-0.1105263157894736
2026-09-30T02:21:31.909 0.8,0.0,0.0,0.0,0.0,-0.1105263157894736
2026-09-30T02:21:31.960 0.8,0.0,0.0,0.0,0.0,-0.036842105263157815
2026-09-30T02:21:32.009 0.8,0.0,0.0,0.0,0.0,-0.036842105263157815
2026-09-30T02:21:32.059 0.8,0.0,0.0,0.0,0.0,-0.036842105263157815
2026-09-30T02:21:32.109 0.8,0.0,0.0,0.0,0.0,-0.1105263157894736
2026-09-30T02:21:32.159 0.8,0.0,0.0,0.0,0.0,-0.036842105263157815
2026-09-30T02:21:32.209 0.8,0.0,0.0,0.0,0.0,-0.036842105263157815
2026-09-30T02:21:32.259 0.8,0.0,0.0,0.0,0.0,-0.1105263157894736
2026-09-30T02:21:32.309 0.8,0.0,0.0,0.0,0.0,-0.036842105263157815
2026-09-30T02:21:32.359 0.8,0.0,0.0,0.0,0.0,-0.036842105263157815
2026-09-30T02:21:32.409 0.8,0.0,0.0,0.0,0.0,-0.036842105263157815
2026-09-30T02:21:32.459 0.8,0.0,0.0,0.0,0.0,-0.036842105263157815
2026-09-30T02:21:32.509 0.8,0.0,0.0,0.0,0.0,-0.036842105263157815
2026-09-30T02:21:32.559 0.8,0.0,0.0,0.0,0.0,-0.036842105263157815
2026-09-30T02:21:32.609 0.8,0.0,0.0,0.0,0.0,-0.036842105263157815
2026-09-30T02:21:32.659 0.8,0.0,0.0,0.0,0.0,-0.036842105263157815
2026-09-30T02:21:32.709 0.8,0.0,0.0,0.0,0.0,-0.036842105263157815
2026-09-30T02:21:32.759 0.8,0.0,0.0,0.0,0.0,-0.036842105263157815
2026-09-30T02:21:32.809 0.8,0.0,0.0,0.0,0.0,-0.036842105263157815
2026-09-30T02:21:32.859 0.8,0.0,0.0,0.0,0.0,-0.036842105263157815
2026-09-30T02:21:32.909 0.8,0.0,0.0,0.0,0.0,-0.036842105263157815
2026-09-30T02:21:32.959 0.8,0.0,0.0,0.0,0.0,-0.036842105263157815
2026-09-30T02:21:33.009 0.8,0.0,0.0,0.0,0.0,-0.036842105263157815
2026-09-30T02:21:33.059 0.8,0.0,0.0,0.0,0.0,0.0
2026-09-30T02:21:33.109 0.8,0.0,0.0,0.0,0.0,0.0
2026-09-30T02:21:33.159 0.8,0.0,0.0,0.0,0.0,-0.036842105263157815
2026-09-30T02:21:33.209 0.8,0.0,0.0,0.0,0.0,-0.036842105263157815
2026-09-30T02:21:33.259 0.8,0.0,0.0,0.0,0.0,-0.036842105263157815
2026-09-30T02:21:33.310 0.8,0.0,0.0,0.0,0.0,0.0
2026-09-30T02:21:33.359 0.8,0.0,0.0,0.0,0.0,0.0
2026-09-30T02:21:33.409 0.8,0.0,0.0,0.0,0.0,-0.036842105263157815
2026-09-30T02:21:33.459 0.8,0.0,0.0,0.0,0.0,-0.036842105263157815
2026-09-30T02:21:33.509 0.8,0.0,0.0,0.0,0.0,-0.036842105263157815
2026-09-30T02:21:33.559 0.8,0.0,0.0,0.0,0.0,-0.036842105263157815
2026-09-30T02:21:33.609 0.8,0.0,0.0,0.0,0.0,-0.036842105263157815
2026-09-30T02:21:33.659 0.8,0.0,0.0,0.0,0.0,0.0
2026-09-30T02:21:33.710 0.8,0.0,0.0,0.0,0.0,0.0
2026-09-30T02:21:33.759 0.8,0.0,0.0,0.0,0.0,0.0
2026-09-30T02:21:33.809 0.8,0.0,0.0,0.0,0.0,0.0
2026-09-30T02:21:33.859 0.8,0.0,0.0,0.0,0.0,0.0
2026-09-30T02:21:33.909 0.8,0.0,0.0,0.0,0.0,0.0
2026-09-30T02:21:33.969 0.8,0.0,0.0,0.0,0.0,0.0
2026-09-30T02:21:34.009 0.8,0.0,0.0,0.0,0.0,0.0
2026-09-30T02:21:34.059 0.8,0.0,0.0,0.0,0.0,0.0
2026-09-30T02:21:34.109 0.8,0.0,0.0,0.0,0.0,0.0
2026-09-30T02:21:34.159 0.8,0.0,0.0,0.0,0.0,0.0
2026-09-30T02:21:34.209 0.8,0.0,0.0,0.0,0.0,0.0
2026-09-30T02:21:34.269 0.8,0.0,0.0,0.0,0.0,0.0
2026-09-30T02:21:34.309 0.8,0.0,0.0,0.0,0.0,0.0
2026-09-30T02:21:34.359 0.8,0.0,0.0,0.0,0.0,0.0
2026-09-30T02:21:34.409 0.8,0.0,0.0,0.0,0.0,0.0
2026-09-30T02:21:34.459 0.8,0.0,0.0,0.0,0.0,0.0
2026-09-30T02:21:34.509 0.8,0.0,0.0,0.0,0.0,0.03684210526315797
2026-09-30T02:21:34.559 0.8,0.0,0.0,0.0,0.0,0.0
2026-09-30T02:21:34.609 0.8,0.0,0.0,0.0,0.0,0.0
2026-09-30T02:21:34.659 0.8,0.0,0.0,0.0,0.0,0.0
2026-09-30T02:21:34.709 0.8,0.0,0.0,0.0,0.0,0.0
2026-09-30T02:21:34.759 0.8,0.0,0.0,0.0,0.0,0.0
2026-09-30T02:21:34.810 0.8,0.0,0.0,0.0,0.0,0.0
2026-09-30T02:21:34.859 0.8,0.0,0.0,0.0,0.0,0.0
2026-09-30T02:21:34.909 0.8,0.0,0.0,0.0,0.0,0.0
2026-09-30T02:21:34.959 0.8,0.0,0.0,0.0,0.0,0.0
2026-09-30T02:21:35.009 0.8,0.0,0.0,0.0,0.0,0.0
2026-09-30T02:21:35.059 0.8,0.0,0.0,0.0,0.0,0.0
2026-09-30T02:21:35.109 0.8,0.0,0.0,0.0,0.0,0.0
2026-09-30T02:21:35.159 0.8,0.0,0.0,0.0,0.0,0.0
2026-09-30T02:21:35.209 0.8,0.0,0.0,0.0,0.0,0.0
2026-09-30T02:21:35.259 0.7578947368421055,0.0,0.0,0.0,0.0,0.0
2026-09-30T02:21:35.309 0.7578947368421055,0.0,0.0,0.0,0.0,0.0
2026-09-30T02:21:35.359 0.7578947368421055,0.0,0.0,0.0,0.0,0.0
2026-09-30T02:21:35.409 0.7578947368421055,0.0,0.0,0.0,0.0,0.0
2026-09-30T02:21:35.459 0.7578947368421055,0.0,0.0,0.0,0.0,0.0
2026-09-30T02:21:35.509 0.7578947368421055,0.0,0.0,0.0,0.0,0.0
2026-09-30T02:21:35.559 0.7157894736842108,0.0,0.0,0.0,0.0,0.0
2026-09-30T02:21:35.609 0.7157894736842108,0.0,0.0,0.0,0.0,0.0
2026-09-30T02:21:35.659 0.7157894736842108,0.0,0.0,0.0,0.0,0.0
2026-09-30T02:21:35.709 0.673684210526316,0.0,0.0,0.0,0.0,-0.1105263157894736
2026-09-30T02:21:35.759 0.673684210526316,0.0,0.0,0.0,0.0,-0.1105263157894736
2026-09-30T02:21:35.809 0.673684210526316,0.0,0.0,0.0,0.0,-0.1105263157894736
2026-09-30T02:21:35.859 0.673684210526316,0.0,0.0,0.0,0.0,-0.1105263157894736
2026-09-30T02:21:35.909 0.673684210526316,0.0,0.0,0.0,0.0,-0.1105263157894736
2026-09-30T02:21:35.959 0.6315789473684212,0.0,0.0,0.0,0.0,-0.1105263157894736
2026-09-30T02:21:36.009 0.6315789473684212,0.0,0.0,0.0,0.0,-0.1105263157894736
2026-09-30T02:21:36.059 0.6315789473684212,0.0,0.0,0.0,0.0,-0.1105263157894736
2026-09-30T02:21:36.109 0.6315789473684212,0.0,0.0,0.0,0.0,-0.1105263157894736
2026-09-30T02:21:36.159 0.6315789473684212,0.0,0.0,0.0,0.0,-0.1105263157894736
2026-09-30T02:21:36.209 0.5894736842105265,0.0,0.0,0.0,0.0,-0.1105263157894736
2026-09-30T02:21:36.259 0.5894736842105265,0.0,0.0,0.0,0.0,-0.1105263157894736
2026-09-30T02:21:36.319 0.5894736842105265,0.0,0.0,0.0,0.0,-0.1105263157894736
2026-09-30T02:21:36.359 0.5894736842105265,0.0,0.0,0.0,0.0,-0.1105263157894736
2026-09-30T02:21:36.409 0.5894736842105265,0.0,0.0,0.0,0.0,-0.1105263157894736
2026-09-30T02:21:36.459 0.5894736842105265,0.0,0.0,0.0,0.0,-0.1105263157894736
2026-09-30T02:21:36.509 0.5894736842105265,0.0,0.0,0.0,0.0,-0.1105263157894736
2026-09-30T02:21:36.559 0.5894736842105265,0.0,0.0,0.0,0.0,-0.1105263157894736
2026-09-30T02:21:36.609 0.5894736842105265,0.0,0.0,0.0,0.0,-0.1105263157894736
2026-09-30T02:21:36.659 0.5473684210526317,0.0,0.0,0.0,0.0,-0.1105263157894736
2026-09-30T02:21:36.709 0.5473684210526317,0.0,0.0,0.0,0.0,-0.1105263157894736
2026-09-30T02:21:36.760 0.5473684210526317,0.0,0.0,0.0,0.0,-0.1105263157894736
2026-09-30T02:21:36.809 0.5473684210526317,0.0,0.0,0.0,0.0,-0.1105263157894736
2026-09-30T02:21:36.859 0.5473684210526317,0.0,0.0,0.0,0.0,-0.1105263157894736
2026-09-30T02:21:36.909 0.5473684210526317,0.0,0.0,0.0,0.0,-0.1105263157894736
2026-09-30T02:21:36.959 0.5473684210526317,0.0,0.0,0.0,0.0,-0.1105263157894736
2026-09-30T02:21:37.009 0.5473684210526317,0.0,0.0,0.0,0.0,-0.1105263157894736
2026-09-30T02:21:37.059 0.505263157894737,0.0,0.0,0.0,0.0,-0.1105263157894736
2026-09-30T02:21:37.109 0.505263157894737,0.0,0.0,0.0,0.0,-0.1105263157894736
2026-09-30T02:21:37.159 0.505263157894737,0.0,0.0,0.0,0.0,-0.1105263157894736
2026-09-30T02:21:37.209 0.505263157894737,0.0,0.0,0.0,0.0,-0.1105263157894736
2026-09-30T02:21:37.269 0.505263157894737,0.0,0.0,0.0,0.0,-0.1105263157894736
2026-09-30T02:21:37.309 0.505263157894737,0.0,0.0,0.0,0.0,-0.1105263157894736
2026-09-30T02:21:37.359 0.505263157894737,0.0,0.0,0.0,0.0,-0.1105263157894736
2026-09-30T02:21:37.409 0.505263157894737,0.0,0.0,0.0,0.0,-0.1105263157894736
2026-09-30T02:21:37.459 0.4631578947368422,0.0,0.0,0.0,0.0,-0.1105263157894736
2026-09-30T02:21:37.509 0.4631578947368422,0.0,0.0,0.0,0.0,-0.1105263157894736
2026-09-30T02:21:37.560 0.4631578947368422,0.0,0.0,0.0,0.0,-0.1105263157894736
2026-09-30T02:21:37.609 0.4631578947368422,0.0,0.0,0.0,0.0,-0.1105263157894736
2026-09-30T02:21:37.659 0.4631578947368422,0.0,0.0,0.0,0.0,-0.1105263157894736
2026-09-30T02:21:37.709 0.4631578947368422,0.0,0.0,0.0,0.0,-0.1105263157894736
2026-09-30T02:21:37.759 0.4631578947368422,0.0,0.0,0.0,0.0,-0.1105263157894736
2026-09-30T02:21:37.809 0.4631578947368422,0.0,0.0,0.0,0.0,-0.1105263157894736
2026-09-30T02:21:37.859 0.4631578947368422,0.0,0.0,0.0,0.0,-0.1105263157894736
2026-09-30T02:21:37.909 0.42105263157894746,0.0,0.0,0.0,0.0,-0.1105263157894736
2026-09-30T02:21:37.959 0.42105263157894746,0.0,0.0,0.0,0.0,-0.1105263157894736
2026-09-30T02:21:38.009 0.42105263157894746,0.0,0.0,0.0,0.0,-0.1105263157894736
2026-09-30T02:21:38.059 0.42105263157894746,0.0,0.0,0.0,0.0,-0.1105263157894736
2026-09-30T02:21:38.109 0.42105263157894746,0.0,0.0,0.0,0.0,-0.1105263157894736
2026-09-30T02:21:38.159 0.42105263157894746,0.0,0.0,0.0,0.0,-0.1105263157894736
2026-09-30T02:21:38.209 0.42105263157894746,0.0,0.0,0.0,0.0,-0.1105263157894736
2026-09-30T02:21:38.259 0.42105263157894746,0.0,0.0,0.0,0.0,-0.1105263157894736
2026-09-30T02:21:38.309 0.42105263157894746,0.0,0.0,0.0,0.0,-0.1105263157894736
2026-09-30T02:21:38.359 0.42105263157894746,0.0,0.0,0.0,0.0,-0.1105263157894736
2026-09-30T02:21:38.409 0.3789473684210527,0.0,0.0,0.0,0.0,-0.1105263157894736
2026-09-30T02:21:38.459 0.3789473684210527,0.0,0.0,0.0,0.0,-0.1105263157894736
2026-09-30T02:21:38.509 0.3789473684210527,0.0,0.0,0.0,0.0,-0.1105263157894736
2026-09-30T02:21:38.569 0.3789473684210527,0.0,0.0,0.0,0.0,-0.1105263157894736
2026-09-30T02:21:38.609 0.3789473684210527,0.0,0.0,0.0,0.0,-0.1105263157894736
2026-09-30T02:21:38.659 0.3789473684210527,0.0,0.0,0.0,0.0,-0.1105263157894736
2026-09-30T02:21:38.709 0.3789473684210527,0.0,0.0,0.0,0.0,-0.1105263157894736
2026-09-30T02:21:38.759 0.3789473684210527,0.0,0.0,0.0,0.0,-0.1105263157894736
2026-09-30T02:21:38.809 0.3789473684210527,0.0,0.0,0.0,0.0,-0.1105263157894736
2026-09-30T02:21:38.859 0.3789473684210527,0.0,0.0,0.0,0.0,-0.1105263157894736
2026-09-30T02:21:38.909 0.33684210526315794,0.0,0.0,0.0,0.0,-0.1105263157894736
2026-09-30T02:21:38.959 0.33684210526315794,0.0,0.0,0.0,0.0,-0.1105263157894736
2026-09-30T02:21:39.009 0.33684210526315794,0.0,0.0,0.0,0.0,-0.1105263157894736
2026-09-30T02:21:39.059 0.33684210526315794,0.0,0.0,0.0,0.0,-0.1105263157894736
2026-09-30T02:21:39.109 0.33684210526315794,0.0,0.0,0.0,0.0,-0.1105263157894736
2026-09-30T02:21:39.159 0.33684210526315794,0.0,0.0,0.0,0.0,-0.1105263157894736
2026-09-30T02:21:39.209 0.33684210526315794,0.0,0.0,0.0,0.0,-0.1105263157894736
2026-09-30T02:21:39.259 0.33684210526315794,0.0,0.0,0.0,0.0,-0.1105263157894736
2026-09-30T02:21:39.309 0.33684210526315794,0.0,0.0,0.0,0.0,-0.1105263157894736
2026-09-30T02:21:39.359 0.33684210526315794,0.0,0.0,0.0,0.0,-0.1105263157894736
2026-09-30T02:21:39.409 0.33684210526315794,0.0,0.0,0.0,0.0,-0.1105263157894736
2026-09-30T02:21:39.459 0.33684210526315794,0.0,0.0,0.0,0.0,-0.1105263157894736
2026-09-30T02:21:39.509 0.33684210526315794,0.0,0.0,0.0,0.0,-0.1105263157894736
2026-09-30T02:21:39.559 0.2947368421052632,0.0,0.0,0.0,0.0,-0.1105263157894736
2026-09-30T02:21:39.609 0.2947368421052632,0.0,0.0,0.0,0.0,-0.1105263157894736
2026-09-30T02:21:39.670 0.2947368421052632,0.0,0.0,0.0,0.0,-0.1105263157894736
2026-09-30T02:21:39.709 0.2947368421052632,0.0,0.0,0.0,0.0,-0.1105263157894736
2026-09-30T02:21:39.759 0.2947368421052632,0.0,0.0,0.0,0.0,-0.1105263157894736
2026-09-30T02:21:39.809 0.2947368421052632,0.0,0.0,0.0,0.0,-0.1105263157894736
2026-09-30T02:21:39.869 0.2947368421052632,0.0,0.0,0.0,0.0,-0.1105263157894736
2026-09-30T02:21:39.909 0.2947368421052632,0.0,0.0,0.0,0.0,-0.1105263157894736
2026-09-30T02:21:39.959 0.2947368421052632,0.0,0.0,0.0,0.0,-0.1105263157894736
2026-09-30T02:21:40.009 0.2947368421052632,0.0,0.0,0.0,0.0,-0.1105263157894736
2026-09-30T02:21:40.059 0.2947368421052632,0.0,0.0,0.0,0.0,-0.1105263157894736
2026-09-30T02:21:40.109 0.2947368421052632,0.0,0.0,0.0,0.0,-0.1105263157894736
2026-09-30T02:21:40.159 0.2947368421052632,0.0,0.0,0.0,0.0,-0.1105263157894736
2026-09-30T02:21:40.209 0.25263157894736843,0.0,0.0,0.0,0.0,0.049473684210526406
2026-09-30T02:21:40.269 0.25263157894736843,0.0,0.0,0.0,0.0,0.03684210526315797
2026-09-30T02:21:40.310 0.25263157894736843,0.0,0.0,0.0,0.0,0.0
2026-09-30T02:21:40.359 0.25263157894736843,0.0,0.0,0.0,0.0,0.0
2026-09-30T02:21:40.409 0.25263157894736843,0.0,0.0,0.0,0.0,-0.036842105263157815
2026-09-30T02:21:40.459 0.25263157894736843,0.0,0.0,0.0,0.0,-0.036842105263157815
2026-09-30T02:21:40.509 0.25263157894736843,0.0,0.0,0.0,0.0,-0.1105263157894736
2026-09-30T02:21:40.559 0.25263157894736843,0.0,0.0,0.0,0.0,-0.1105263157894736
2026-09-30T02:21:40.609 0.25263157894736843,0.0,0.0,0.0,0.0,-0.1105263157894736
2026-09-30T02:21:40.659 0.25263157894736843,0.0,0.0,0.0,0.0,-0.1105263157894736
2026-09-30T02:21:40.709 0.25263157894736843,0.0,0.0,0.0,0.0,-0.1105263157894736
2026-09-30T02:21:40.760 0.25263157894736843,0.0,0.0,0.0,0.0,0.0
2026-09-30T02:21:40.809 0.25263157894736843,0.0,0.0,0.0,0.0,0.0
2026-09-30T02:21:40.859 0.25263157894736843,0.0,0.0,0.0,0.0,0.0
2026-09-30T02:21:40.909 0.25263157894736843,0.0,0.0,0.0,0.0,-0.036842105263157815
2026-09-30T02:21:40.960 0.25263157894736843,0.0,0.0,0.0,0.0,-0.036842105263157815
2026-09-30T02:21:41.009 0.25263157894736843,0.0,0.0,0.0,0.0,-0.036842105263157815
2026-09-30T02:21:41.059 0.25263157894736843,0.0,0.0,0.0,0.0,-0.036842105263157815
2026-09-30T02:21:41.109 0.21052631578947367,0.0,0.0,0.0,0.0,-0.1105263157894736
2026-09-30T02:21:41.159 0.21052631578947367,0.0,0.0,0.0,0.0,-0.1105263157894736
2026-09-30T02:21:41.209 0.21052631578947367,0.0,0.0,0.0,0.0,-0.1105263157894736
2026-09-30T02:21:41.259 0.21052631578947367,0.0,0.0,0.0,0.0,-0.1105263157894736
2026-09-30T02:21:41.309 0.21052631578947367,0.0,0.0,0.0,0.0,-0.1105263157894736
2026-09-30T02:21:41.359 0.21052631578947367,0.0,0.0,0.0,0.0,-0.036842105263157815
2026-09-30T02:21:41.409 0.21052631578947367,0.0,0.0,0.0,0.0,-0.036842105263157815
2026-09-30T02:21:41.459 0.21052631578947367,0.0,0.0,0.0,0.0,-0.1105263157894736
2026-09-30T02:21:41.509 0.21052631578947367,0.0,0.0,0.0,0.0,-0.1105263157894736
2026-09-30T02:21:41.560 0.21052631578947367,0.0,0.0,0.0,0.0,-0.1105263157894736
2026-09-30T02:21:41.609 0.21052631578947367,0.0,0.0,0.0,0.0,-0.1105263157894736
2026-09-30T02:21:41.659 0.21052631578947367,0.0,0.0,0.0,0.0,-0.1105263157894736
2026-09-30T02:21:41.709 0.21052631578947367,0.0,0.0,0.0,0.0,-0.1105263157894736
2026-09-30T02:21:41.759 0.21052631578947367,0.0,0.0,0.0,0.0,-0.1105263157894736
2026-09-30T02:21:41.809 0.21052631578947367,0.0,0.0,0.0,0.0,-0.036842105263157815
2026-09-30T02:21:41.859 0.21052631578947367,0.0,0.0,0.0,0.0,-0.036842105263157815
2026-09-30T02:21:41.919 0.21052631578947367,0.0,0.0,0.0,0.0,-0.036842105263157815
2026-09-30T02:21:41.959 0.21052631578947367,0.0,0.0,0.0,0.0,-0.036842105263157815
2026-09-30T02:21:42.010 0.21052631578947367,0.0,0.0,0.0,0.0,-0.036842105263157815
2026-09-30T02:21:42.059 0.21052631578947367,0.0,0.0,0.0,0.0,-0.036842105263157815
2026-09-30T02:21:42.109 0.21052631578947367,0.0,0.0,0.0,0.0,-0.036842105263157815
2026-09-30T02:21:42.169 0.21052631578947367,0.0,0.0,0.0,0.0,-0.036842105263157815
2026-09-30T02:21:42.209 0.21052631578947367,0.0,0.0,0.0,0.0,-0.036842105263157815
2026-09-30T02:21:42.259 0.16842105263157894,0.0,0.0,0.0,0.0,-0.1105263157894736
2026-09-30T02:21:42.309 0.16842105263157894,0.0,0.0,0.0,0.0,-0.1105263157894736
2026-09-30T02:21:42.359 0.16842105263157894,0.0,0.0,0.0,0.0,-0.1105263157894736
2026-09-30T02:21:42.409 0.16842105263157894,0.0,0.0,0.0,0.0,-0.1105263157894736
2026-09-30T02:21:42.459 0.16842105263157894,0.0,0.0,0.0,0.0,-0.1105263157894736
2026-09-30T02:21:42.509 0.16842105263157894,0.0,0.0,0.0,0.0,-0.036842105263157815
2026-09-30T02:21:42.559 0.16842105263157894,0.0,0.0,0.0,0.0,-0.036842105263157815
2026-09-30T02:21:42.609 0.16842105263157894,0.0,0.0,0.0,0.0,-0.036842105263157815
2026-09-30T02:21:42.659 0.16842105263157894,0.0,0.0,0.0,0.0,-0.036842105263157815
2026-09-30T02:21:42.709 0.16842105263157894,0.0,0.0,0.0,0.0,-0.1105263157894736
2026-09-30T02:21:42.769 0.16842105263157894,0.0,0.0,0.0,0.0,-0.1105263157894736
2026-09-30T02:21:42.809 0.16842105263157894,0.0,0.0,0.0,0.0,-0.1105263157894736
2026-09-30T02:21:42.859 0.16842105263157894,0.0,0.0,0.0,0.0,-0.1105263157894736
2026-09-30T02:21:42.909 0.16842105263157894,0.0,0.0,0.0,0.0,-0.1105263157894736
2026-09-30T02:21:42.959 0.16842105263157894,0.0,0.0,0.0,0.0,-0.036842105263157815
2026-09-30T02:21:43.009 0.16842105263157894,0.0,0.0,0.0,0.0,-0.036842105263157815
2026-09-30T02:21:43.059 0.12631578947368421,0.0,0.0,0.0,0.0,-0.19684210526315782
2026-09-30T02:21:43.109 0.12631578947368421,0.0,0.0,0.0,0.0,-0.35684210526315785
2026-09-30T02:21:43.159 0.12631578947368421,0.0,0.0,0.0,0.0,-0.5168421052631579
2026-09-30T02:21:43.209 0.12631578947368421,0.0,0.0,0.0,0.0,-0.6263157894736842
2026-09-30T02:21:43.259 0.12631578947368421,0.0,0.0,0.0,0.0,-0.6263157894736842
2026-09-30T02:21:43.309 0.0013157894736842146,0.0,0.0,0.0,0.0,-0.46631578947368413
2026-09-30T02:21:43.369 0.0,0.0,0.0,0.0,0.0,-0.3063157894736841
2026-09-30T02:21:43.409 0.0,0.0,0.0,0.0,0.0,-0.1463157894736841
2026-09-30T02:21:43.459 0.0,0.0,0.0,0.0,0.0,0.01368421052631591
2026-09-30T02:21:43.509 0.0,0.0,0.0,0.0,0.0,0.1736842105263159
2026-09-30T02:21:43.559 0.0,0.0,0.0,0.0,0.0,0.25789473684210534
2026-09-30T02:21:43.609 0.0,0.0,0.0,0.0,0.0,0.25789473684210534
2026-09-30T02:21:43.659 0.0,0.0,0.0,0.0,0.0,0.25789473684210534
2026-09-30T02:21:43.709 0.0,0.0,0.0,0.0,0.0,0.25789473684210534
2026-09-30T02:21:43.759 0.0,0.0,0.0,0.0,0.0,0.25789473684210534
2026-09-30T02:21:43.809 0.0,0.0,0.0,0.0,0.0,0.25789473684210534
2026-09-30T02:21:43.859 0.0,0.0,0.0,0.0,0.0,0.25789473684210534
2026-09-30T02:21:43.909 0.0,0.0,0.0,0.0,0.0,0.25789473684210534
2026-09-30T02:21:43.961 0.0,0.0,0.0,0.0,0.0,0.25789473684210534
2026-09-30T02:21:44.009 0.0,0.0,0.0,0.0,0.0,0.25789473684210534
2026-09-30T02:21:44.059 0.0,0.0,0.0,0.0,0.0,0.25789473684210534
2026-09-30T02:21:44.109 0.0,0.0,0.0,0.0,0.0,0.25789473684210534
2026-09-30T02:21:44.159 0.0,0.0,0.0,0.0,0.0,0.25789473684210534
2026-09-30T02:21:44.209 0.0,0.0,0.0,0.0,0.0,0.25789473684210534
2026-09-30T02:21:44.269 0.0,0.0,0.0,0.0,0.0,0.25789473684210534
2026-09-30T02:21:44.310 0.0,0.0,0.0,0.0,0.0,0.25789473684210534
2026-09-30T02:21:44.359 0.0,0.0,0.0,0.0,0.0,0.25789473684210534
2026-09-30T02:21:44.409 0.0,0.0,0.0,0.0,0.0,0.25789473684210534
2026-09-30T02:21:44.459 0.0,0.0,0.0,0.0,0.0,0.25789473684210534
2026-09-30T02:21:44.509 0.0,0.0,0.0,0.0,0.0,0.25789473684210534
2026-09-30T02:21:44.559 0.0,0.0,0.0,0.0,0.0,0.25789473684210534
2026-09-30T02:21:44.609 0.0,0.0,0.0,0.0,0.0,0.25789473684210534
2026-09-30T02:21:44.659 0.0,0.0,0.0,0.0,0.0,0.25789473684210534
2026-09-30T02:21:44.709 0.0,0.0,0.0,0.0,0.0,0.25789473684210534
2026-09-30T02:21:44.760 0.0,0.0,0.0,0.0,0.0,0.25789473684210534
2026-09-30T02:21:44.809 0.0,0.0,0.0,0.0,0.0,0.25789473684210534
2026-09-30T02:21:44.859 0.0,0.0,0.0,0.0,0.0,0.25789473684210534
2026-09-30T02:21:44.909 0.0,0.0,0.0,0.0,0.0,0.25789473684210534
2026-09-30T02:21:44.959 0.0,0.0,0.0,0.0,0.0,0.25789473684210534
2026-09-30T02:21:45.009 0.0,0.0,0.0,0.0,0.0,0.25789473684210534
2026-09-30T02:21:45.059 0.0,0.0,0.0,0.0,0.0,0.25789473684210534
2026-09-30T02:21:45.110 0.0,0.0,0.0,0.0,0.0,0.25789473684210534
2026-09-30T02:21:45.159 0.0,0.0,0.0,0.0,0.0,0.25789473684210534
2026-09-30T02:21:45.209 0.0,0.0,0.0,0.0,0.0,0.25789473684210534
2026-09-30T02:21:45.259 0.0,0.0,0.0,0.0,0.0,0.25789473684210534
2026-09-30T02:21:45.309 0.0,0.0,0.0,0.0,0.0,0.25789473684210534
2026-09-30T02:21:45.359 0.0,0.0,0.0,0.0,0.0,0.25789473684210534
2026-09-30T02:21:45.409 0.0,0.0,0.0,0.0,0.0,0.25789473684210534
2026-09-30T02:21:45.459 0.0,0.0,0.0,0.0,0.0,0.25789473684210534
2026-09-30T02:21:45.509 0.0,0.0,0.0,0.0,0.0,0.25789473684210534
2026-09-30T02:21:45.559 0.0,0.0,0.0,0.0,0.0,0.25789473684210534
2026-09-30T02:21:45.609 0.0,0.0,0.0,0.0,0.0,0.25789473684210534
2026-09-30T02:21:45.659 0.0,0.0,0.0,0.0,0.0,0.25789473684210534
2026-09-30T02:21:45.709 0.0,0.0,0.0,0.0,0.0,0.25789473684210534
2026-09-30T02:21:45.759 0.0,0.0,0.0,0.0,0.0,0.25789473684210534
2026-09-30T02:21:45.809 0.0,0.0,0.0,0.0,0.0,0.25789473684210534
2026-09-30T02:21:45.859 0.0,0.0,0.0,0.0,0.0,0.25789473684210534
2026-09-30T02:21:45.910 0.0,0.0,0.0,0.0,0.0,0.25789473684210534
2026-09-30T02:21:45.959 0.0,0.0,0.0,0.0,0.0,0.25789473684210534
2026-09-30T02:21:46.009 0.0,0.0,0.0,0.0,0.0,0.25789473684210534
2026-09-30T02:21:46.070 0.0,0.0,0.0,0.0,0.0,0.25789473684210534
2026-09-30T02:21:46.109 0.0,0.0,0.0,0.0,0.0,0.25789473684210534
2026-09-30T02:21:46.159 0.0,0.0,0.0,0.0,0.0,0.25789473684210534
2026-09-30T02:21:46.209 0.0,0.0,0.0,0.0,0.0,0.25789473684210534
2026-09-30T02:21:46.259 0.0,0.0,0.0,0.0,0.0,0.25789473684210534
2026-09-30T02:21:47.171 0.0,0.0,0.0,0.0,0.0,0.25789473684210534
2026-09-30T02:21:47.211 0.0,0.0,0.0,0.0,0.0,0.25789473684210534
2026-09-30T02:21:48.485 0.0,0.0,0.0,0.0,0.0,0.25789473684210534
2026-09-30T02:21:48.536 0.0,0.0,0.0,0.0,0.0,0.25789473684210534
2026-09-30T02:21:48.585 0.0,0.0,0.0,0.0,0.0,0.25789473684210534
2026-09-30T02:21:48.636 0.0,0.0,0.0,0.0,0.0,0.25789473684210534
2026-09-30T02:21:48.695 0.0,0.0,0.0,0.0,0.0,0.25789473684210534
2026-09-30T02:21:48.736 0.0,0.0,0.0,0.0,0.0,0.25789473684210534
2026-09-30T02:21:48.786 0.0,0.0,0.0,0.0,0.0,0.25789473684210534
2026-09-30T02:21:48.835 0.0,0.0,0.0,0.0,0.0,0.25789473684210534
2026-09-30T02:21:48.885 0.0,0.0,0.0,0.0,0.0,0.25789473684210534
2026-09-30T02:21:48.946 0.0,0.0,0.0,0.0,0.0,0.25789473684210534
2026-09-30T02:21:48.985 0.0,0.0,0.0,0.0,0.0,0.25789473684210534
2026-09-30T02:21:49.036 0.0,0.0,0.0,0.0,0.0,0.25789473684210534
2026-09-30T02:21:49.085 0.0,0.0,0.0,0.0,0.0,0.25789473684210534
2026-09-30T02:21:49.135 0.0,0.0,0.0,0.0,0.0,0.25789473684210534
2026-09-30T02:21:49.186 0.0,0.0,0.0,0.0,0.0,0.25789473684210534
2026-09-30T02:21:49.235 0.0,0.0,0.0,0.0,0.0,0.25789473684210534
2026-09-30T02:21:49.285 0.0,0.0,0.0,0.0,0.0,0.25789473684210534
2026-09-30T02:21:49.335 0.0,0.0,0.0,0.0,0.0,0.25789473684210534
2026-09-30T02:21:49.386 0.0,0.0,0.0,0.0,0.0,0.25789473684210534
2026-09-30T02:21:49.435 0.0,0.0,0.0,0.0,0.0,0.25789473684210534
2026-09-30T02:21:49.485 0.0,0.0,0.0,0.0,0.0,0.25789473684210534
2026-09-30T02:21:49.546 0.0,0.0,0.0,0.0,0.0,0.25789473684210534
2026-09-30T02:21:49.586 0.0,0.0,0.0,0.0,0.0,0.25789473684210534
2026-09-30T02:21:49.636 0.0,0.0,0.0,0.0,0.0,0.25789473684210534
2026-09-30T02:21:49.685 0.0,0.0,0.0,0.0,0.0,0.25789473684210534
2026-09-30T02:21:49.735 0.0,0.0,0.0,0.0,0.0,0.25789473684210534
2026-09-30T02:21:49.785 0.0,0.0,0.0,0.0,0.0,0.25789473684210534
2026-09-30T02:21:49.835 0.0,0.0,0.0,0.0,0.0,0.25789473684210534
2026-09-30T02:21:49.885 0.0,0.0,0.0,0.0,0.0,0.25789473684210534
2026-09-30T02:21:49.935 0.0,0.0,0.0,0.0,0.0,0.25789473684210534
2026-09-30T02:21:49.985 0.0,0.0,0.0,0.0,0.0,0.25789473684210534
2026-09-30T02:21:50.036 0.0,0.0,0.0,0.0,0.0,0.25789473684210534
2026-09-30T02:21:50.085 0.0,0.0,0.0,0.0,0.0,0.25789473684210534
2026-09-30T02:21:50.135 0.0,0.0,0.0,0.0,0.0,0.25789473684210534
2026-09-30T02:21:50.185 0.0,0.0,0.0,0.0,0.0,0.25789473684210534
2026-09-30T02:21:50.235 0.0,0.0,0.0,0.0,0.0,0.25789473684210534
2026-09-30T02:21:50.286 0.0,0.0,0.0,0.0,0.0,0.25789473684210534
2026-09-30T02:21:50.335 0.0,0.0,0.0,0.0,0.0,0.25789473684210534
2026-09-30T02:21:50.385 0.0,0.0,0.0,0.0,0.0,0.18421052631578955
2026-09-30T02:21:50.435 0.0,0.0,0.0,0.0,0.0,0.18421052631578955
2026-09-30T02:21:50.486 0.0,0.0,0.0,0.0,0.0,0.18421052631578955
2026-09-30T02:21:50.535 0.0,0.0,0.0,0.0,0.0,0.18421052631578955
2026-09-30T02:21:50.586 0.0,0.0,0.0,0.0,0.0,0.18421052631578955
2026-09-30T02:21:50.635 0.0,0.0,0.0,0.0,0.0,0.18421052631578955
2026-09-30T02:21:50.686 0.0,0.0,0.0,0.0,0.0,0.18421052631578955
2026-09-30T02:21:50.735 0.0,0.0,0.0,0.0,0.0,0.18421052631578955
2026-09-30T02:21:50.786 0.0,0.0,0.0,0.0,0.0,0.18421052631578955
2026-09-30T02:21:50.835 0.0,0.0,0.0,0.0,0.0,0.18421052631578955
2026-09-30T02:21:50.886 0.0,0.0,0.0,0.0,0.0,0.18421052631578955
2026-09-30T02:21:50.936 0.0,0.0,0.0,0.0,0.0,0.18421052631578955
2026-09-30T02:21:50.985 0.0,0.0,0.0,0.0,0.0,0.18421052631578955
2026-09-30T02:21:51.035 0.0,0.0,0.0,0.0,0.0,0.18421052631578955
2026-09-30T02:21:51.086 0.0,0.0,0.0,0.0,0.0,0.18421052631578955
2026-09-30T02:21:51.136 0.0,0.0,0.0,0.0,0.0,0.18421052631578955
2026-09-30T02:21:51.186 0.0,0.0,0.0,0.0,0.0,0.18421052631578955
2026-09-30T02:21:51.235 0.0,0.0,0.0,0.0,0.0,0.18421052631578955
2026-09-30T02:21:51.285 0.0,0.0,0.0,0.0,0.0,0.18421052631578955
2026-09-30T02:21:51.336 0.0,0.0,0.0,0.0,0.0,0.18421052631578955
2026-09-30T02:21:51.386 0.0,0.0,0.0,0.0,0.0,0.18421052631578955
2026-09-30T02:21:51.436 0.0,0.0,0.0,0.0,0.0,0.18421052631578955
2026-09-30T02:21:51.487 0.0,0.0,0.0,0.0,0.0,0.18421052631578955
2026-09-30T02:21:51.535 0.0,0.0,0.0,0.0,0.0,0.18421052631578955
2026-09-30T02:21:51.586 0.0,0.0,0.0,0.0,0.0,0.18421052631578955
2026-09-30T02:21:51.636 0.0,0.0,0.0,0.0,0.0,0.18421052631578955
2026-09-30T02:21:51.685 0.0,0.0,0.0,0.0,0.0,0.18421052631578955
2026-09-30T02:21:51.736 0.0,0.0,0.0,0.0,0.0,0.18421052631578955
2026-09-30T02:21:51.786 0.0,0.0,0.0,0.0,0.0,0.18421052631578955
2026-09-30T02:21:51.835 0.0,0.0,0.0,0.0,0.0,0.18421052631578955
2026-09-30T02:21:51.885 0.0,0.0,0.0,0.0,0.0,0.18421052631578955
2026-09-30T02:21:51.935 0.0,0.0,0.0,0.0,0.0,0.18421052631578955
2026-09-30T02:21:51.986 0.0,0.0,0.0,0.0,0.0,0.18421052631578955
2026-09-30T02:21:52.035 0.0,0.0,0.0,0.0,0.0,0.18421052631578955
2026-09-30T02:21:52.085 0.0,0.0,0.0,0.0,0.0,0.18421052631578955
2026-09-30T02:21:52.135 0.0,0.0,0.0,0.0,0.0,0.18421052631578955
2026-09-30T02:21:52.185 0.0,0.0,0.0,0.0,0.0,0.18421052631578955
2026-09-30T02:21:52.235 0.0,0.0,0.0,0.0,0.0,0.18421052631578955
2026-09-30T02:21:52.285 0.0,0.0,0.0,0.0,0.0,0.18421052631578955
2026-09-30T02:21:52.335 0.0,0.0,0.0,0.0,0.0,0.18421052631578955
2026-09-30T02:21:52.386 0.0,0.0,0.0,0.0,0.0,0.18421052631578955
2026-09-30T02:21:52.445 0.0,0.0,0.0,0.0,0.0,0.18421052631578955
2026-09-30T02:21:52.485 0.0,0.0,0.0,0.0,0.0,0.18421052631578955
2026-09-30T02:21:52.535 0.0,0.0,0.0,0.0,0.0,0.18421052631578955
2026-09-30T02:21:52.585 0.0,0.0,0.0,0.0,0.0,0.18421052631578955
2026-09-30T02:21:52.635 0.0,0.0,0.0,0.0,0.0,0.18421052631578955
2026-09-30T02:21:52.686 0.0,0.0,0.0,0.0,0.0,0.18421052631578955
2026-09-30T02:21:52.736 0.0,0.0,0.0,0.0,0.0,0.18421052631578955
2026-09-30T02:21:52.786 0.0,0.0,0.0,0.0,0.0,0.18421052631578955
2026-09-30T02:21:52.835 0.0,0.0,0.0,0.0,0.0,0.18421052631578955
2026-09-30T02:21:52.895 0.0,0.0,0.0,0.0,0.0,0.18421052631578955
2026-09-30T02:21:52.935 0.0,0.0,0.0,0.0,0.0,0.18421052631578955
2026-09-30T02:21:52.985 0.0,0.0,0.0,0.0,0.0,0.18421052631578955
2026-09-30T02:21:53.035 0.0,0.0,0.0,0.0,0.0,0.18421052631578955
2026-09-30T02:21:53.085 0.0,0.0,0.0,0.0,0.0,0.18421052631578955
2026-09-30T02:21:53.135 0.0,0.0,0.0,0.0,0.0,0.18421052631578955
2026-09-30T02:21:53.185 0.0,0.0,0.0,0.0,0.0,0.18421052631578955
2026-09-30T02:21:53.245 0.0,0.0,0.0,0.0,0.0,0.18421052631578955
2026-09-30T02:21:53.285 0.0,0.0,0.0,0.0,0.0,0.18421052631578955
2026-09-30T02:21:53.336 0.0,0.0,0.0,0.0,0.0,0.18421052631578955
2026-09-30T02:21:53.386 0.0,0.0,0.0,0.0,0.0,0.18421052631578955
2026-09-30T02:21:53.435 0.0,0.0,0.0,0.0,0.0,0.18421052631578955
2026-09-30T02:21:53.486 0.0,0.0,0.0,0.0,0.0,0.18421052631578955
2026-09-30T02:21:53.535 0.0,0.0,0.0,0.0,0.0,0.024210526315789543
2026-09-30T02:21:53.586 0.0,0.0,0.0,0.0,0.0,0.0
2026-09-30T02:21:53.637 0.0,0.0,0.0,0.0,0.0,0.0
2026-09-30T02:21:53.686 0.0,0.0,0.0,0.0,0.0,0.0
2026-09-30T02:21:53.736 0.0,0.0,0.0,0.0,0.0,0.0
2026-09-30T02:21:53.786 0.0,0.0,0.0,0.0,0.0,0.0
2026-09-30T02:21:53.836 0.0,0.0,0.0,0.0,0.0,0.0
2026-09-30T02:21:53.885 0.0,0.0,0.0,0.0,0.0,0.0
2026-09-30T02:21:53.936 0.0,0.0,0.0,0.0,0.0,0.0
2026-09-30T02:21:53.986 0.0,0.0,0.0,0.0,0.0,0.0
2026-09-30T02:21:54.035 0.0,0.0,0.0,0.0,0.0,0.0
2026-09-30T02:21:54.085 0.0,0.0,0.0,0.0,0.0,0.0
2026-09-30T02:21:54.135 0.0,0.0,0.0,0.0,0.0,0.0
2026-09-30T02:21:54.186 0.0,0.0,0.0,0.0,0.0,0.0
2026-09-30T02:21:54.246 0.0,0.0,0.0,0.0,0.0,0.0
2026-09-30T02:21:54.286 0.0,0.0,0.0,0.0,0.0,0.0
2026-09-30T02:21:54.335 0.0,0.0,0.0,0.0,0.0,0.0
2026-09-30T02:21:54.385 0.0,0.0,0.0,0.0,0.0,0.0
2026-09-30T02:21:54.435 0.0,0.0,0.0,0.0,0.0,0.0
2026-09-30T02:21:54.485 0.0,0.0,0.0,0.0,0.0,0.0
2026-09-30T02:21:54.535 0.0,0.0,0.0,0.0,0.0,0.0
2026-09-30T02:21:54.585 0.0,0.0,0.0,0.0,0.0,0.0
2026-09-30T02:21:54.635 0.0,0.0,0.0,0.0,0.0,0.0
2026-09-30T02:21:54.685 0.0,0.0,0.0,0.0,0.0,0.0
2026-09-30T02:21:54.735 0.0,0.0,0.0,0.0,0.0,0.0
2026-09-30T02:21:54.796 0.0,0.0,0.0,0.0,0.0,0.0
2026-09-30T02:21:54.835 0.0,0.0,0.0,0.0,0.0,0.0
2026-09-30T02:21:54.886 0.0,0.0,0.0,0.0,0.0,0.0
2026-09-30T02:21:54.935 0.0,0.0,0.0,0.0,0.0,0.0
2026-09-30T02:21:54.985 0.0,0.0,0.0,0.0,0.0,0.0
2026-09-30T02:21:55.035 0.0,0.0,0.0,0.0,0.0,0.0
2026-09-30T02:21:55.085 0.0,0.0,0.0,0.0,0.0,0.0
2026-09-30T02:21:55.145 0.0,0.0,0.0,0.0,0.0,0.0
2026-09-30T02:21:55.185 0.0,0.0,0.0,0.0,0.0,0.0
2026-09-30T02:21:55.236 0.0,0.0,0.0,0.0,0.0,0.0
2026-09-30T02:21:55.285 0.0,0.0,0.0,0.0,0.0,0.0
2026-09-30T02:21:55.335 0.0,0.0,0.0,0.0,0.0,0.0
2026-09-30T02:21:55.386 0.0,0.0,0.0,0.0,0.0,0.0
2026-09-30T02:21:55.435 0.0,0.0,0.0,0.0,0.0,0.0
2026-09-30T02:21:55.486 0.0,0.0,0.0,0.0,0.0,0.0
2026-09-30T02:21:55.535 0.0,0.0,0.0,0.0,0.0,0.0
2026-09-30T02:21:55.586 0.0,0.0,0.0,0.0,0.0,0.0
2026-09-30T02:21:55.635 0.0,0.0,0.0,0.0,0.0,0.0
2026-09-30T02:21:55.685 0.0,0.0,0.0,0.0,0.0,0.0
2026-09-30T02:21:55.735 0.0,0.0,0.0,0.0,0.0,0.0
2026-09-30T02:21:55.786 0.0,0.0,0.0,0.0,0.0,0.0
2026-09-30T02:21:55.835 0.0,0.0,0.0,0.0,0.0,0.0
2026-09-30T02:21:55.885 0.0,0.0,0.0,0.0,0.0,0.0
2026-09-30T02:21:55.935 0.0,0.0,0.0,0.0,0.0,0.0
2026-09-30T02:21:55.986 0.0,0.0,0.0,0.0,0.0,0.0
2026-09-30T02:21:56.036 0.0,0.0,0.0,0.0,0.0,0.0
2026-09-30T02:21:56.085 0.0,0.0,0.0,0.0,0.0,0.0
2026-09-30T02:21:56.135 0.0,0.0,0.0,0.0,0.0,0.0
2026-09-30T02:21:56.185 0.0,0.0,0.0,0.0,0.0,0.0
2026-09-30T02:21:56.236 0.0,0.0,0.0,0.0,0.0,0.0
2026-09-30T02:21:56.285 0.0,0.0,0.0,0.0,0.0,0.0
2026-09-30T02:21:56.335 0.0,0.0,0.0,0.0,0.0,0.0
2026-09-30T02:21:56.395 0.0,0.0,0.0,0.0,0.0,0.0
2026-09-30T02:21:56.435 0.0,0.0,0.0,0.0,0.0,0.0
2026-09-30T02:21:56.485 0.0,0.0,0.0,0.0,0.0,0.0
2026-09-30T02:21:56.535 0.0,0.0,0.0,0.0,0.0,0.0
2026-09-30T02:21:56.585 0.0,0.0,0.0,0.0,0.0,0.0
2026-09-30T02:21:56.635 0.0,0.0,0.0,0.0,0.0,0.0
2026-09-30T02:21:56.685 0.0,0.0,0.0,0.0,0.0,0.0
2026-09-30T02:21:56.735 0.0,0.0,0.0,0.0,0.0,0.0
2026-09-30T02:21:56.786 0.0,0.0,0.0,0.0,0.0,0.0
2026-09-30T02:21:56.836 0.0,0.0,0.0,0.0,0.0,0.0
2026-09-30T02:21:56.885 0.0,0.0,0.0,0.0,0.0,0.0
2026-09-30T02:21:56.935 0.0,0.0,0.0,0.0,0.0,0.0
2026-09-30T02:21:56.985 0.0,0.0,0.0,0.0,0.0,0.0
2026-09-30T02:21:57.036 0.0,0.0,0.0,0.0,0.0,0.0
2026-09-30T02:21:57.086 0.0,0.0,0.0,0.0,0.0,0.0
