2026-09-30T02:14:23.465 0.0,0.0,0.0,0.0,0.0,-0.2578947368421052
2026-09-30T02:14:23.513 0.0,0.0,0.0,0.0,0.0,-0.2578947368421052
2026-09-30T02:14:23.564 0.0,0.0,0.0,0.0,0.0,-0.2578947368421052
2026-09-30T02:14:23.614 0.0,0.0,0.0,0.0,0.0,-0.4178947368421052
2026-09-30T02:14:23.664 0.0,0.0,0.0,0.0,0.0,-0.5778947368421052
2026-09-30T02:14:23.714 0.0,0.0,0.0,0.0,0.0,-0.7
2026-09-30T02:14:23.774 0.0,0.0,0.0,0.0,0.0,-0.7
2026-09-30T02:14:23.813 0.0,0.0,0.0,0.0,0.0,-0.7
2026-09-30T02:14:23.863 0.0,0.0,0.0,0.0,0.0,-0.7
2026-09-30T02:14:23.913 0.0,0.0,0.0,0.0,0.0,-0.7
2026-09-30T02:14:23.975 0.0,0.0,0.0,0.0,0.0,-0.7
2026-09-30T02:14:24.013 0.0,0.0,0.0,0.0,0.0,-0.7
2026-09-30T02:14:24.064 0.0,0.0,0.0,0.0,0.0,-0.7
2026-09-30T02:14:24.113 0.0,0.0,0.0,0.0,0.0,-0.7
2026-09-30T02:14:24.163 0.0,0.0,0.0,0.0,0.0,-0.7
2026-09-30T02:14:24.214 0.0,0.0,0.0,0.0,0.0,-0.7
2026-09-30T02:14:24.264 0.0,0.0,0.0,0.0,0.0,-0.7
2026-09-30T02:14:24.314 0.0,0.0,0.0,0.0,0.0,-0.7
2026-09-30T02:14:24.374 0.0,0.0,0.0,0.0,0.0,-0.7
2026-09-30T02:14:24.413 0.0,0.0,0.0,0.0,0.0,-0.7
2026-09-30T02:14:24.463 0.0,0.0,0.0,0.0,0.0,-0.7
2026-09-30T02:14:24.513 0.0,0.0,0.0,0.0,0.0,-0.7
2026-09-30T02:14:24.563 0.0,0.0,0.0,0.0,0.0,-0.7
2026-09-30T02:14:24.613 0.0,0.0,0.0,0.0,0.0,-0.7
2026-09-30T02:14:24.664 0.0,0.0,0.0,0.0,0.0,-0.7
2026-09-30T02:14:24.713 0.0,0.0,0.0,0.0,0.0,-0.7
2026-09-30T02:14:24.764 0.0,0.0,0.0,0.0,0.0,-0.7
2026-09-30T02:14:24.814 0.0,0.0,0.0,0.0,0.0,-0.7
2026-09-30T02:14:24.865 0.0,0.0,0.0,0.0,0.0,-0.7
2026-09-30T02:14:24.913 0.0,0.0,0.0,0.0,0.0,-0.7
2026-09-30T02:14:24.963 0.0,0.0,0.0,0.0,0.0,-0.7
2026-09-30T02:14:25.013 0.0,0.0,0.0,0.0,0.0,-0.7
2026-09-30T02:14:25.065 0.0,0.0,0.0,0.0,0.0,-0.7
2026-09-30T02:14:25.114 0.0,0.0,0.0,0.0,0.0,-0.7
2026-09-30T02:14:25.163 0.0,0.0,0.0,0.0,0.0,-0.7
2026-09-30T02:14:25.214 0.0,0.0,0.0,0.0,0.0,-0.7
2026-09-30T02:14:25.264 0.0,0.0,0.0,0.0,0.0,-0.7
2026-09-30T02:14:25.314 0.0,0.0,0.0,0.0,0.0,-0.7
2026-09-30T02:14:25.364 0.0,0.0,0.0,0.0,0.0,-0.7
2026-09-30T02:14:25.413 0.0,0.0,0.0,0.0,0.0,-0.7
2026-09-30T02:14:25.464 0.0,0.0,0.0,0.0,0.0,-0.7
2026-09-30T02:14:25.513 0.0,0.0,0.0,0.0,0.0,-0.7
2026-09-30T02:14:25.564 0.0,0.0,0.0,0.0,0.0,-0.7
2026-09-30T02:14:25.613 0.0,0.0,0.0,0.0,0.0,-0.7
2026-09-30T02:14:25.664 0.0,0.0,0.0,0.0,0.0,-0.7
2026-09-30T02:14:25.714 0.0,0.0,0.0,0.0,0.0,-0.7
2026-09-30T02:14:25.763 0.0,0.0,0.0,0.0,0.0,-0.7
2026-09-30T02:14:25.814 0.0,0.0,0.0,0.0,0.0,-0.7
2026-09-30T02:14:25.864 0.0,0.0,0.0,0.0,0.0,-0.7
2026-09-30T02:14:25.913 0.0,0.0,0.0,0.0,0.0,-0.7
2026-09-30T02:14:25.964 0.0,0.0,0.0,0.0,0.0,-0.7
2026-09-30T02:14:26.013 0.0,0.0,0.0,0.0,0.0,-0.7
2026-09-30T02:14:26.064 0.0,0.0,0.0,0.0,0.0,-0.7
2026-09-30T02:14:26.115 0.0,0.0,0.0,0.0,0.0,-0.7
2026-09-30T02:14:26.164 0.0,0.0,0.0,0.0,0.0,-0.6263157894736842
2026-09-30T02:14:26.213 0.0,0.0,0.0,0.0,0.0,-0.6263157894736842
2026-09-30T02:14:26.264 0.0,0.0,0.0,0.0,0.0,-0.6263157894736842
2026-09-30T02:14:26.314 0.0,0.0,0.0,0.0,0.0,-0.6263157894736842
2026-09-30T02:14:26.364 0.0,0.0,0.0,0.0,0.0,-0.6263157894736842
2026-09-30T02:14:26.413 0.0,0.0,0.0,0.0,0.0,-0.6263157894736842
2026-09-30T02:14:26.464 0.0,0.0,0.0,0.0,0.0,-0.6263157894736842
2026-09-30T02:14:26.513 0.0,0.0,0.0,0.0,0.0,-0.6263157894736842
2026-09-30T02:14:26.564 0.0,0.0,0.0,0.0,0.0,-0.6263157894736842
2026-09-30T02:14:26.613 0.0,0.0,0.0,0.0,0.0,-0.6263157894736842
2026-09-30T02:14:26.664 0.0,0.0,0.0,0.0,0.0,-0.6263157894736842
2026-09-30T02:14:26.714 0.0,0.0,0.0,0.0,0.0,-0.6263157894736842
2026-09-30T02:14:26.764 0.0,0.0,0.0,0.0,0.0,-0.6263157894736842
2026-09-30T02:14:26.813 0.0,0.0,0.0,0.0,0.0,-0.6263157894736842
2026-09-30T02:14:26.864 0.0,0.0,0.0,0.0,0.0,-0.6263157894736842
2026-09-30T02:14:26.914 0.0,0.0,0.0,0.0,0.0,-0.6263157894736842
2026-09-30T02:14:26.964 0.0,0.0,0.0,0.0,0.0,-0.6263157894736842
2026-09-30T02:14:27.013 0.0,0.0,0.0,0.0,0.0,-0.6263157894736842
2026-09-30T02:14:27.063 0.0,0.0,0.0,0.0,0.0,-0.7
2026-09-30T02:14:27.114 0.0,0.0,0.0,0.0,0.0,-0.7
2026-09-30T02:14:27.164 0.0,0.0,0.0,0.0,0.0,-0.7
2026-09-30T02:14:27.213 0.0,0.0,0.0,0.0,0.0,-0.7
2026-09-30T02:14:27.264 0.0,0.0,0.0,0.0,0.0,-0.7
2026-09-30T02:14:27.314 0.0,0.0,0.0,0.0,0.0,-0.7
2026-09-30T02:14:27.363 0.0,0.0,0.0,0.0,0.0,-0.7
2026-09-30T02:14:27.414 0.0,0.0,0.0,0.0,0.0,-0.7
2026-09-30T02:14:27.464 0.0,0.0,0.0,0.0,0.0,-0.7
2026-09-30T02:14:27.514 0.0,0.0,0.0,0.0,0.0,-0.7
2026-09-30T02:14:27.564 0.0,0.0,0.0,0.0,0.0,-0.7
2026-09-30T02:14:27.614 0.0,0.0,0.0,0.0,0.0,-0.7
2026-09-30T02:14:27.663 0.0,0.0,0.0,0.0,0.0,-0.7
2026-09-30T02:14:27.714 0.0,0.0,0.0,0.0,0.0,-0.7
2026-09-30T02:14:27.765 0.0,0.0,0.0,0.0,0.0,-0.7
2026-09-30T02:14:27.814 0.0,0.0,0.0,0.0,0.0,-0.7
2026-09-30T02:14:27.863 0.0,0.0,0.0,0.0,0.0,-0.7
2026-09-30T02:14:27.914 0.0,0.0,0.0,0.0,0.0,-0.7
2026-09-30T02:14:27.963 0.0,0.0,0.0,0.0,0.0,-0.7
2026-09-30T02:14:28.013 0.0,0.0,0.0,0.0,0.0,-0.5399999999999999
2026-09-30T02:14:28.064 0.0,0.0,0.0,0.0,0.0,-0.3799999999999999
2026-09-30T02:14:28.114 0.0,0.0,0.0,0.0,0.0,-0.2199999999999999
2026-09-30T02:14:28.163 0.0,0.0,0.0,0.0,0.0,-0.05999999999999989
2026-09-30T02:14:28.213 0.0,0.0,0.0,0.0,0.0,0.10000000000000012
2026-09-30T02:14:28.264 0.0,0.0,0.0,0.0,0.0,0.2600000000000001
2026-09-30T02:14:28.313 0.0,0.0,0.0,0.0,0.0,0.42000000000000015
2026-09-30T02:14:28.364 0.0,0.0,0.0,0.0,0.0,0.5800000000000002
2026-09-30T02:14:28.413 0.0,0.0,0.0,0.0,0.0,0.7
2026-09-30T02:14:28.463 0.0,0.0,0.0,0.0,0.0,0.7
2026-09-30T02:14:28.515 0.0,0.0,0.0,0.0,0.0,0.7
2026-09-30T02:14:28.564 0.0,0.0,0.0,0.0,0.0,0.7
2026-09-30T02:14:28.614 0.0,0.0,0.0,0.0,0.0,0.7
2026-09-30T02:14:28.664 0.0,0.0,0.0,0.0,0.0,0.7
2026-09-30T02:14:28.724 0.0,0.0,0.0,0.0,0.0,0.7
2026-09-30T02:14:28.763 0.0,0.0,0.0,0.0,0.0,0.7
2026-09-30T02:14:28.813 0.0,0.0,0.0,0.0,0.0,0.7
2026-09-30T02:14:28.864 0.0,0.0,0.0,0.0,0.0,0.7
2026-09-30T02:14:28.913 0.0,0.0,0.0,0.0,0.0,0.7
2026-09-30T02:14:28.963 0.0,0.0,0.0,0.0,0.0,0.7
2026-09-30T02:14:29.014 0.0,0.0,0.0,0.0,0.0,0.5399999999999999
2026-09-30T02:14:29.064 0.0,0.0,0.0,0.0,0.0,0.3799999999999999
2026-09-30T02:14:29.113 0.0,0.0,0.0,0.0,0.0,0.2199999999999999
2026-09-30T02:14:29.164 0.0,0.0,0.0,0.0,0.0,0.05999999999999989
2026-09-30T02:14:29.213 0.0,0.0,0.0,0.0,0.0,-0.10000000000000012
2026-09-30T02:14:29.264 0.0,0.0,0.0,0.0,0.0,-0.2600000000000001
2026-09-30T02:14:29.314 0.0,0.0,0.0,0.0,0.0,-0.42000000000000015
2026-09-30T02:14:29.374 0.0,0.0,0.0,0.0,0.0,-0.5800000000000002
2026-09-30T02:14:29.414 0.0,0.0,0.0,0.0,0.0,-0.7
2026-09-30T02:14:29.464 0.0,0.0,0.0,0.0,0.0,-0.7
2026-09-30T02:14:29.513 0.0,0.0,0.0,0.0,0.0,-0.7
2026-09-30T02:14:29.564 0.0,0.0,0.0,0.0,0.0,-0.7
2026-09-30T02:14:29.614 0.0,0.0,0.0,0.0,0.0,-0.7
2026-09-30T02:14:29.664 0.0,0.0,0.0,0.0,0.0,-0.7
2026-09-30T02:14:29.714 0.0,0.0,0.0,0.0,0.0,-0.7
2026-09-30T02:14:29.763 0.0,0.0,0.0,0.0,0.0,-0.7
2026-09-30T02:14:29.824 0.0,0.0,0.0,0.0,0.0,-0.7
2026-09-30T02:14:29.864 0.0,0.0,0.0,0.0,0.0,-0.7
2026-09-30T02:14:29.913 0.0,0.0,0.0,0.0,0.0,-0.7
2026-09-30T02:14:29.964 0.0,0.0,0.0,0.0,0.0,-0.7
2026-09-30T02:14:30.013 0.0,0.0,0.0,0.0,0.0,-0.7
2026-09-30T02:14:30.064 0.0,0.0,0.0,0.0,0.0,-0.5399999999999999
2026-09-30T02:14:30.114 0.0,0.0,0.0,0.0,0.0,-0.47894736842105257
2026-09-30T02:14:30.163 0.0,0.0,0.0,0.0,0.0,-0.47894736842105257
2026-09-30T02:14:30.214 0.0,0.0,0.0,0.0,0.0,-0.47894736842105257
2026-09-30T02:14:30.263 0.0,0.0,0.0,0.0,0.0,-0.47894736842105257
2026-09-30T02:14:30.314 0.0,0.0,0.0,0.0,0.0,-0.47894736842105257
2026-09-30T02:14:30.364 0.0,0.0,0.0,0.0,0.0,-0.40526315789473677
2026-09-30T02:14:30.414 0.0,0.0,0.0,0.0,0.0,-0.40526315789473677
2026-09-30T02:14:30.463 0.0,0.0,0.0,0.0,0.0,-0.40526315789473677
2026-09-30T02:14:30.514 0.0,0.0,0.0,0.0,0.0,-0.40526315789473677
2026-09-30T02:14:30.564 0.0,0.0,0.0,0.0,0.0,-0.40526315789473677
2026-09-30T02:14:30.613 0.0,0.0,0.0,0.0,0.0,-0.40526315789473677
2026-09-30T02:14:30.664 0.0,0.0,0.0,0.0,0.0,-0.40526315789473677
2026-09-30T02:14:30.723 0.0,0.0,0.0,0.0,0.0,-0.40526315789473677
2026-09-30T02:14:30.764 0.0,0.0,0.0,0.0,0.0,-0.40526315789473677
2026-09-30T02:14:30.814 0.0,0.0,0.0,0.0,0.0,-0.40526315789473677
2026-09-30T02:14:30.864 0.0,0.0,0.0,0.0,0.0,-0.40526315789473677
2026-09-30T02:14:30.914 0.0,0.0,0.0,0.0,0.0,-0.40526315789473677
2026-09-30T02:14:30.974 0.0,0.0,0.0,0.0,0.0,-0.40526315789473677
2026-09-30T02:14:31.013 0.0,0.0,0.0,0.0,0.0,-0.40526315789473677
2026-09-30T02:14:31.064 0.0,0.0,0.0,0.0,0.0,-0.40526315789473677
2026-09-30T02:14:31.114 0.0,0.0,0.0,0.0,0.0,-0.40526315789473677
2026-09-30T02:14:31.164 0.0,0.0,0.0,0.0,0.0,-0.40526315789473677
2026-09-30T02:14:31.213 0.0,0.0,0.0,0.0,0.0,-0.40526315789473677
2026-09-30T02:14:31.263 0.0,0.0,0.0,0.0,0.0,-0.40526315789473677
2026-09-30T02:14:31.314 0.0,0.0,0.0,0.0,0.0,-0.40526315789473677
2026-09-30T02:14:31.363 0.0,0.0,0.0,0.0,0.0,-0.40526315789473677
2026-09-30T02:14:31.414 0.0,0.0,0.0,0.0,0.0,-0.331578947368421
2026-09-30T02:14:31.474 0.0,0.0,0.0,0.0,0.0,-0.331578947368421
2026-09-30T02:14:31.514 0.0,0.0,0.0,0.0,0.0,-0.331578947368421
2026-09-30T02:14:31.564 0.0,0.0,0.0,0.0,0.0,-0.331578947368421
2026-09-30T02:14:31.613 0.0,0.0,0.0,0.0,0.0,-0.331578947368421
2026-09-30T02:14:31.663 0.0,0.0,0.0,0.0,0.0,-0.331578947368421
2026-09-30T02:14:31.713 0.0,0.0,0.0,0.0,0.0,-0.331578947368421
2026-09-30T02:14:31.764 0.0,0.0,0.0,0.0,0.0,-0.331578947368421
2026-09-30T02:14:31.813 0.0,0.0,0.0,0.0,0.0,-0.331578947368421
2026-09-30T02:14:31.864 0.0,0.0,0.0,0.0,0.0,-0.331578947368421
2026-09-30T02:14:31.914 0.0,0.0,0.0,0.0,0.0,-0.331578947368421
2026-09-30T02:14:31.964 0.0,0.0,0.0,0.0,0.0,-0.331578947368421
2026-09-30T02:14:32.014 0.0,0.0,0.0,0.0,0.0,-0.331578947368421
2026-09-30T02:14:32.064 0.0,0.0,0.0,0.0,0.0,-0.331578947368421
2026-09-30T02:14:32.113 0.125,0.0,0.0,0.0,0.0,-0.491578947368421
2026-09-30T02:14:32.164 0.25,0.0,0.0,0.0,0.0,-0.651578947368421
2026-09-30T02:14:32.213 0.375,0.0,0.0,0.0,0.0,-0.7
2026-09-30T02:14:32.263 0.5,0.0,0.0,0.0,0.0,-0.7
2026-09-30T02:14:32.314 0.625,0.0,0.0,0.0,0.0,-0.7
2026-09-30T02:14:32.363 0.75,0.0,0.0,0.0,0.0,-0.7
2026-09-30T02:14:32.413 0.7578947368421055,0.0,0.0,0.0,0.0,-0.7
2026-09-30T02:14:32.464 0.7578947368421055,0.0,0.0,0.0,0.0,-0.7
2026-09-30T02:14:32.515 0.7578947368421055,0.0,0.0,0.0,0.0,-0.7
2026-09-30T02:14:32.564 0.7578947368421055,0.0,0.0,0.0,0.0,-0.7
2026-09-30T02:14:32.614 0.7578947368421055,0.0,0.0,0.0,0.0,-0.7
2026-09-30T02:14:32.664 0.7578947368421055,0.0,0.0,0.0,0.0,-0.7
2026-09-30T02:14:32.713 0.7578947368421055,0.0,0.0,0.0,0.0,-0.7
2026-09-30T02:14:32.764 0.7578947368421055,0.0,0.0,0.0,0.0,-0.7
2026-09-30T02:14:32.813 0.7578947368421055,0.0,0.0,0.0,0.0,-0.7
2026-09-30T02:14:32.864 0.7578947368421055,0.0,0.0,0.0,0.0,-0.7
2026-09-30T02:14:32.914 0.7578947368421055,0.0,0.0,0.0,0.0,-0.7
2026-09-30T02:14:32.963 0.7578947368421055,0.0,0.0,0.0,0.0,-0.7
2026-09-30T02:14:33.013 0.7578947368421055,0.0,0.0,0.0,0.0,-0.7
2026-09-30T02:14:33.064 0.8,0.0,0.0,0.0,0.0,-0.7
2026-09-30T02:14:33.113 0.7578947368421055,0.0,0.0,0.0,0.0,-0.7
2026-09-30T02:14:33.163 0.7578947368421055,0.0,0.0,0.0,0.0,-0.7
2026-09-30T02:14:33.213 0.7578947368421055,0.0,0.0,0.0,0.0,-0.7
2026-09-30T02:14:33.264 0.7578947368421055,0.0,0.0,0.0,0.0,-0.7
2026-09-30T02:14:33.314 0.7578947368421055,0.0,0.0,0.0,0.0,-0.7
2026-09-30T02:14:33.364 0.7578947368421055,0.0,0.0,0.0,0.0,-0.7
2026-09-30T02:14:33.414 0.7157894736842108,0.0,0.0,0.0,0.0,-0.7
2026-09-30T02:14:33.463 0.7157894736842108,0.0,0.0,0.0,0.0,-0.7
2026-09-30T02:14:33.513 0.7157894736842108,0.0,0.0,0.0,0.0,-0.7
2026-09-30T02:14:33.564 0.6315789473684212,0.0,0.0,0.0,0.0,-0.7
2026-09-30T02:14:33.614 0.6315789473684212,0.0,0.0,0.0,0.0,-0.7
2026-09-30T02:14:33.663 0.6315789473684212,0.0,0.0,0.0,0.0,-0.7
2026-09-30T02:14:33.714 0.6315789473684212,0.0,0.0,0.0,0.0,-0.7
2026-09-30T02:14:33.763 0.6315789473684212,0.0,0.0,0.0,0.0,-0.7
2026-09-30T02:14:33.813 0.5894736842105265,0.0,0.0,0.0,0.0,-0.6263157894736842
2026-09-30T02:14:33.863 0.6315789473684212,0.0,0.0,0.0,0.0,-0.7
2026-09-30T02:14:33.913 0.6315789473684212,0.0,0.0,0.0,0.0,-0.7
2026-09-30T02:14:33.963 0.6315789473684212,0.0,0.0,0.0,0.0,-0.7
2026-09-30T02:14:34.014 0.6315789473684212,0.0,0.0,0.0,0.0,-0.7
2026-09-30T02:14:34.064 0.673684210526316,0.0,0.0,0.0,0.0,-0.7
2026-09-30T02:14:34.113 0.673684210526316,0.0,0.0,0.0,0.0,-0.7
2026-09-30T02:14:34.174 0.6315789473684212,0.0,0.0,0.0,0.0,-0.7
2026-09-30T02:14:34.213 0.6315789473684212,0.0,0.0,0.0,0.0,-0.7
2026-09-30T02:14:34.264 0.6315789473684212,0.0,0.0,0.0,0.0,-0.7
2026-09-30T02:14:34.313 0.5473684210526317,0.0,0.0,0.0,0.0,-0.6263157894736842
2026-09-30T02:14:34.364 0.5894736842105265,0.0,0.0,0.0,0.0,-0.7
2026-09-30T02:14:34.413 0.5894736842105265,0.0,0.0,0.0,0.0,-0.7
2026-09-30T02:14:34.464 0.5894736842105265,0.0,0.0,0.0,0.0,-0.7
2026-09-30T02:14:34.514 0.5894736842105265,0.0,0.0,0.0,0.0,-0.7
2026-09-30T02:14:34.563 0.5894736842105265,0.0,0.0,0.0,0.0,-0.7
2026-09-30T02:14:34.613 0.5894736842105265,0.0,0.0,0.0,0.0,-0.7
2026-09-30T02:14:34.664 0.5894736842105265,0.0,0.0,0.0,0.0,-0.7
2026-09-30T02:14:34.714 0.5894736842105265,0.0,0.0,0.0,0.0,-0.7
2026-09-30T02:14:34.764 0.5894736842105265,0.0,0.0,0.0,0.0,-0.7
2026-09-30T02:14:34.813 0.5894736842105265,0.0,0.0,0.0,0.0,-0.7
2026-09-30T02:14:34.864 0.5894736842105265,0.0,0.0,0.0,0.0,-0.7
2026-09-30T02:14:34.913 0.5894736842105265,0.0,0.0,0.0,0.0,-0.7
2026-09-30T02:14:34.963 0.5894736842105265,0.0,0.0,0.0,0.0,-0.7
2026-09-30T02:14:35.013 0.5894736842105265,0.0,0.0,0.0,0.0,-0.7
2026-09-30T02:14:35.064 0.5894736842105265,0.0,0.0,0.0,0.0,-0.7
2026-09-30T02:14:35.114 0.5894736842105265,0.0,0.0,0.0,0.0,-0.7
2026-09-30T02:14:35.163 0.5894736842105265,0.0,0.0,0.0,0.0,-0.7
2026-09-30T02:14:35.213 0.5894736842105265,0.0,0.0,0.0,0.0,-0.7
2026-09-30T02:14:35.264 0.5894736842105265,0.0,0.0,0.0,0.0,-0.7
2026-09-30T02:14:35.314 0.5894736842105265,0.0,0.0,0.0,0.0,-0.7
2026-09-30T02:14:35.364 0.5473684210526317,0.0,0.0,0.0,0.0,-0.7
2026-09-30T02:14:35.413 0.5894736842105265,0.0,0.0,0.0,0.0,-0.7
2026-09-30T02:14:35.464 0.5894736842105265,0.0,0.0,0.0,0.0,-0.7
2026-09-30T02:14:35.514 0.5894736842105265,0.0,0.0,0.0,0.0,-0.7
2026-09-30T02:14:35.564 0.5894736842105265,0.0,0.0,0.0,0.0,-0.7
2026-09-30T02:14:35.623 0.5894736842105265,0.0,0.0,0.0,0.0,-0.7
2026-09-30T02:14:35.664 0.5894736842105265,0.0,0.0,0.0,0.0,-0.7
2026-09-30T02:14:35.714 0.5894736842105265,0.0,0.0,0.0,0.0,-0.7
2026-09-30T02:14:35.763 0.5894736842105265,0.0,0.0,0.0,0.0,-0.7
2026-09-30T02:14:35.814 0.5894736842105265,0.0,0.0,0.0,0.0,-0.7
2026-09-30T02:14:35.865 0.5894736842105265,0.0,0.0,0.0,0.0,-0.7
2026-09-30T02:14:35.913 0.5894736842105265,0.0,0.0,0.0,0.0,-0.7
2026-09-30T02:14:35.964 0.5894736842105265,0.0,0.0,0.0,0.0,-0.7
2026-09-30T02:14:36.014 0.5894736842105265,0.0,0.0,0.0,0.0,-0.7
2026-09-30T02:14:36.063 0.5894736842105265,0.0,0.0,0.0,0.0,-0.7
2026-09-30T02:14:36.114 0.5894736842105265,0.0,0.0,0.0,0.0,-0.7
2026-09-30T02:14:36.164 0.5894736842105265,0.0,0.0,0.0,0.0,-0.7
2026-09-30T02:14:36.213 0.6315789473684212,0.0,0.0,0.0,0.0,-0.7
2026-09-30T02:14:36.264 0.6315789473684212,0.0,0.0,0.0,0.0,-0.7
2026-09-30T02:14:36.314 0.6315789473684212,0.0,0.0,0.0,0.0,-0.7
2026-09-30T02:14:36.364 0.6315789473684212,0.0,0.0,0.0,0.0,-0.7
2026-09-30T02:14:36.414 0.6315789473684212,0.0,0.0,0.0,0.0,-0.7
2026-09-30T02:14:36.465 0.6315789473684212,0.0,0.0,0.0,0.0,-0.7
2026-09-30T02:14:36.513 0.6315789473684212,0.0,0.0,0.0,0.0,-0.7
2026-09-30T02:14:36.564 0.6315789473684212,0.0,0.0,0.0,0.0,-0.7
2026-09-30T02:14:36.614 0.6315789473684212,0.0,0.0,0.0,0.0,-0.7
2026-09-30T02:14:36.663 0.6315789473684212,0.0,0.0,0.0,0.0,-0.7
2026-09-30T02:14:36.713 0.6315789473684212,0.0,0.0,0.0,0.0,-0.7
2026-09-30T02:14:36.764 0.6315789473684212,0.0,0.0,0.0,0.0,-0.7
2026-09-30T02:14:36.813 0.6315789473684212,0.0,0.0,0.0,0.0,-0.7
2026-09-30T02:14:36.863 0.5894736842105265,0.0,0.0,0.0,0.0,-0.7
2026-09-30T02:14:36.913 0.5894736842105265,0.0,0.0,0.0,0.0,-0.7
2026-09-30T02:14:36.963 0.5894736842105265,0.0,0.0,0.0,0.0,-0.7
2026-09-30T02:14:37.013 0.673684210526316,0.0,0.0,0.0,0.0,-0.7
2026-09-30T02:14:37.064 0.673684210526316,0.0,0.0,0.0,0.0,-0.7
2026-09-30T02:14:37.114 0.673684210526316,0.0,0.0,0.0,0.0,-0.7
2026-09-30T02:14:37.164 0.673684210526316,0.0,0.0,0.0,0.0,-0.7
2026-09-30T02:14:37.214 0.673684210526316,0.0,0.0,0.0,0.0,-0.7
2026-09-30T02:14:37.264 0.6315789473684212,0.0,0.0,0.0,0.0,-0.7
2026-09-30T02:14:37.313 0.6315789473684212,0.0,0.0,0.0,0.0,-0.7
2026-09-30T02:14:37.364 0.6315789473684212,0.0,0.0,0.0,0.0,-0.7
2026-09-30T02:14:37.413 0.5065789473684212,0.0,0.0,0.0,0.0,-0.5399999999999999
2026-09-30T02:14:37.464 0.38157894736842124,0.0,0.0,0.0,0.0,-0.3799999999999999
2026-09-30T02:14:37.513 0.25657894736842124,0.0,0.0,0.0,0.0,-0.2199999999999999
2026-09-30T02:14:37.563 0.13157894736842124,0.0,0.0,0.0,0.0,-0.05999999999999989
2026-09-30T02:14:37.613 0.00657894736842124,0.0,0.0,0.0,0.0,0.0
2026-09-30T02:14:37.663 0.0,0.0,0.0,0.0,0.0,0.0
2026-09-30T02:14:37.714 0.0,0.0,0.0,0.0,0.0,0.0
2026-09-30T02:14:37.763 0.0,0.0,0.0,0.0,0.0,0.0
2026-09-30T02:14:37.813 0.0,0.0,0.0,0.0,0.0,0.0
2026-09-30T02:14:37.864 0.0,0.0,0.0,0.0,0.0,0.0
2026-09-30T02:14:37.913 0.0,0.0,0.0,0.0,0.0,0.0
2026-09-30T02:14:37.963 0.0,0.0,0.0,0.0,0.0,0.0
2026-09-30T02:14:38.013 0.0,0.0,0.0,0.0,0.0,0.0
2026-09-30T02:14:38.064 0.0,0.0,0.0,0.0,0.0,0.0
2026-09-30T02:14:38.114 0.0,0.0,0.0,0.0,0.0,0.0
2026-09-30T02:14:38.164 0.0,0.0,0.0,0.0,0.0,0.0
2026-09-30T02:14:38.213 0.0,0.0,0.0,0.0,0.0,0.0
2026-09-30T02:14:38.264 0.0,0.0,0.0,0.0,0.0,0.0
2026-09-30T02:14:38.314 0.0,0.0,0.0,0.0,0.0,0.0
2026-09-30T02:14:38.364 0.0,0.0,0.0,0.0,0.0,0.0
2026-09-30T02:14:38.414 0.0,0.0,0.0,0.0,0.0,0.0
2026-09-30T02:14:38.464 0.0,0.0,0.0,0.0,0.0,0.0
2026-09-30T02:14:38.514 0.0,0.0,0.0,0.0,0.0,0.0
2026-09-30T02:14:38.564 0.0,0.0,0.0,0.0,0.0,0.0
2026-09-30T02:14:38.613 0.0,0.0,0.0,0.0,0.0,0.0
2026-09-30T02:14:38.664 0.0,0.0,0.0,0.0,0.0,0.0
2026-09-30T02:14:38.714 0.0,0.0,0.0,0.0,0.0,0.0
2026-09-30T02:14:38.764 0.0,0.0,0.0,0.0,0.0,0.0
2026-09-30T02:14:38.814 0.0,0.0,0.0,0.0,0.0,0.0
2026-09-30T02:14:38.864 0.0,0.0,0.0,0.0,0.0,0.0
2026-09-30T02:14:38.914 0.0,0.0,0.0,0.0,0.0,0.0
2026-09-30T02:14:38.964 0.0,0.0,0.0,0.0,0.0,0.0
2026-09-30T02:14:39.015 0.0,0.0,0.0,0.0,0.0,0.0
2026-09-30T02:14:39.064 0.0,0.0,0.0,0.0,0.0,0.0
2026-09-30T02:14:39.113 0.0,0.0,0.0,0.0,0.0,0.0
2026-09-30T02:14:39.163 0.0,0.0,0.0,0.0,0.0,0.0
2026-09-30T02:14:39.214 0.0,0.0,0.0,0.0,0.0,0.0
2026-09-30T02:14:39.263 0.0,0.0,0.0,0.0,0.0,0.0
2026-09-30T02:14:39.313 0.0,0.0,0.0,0.0,0.0,0.0
2026-09-30T02:14:39.364 0.0,0.0,0.0,0.0,0.0,0.0
2026-09-30T02:14:39.413 0.0,0.0,0.0,0.0,0.0,0.0
2026-09-30T02:14:39.465 0.0,0.0,0.0,0.0,0.0,0.0
2026-09-30T02:14:39.513 0.0,0.0,0.0,0.0,0.0,0.0
2026-09-30T02:14:39.563 0.0,0.0,0.0,0.0,0.0,0.0
2026-09-30T02:14:39.613 0.0,0.0,0.0,0.0,0.0,0.0
2026-09-30T02:14:39.664 0.0,0.0,0.0,0.0,0.0,0.0
2026-09-30T02:14:39.723 0.0,0.0,0.0,0.0,0.0,0.0
2026-09-30T02:14:39.763 0.0,0.0,0.0,0.0,0.0,0.0
2026-09-30T02:14:39.814 0.0,0.0,0.0,0.0,0.0,0.0
2026-09-30T02:14:39.864 0.0,0.0,0.0,0.0,0.0,0.0
2026-09-30T02:14:39.914 0.0,0.0,0.0,0.0,0.0,0.0
2026-09-30T02:14:39.963 0.0,0.0,0.0,0.0,0.0,0.0
2026-09-30T02:14:40.014 0.0,0.0,0.0,0.0,0.0,0.0
2026-09-30T02:14:40.063 0.0,0.0,0.0,0.0,0.0,0.0
2026-09-30T02:14:40.113 0.0,0.0,0.0,0.0,0.0,0.0
2026-09-30T02:14:40.164 0.0,0.0,0.0,0.0,0.0,0.0
2026-09-30T02:14:40.213 0.0,0.0,0.0,0.0,0.0,0.0
2026-09-30T02:14:40.264 0.0,0.0,0.0,0.0,0.0,0.0
2026-09-30T02:14:40.313 0.0,0.0,0.0,0.0,0.0,0.0
2026-09-30T02:14:40.363 0.0,0.0,0.0,0.0,0.0,0.0
2026-09-30T02:14:40.413 0.0,0.0,0.0,0.0,0.0,0.0
2026-09-30T02:14:40.464 0.0,0.0,0.0,0.0,0.0,0.0
2026-09-30T02:14:40.513 0.0,0.0,0.0,0.0,0.0,0.0
2026-09-30T02:14:40.564 0.0,0.0,0.0,0.0,0.0,0.0
2026-09-30T02:14:40.614 0.0,0.0,0.0,0.0,0.0,0.0
2026-09-30T02:14:40.664 0.0,0.0,0.0,0.0,0.0,0.0
2026-09-30T02:14:40.713 0.0,0.0,0.0,0.0,0.0,0.0
2026-09-30T02:14:40.764 0.0,0.0,0.0,0.0,0.0,0.0
2026-09-30T02:14:40.813 0.0,0.0,0.0,0.0,0.0,0.0
2026-09-30T02:14:40.864 0.0,0.0,0.0,0.0,0.0,0.0
2026-09-30T02:14:40.924 0.0,0.0,0.0,0.0,0.0,0.0
2026-09-30T02:14:40.964 0.0,0.0,0.0,0.0,0.0,0.0
2026-09-30T02:14:41.013 0.0,0.0,0.0,0.0,0.0,0.0
2026-09-30T02:14:41.064 0.0,0.0,0.0,0.0,0.0,0.0
