2026-09-30T02:14:21.025 0.007308474137587082,-5.636366257656432e-07,-1.1466079245367741e-05,-3.3864139902931783e-07,7.357096481007016e-08,-2.473330611329531e-06,0.9999999999968813
2026-09-30T02:14:21.089 0.007326117039513534,-2.6539128076302724e-07,-1.1523776991900966e-05,-2.2875807340091072e-07,-3.5625378491891744e-08,-1.046189515363834e-05,0.9999999999452476
2026-09-30T02:14:21.165 0.007342806370061399,-5.632043793754705e-07,-1.1520362210525785e-05,-4.5185828088876804e-07,2.9449619851772173e-08,-6.678656022409889e-06,0.9999999999775953
2026-09-30T02:14:21.245 0.007362833552792047,-5.629522301799854e-07,-1.1522224988398325e-05,-2.587618634088939e-07,2.3746610172929197e-08,-4.225547629858631e-06,0.9999999999910386
2026-09-30T02:14:21.317 0.007381430223584932,-3.8390415693876066e-07,-1.1521826005303695e-05,-2.847784076281964e-07,9.892828454835606e-09,-8.272162222629255e-06,0.9999999999657451
2026-09-30T02:14:21.375 0.007399550012946378,-3.836760268995028e-07,-1.1550475348025996e-05,-1.9179478864450793e-07,9.078602985636436e-09,-6.695132729973462e-06,0.9999999999775692
2026-09-30T02:14:21.455 0.0074191001478224935,-4.4303455050224846e-07,-1.1685694469191076e-05,-3.8805588704730743e-07,4.958997627699103e-08,-5.780339623758404e-06,0.9999999999832173
2026-09-30T02:14:21.534 0.007435312659364979,-2.6401649163751017e-07,-1.1666624693170092e-05,-3.3466227378521245e-07,4.458428295989412e-08,-7.452914498369142e-06,0.99999999997217
2026-09-30T02:14:21.591 0.007454386126353375,-6.214042233780747e-07,-1.1696781837540175e-05,-3.4382615278132637e-07,1.594614672566561e-08,-6.977936399516543e-06,0.999999999975595
2026-09-30T02:14:21.653 0.007473936376779733,-5.019487989991127e-07,-1.175749527511221e-05,-3.7650332915516206e-07,5.168532854174144e-08,-5.305641308732197e-06,0.9999999999858529
2026-09-30T02:14:21.733 0.007490625632894433,-5.017386819600542e-07,-1.1798783970187751e-05,-4.2328419428524357e-07,4.656273024696796e-08,-7.931832648203198e-06,0.9999999999684523
2026-09-30T02:14:21.792 0.0075106528870564696,-5.610911693334082e-07,-1.1755943310606566e-05,-3.051183212909636e-07,6.400315727972034e-09,-7.2024041313411575e-06,0.9999999999740161
2026-09-30T02:14:21.874 0.00752877267566747,-5.012583945234848e-07,-1.1784592663078117e-05,-3.8108207427507625e-07,4.57482149766705e-08,-6.67880526811845e-06,0.9999999999776231
2026-09-30T02:14:21.932 0.007546415604906457,-5.010362706402549e-07,-1.1827389218296936e-05,-3.3669030045382634e-07,4.6913486241622124e-08,3.817971742904784e-06,0.9999999999926538
2026-09-30T02:14:22.026 0.007566442767829011,-7.9880734803204e-07,-1.184415308999139e-05,-1.572131853240496e-07,3.6669582784000967e-08,-3.587394853043537e-06,0.9999999999935523
2026-09-30T02:14:22.089 0.007585993015253592,-4.409333445704155e-07,-1.1904866566560422e-05,-3.3840774597009735e-07,6.565551245536239e-08,-3.058691027004098e-06,0.9999999999952628
2026-09-30T02:14:22.161 0.007604112695068349,-1.0963563206781904e-06,-1.2008021514881776e-05,-4.0467872806924535e-07,1.0931417821284248e-07,9.037836696381235e-07,0.9999999999995037
2026-09-30T02:14:22.203 0.007623186266350325,-3.808604328770627e-07,-1.1963673121897551e-05,-3.4833251404550675e-07,1.4493379492685983e-07,-2.925866870649535e-06,0.9999999999956485
2026-09-30T02:14:22.286 0.007638444970160631,-7.382962001961394e-07,-1.2032502253398996e-05,-3.3196159636711375e-07,8.055580505790343e-08,-2.2683309521133245e-06,0.999999999997369
2026-09-30T02:14:22.341 0.007657518616626216,-3.8042817281717923e-07,-1.19434503742148e-05,-2.3255146770923975e-07,9.254769623146431e-08,-1.051095918059889e-05,0.9999999999447285
2026-09-30T02:14:22.421 0.007677068818431056,-1.4176346436477022e-07,-1.203396611642165e-05,-1.8868002859070748e-07,3.829888225211559e-08,-6.280394253239986e-06,0.9999999999802598
2026-09-30T02:14:22.475 0.007695665261875681,-6.18366510940289e-07,-1.2182578451766868e-05,-3.6177120603455844e-07,9.534213395722788e-08,6.856811668986884e-06,0.9999999999764221
2026-09-30T02:14:22.582 0.007715215747905185,-4.989110592219055e-07,-1.2094280463657315e-05,-3.76065981221103e-07,5.785547815489462e-08,-4.161667861315099e-06,0.9999999999912679
2026-09-30T02:14:22.624 0.007732381888453103,-5.582995780635425e-07,-1.210652079391893e-05,-2.4092843072615525e-07,-1.0768679013765227e-07,-1.4389456247186884e-05,0.999999999896437
2026-09-30T02:14:22.702 0.007748594420554125,-1.408629373821996e-07,-1.2072549914326778e-05,-1.6464035657969738e-07,7.089461970148841e-08,-2.9623076748060227e-06,0.9999999999955963
2026-09-30T02:14:22.745 0.007770051931242681,-6.770346027279853e-07,-1.2195883535216268e-05,-1.5257056004561375e-07,5.948747098594856e-08,5.230906755268932e-06,0.9999999999863054
2026-09-30T02:14:22.836 0.007788648509295197,-6.171958299638603e-07,-1.2255089102895774e-05,-3.182590416546306e-07,9.68549870742526e-08,-5.244226271219664e-06,0.9999999999861937
2026-09-30T02:14:22.898 0.007806291437033296,-4.97764416539299e-07,-1.2297885677613092e-05,-4.236150588500033e-07,-3.434629053107834e-08,-1.3965874487174259e-05,0.9999999999023869
2026-09-30T02:14:23.000 0.007824411320636,-4.975362755642727e-07,-1.2266930450062759e-05,-3.487533439424315e-07,8.020784175121338e-08,-2.8849532874276178e-06,0.9999999999957745
2026-09-30T02:14:23.097 0.007843484764814525,-9.14528654809445e-07,-1.2311988727251754e-05,-2.9974635177494204e-07,2.746833019284778e-08,-4.632155075044297e-05,0.9999999989271117
2026-09-30T02:14:23.164 0.007861127886288252,-1.2123297329080059e-06,-1.2235576093179055e-05,-2.409618885719057e-07,-3.1286950461764173e-07,-0.00015901374436110292,0.9999999873572365
2026-09-30T02:14:23.224 0.007879247607220082,-1.3909155453825714e-06,-1.2308928834358085e-05,-3.770980542322909e-07,-2.8126968623954304e-08,-0.00026156765164636326,0.9999999657911097
2026-09-30T02:14:23.304 0.007898320978466334,-1.6290939985175732e-06,-1.2398690568499305e-05,-4.6294714622792955e-07,1.2807835654491005e-06,-0.00044742062877490814,0.9999998999064581
2026-09-30T02:14:23.366 0.007916917695332858,-3.2381852656623755e-06,-1.2383390150359041e-05,-7.278528128752458e-07,2.2632124541316343e-06,-0.000827647358414323,0.9999996574970405
2026-09-30T02:14:23.440 0.007938375344084979,-5.383682326146422e-06,-1.243221779517801e-05,-2.0441283282868324e-06,5.208867756266221e-07,-0.0013280558756724467,0.9999991181311818
2026-09-30T02:14:23.479 0.007961263460952557,-6.0986499046021796e-06,-1.2498208606762033e-05,-3.2188264670727466e-06,-5.725022393831061e-07,-0.00201810466167158,0.9999979636193695
2026-09-30T02:14:23.568 0.007980814011362906,-7.350101277141221e-06,-1.2380108109283432e-05,-5.07798742953e-06,2.334384601667996e-06,-0.002823761511650457,0.9999960131618976
2026-09-30T02:14:23.645 0.008005132667480782,-8.541888000762103e-06,-1.2433459490520222e-05,-5.6558493588144305e-06,1.8379613528267762e-06,-0.0036695219090738585,0.9999932672641312
2026-09-30T02:14:23.706 0.008035173455084747,-9.614393382840857e-06,-1.2436253481842552e-05,-7.568266133366793e-06,1.5127072377461984e-06,-0.004550219834301191,0.9999896476663609
2026-09-30T02:14:23.758 0.008070936025272746,-1.0925245333010608e-05,-1.2612007163277303e-05,-8.499224105765615e-06,3.030001335064155e-06,-0.00544764696233081,0.9999851614204863
2026-09-30T02:14:23.835 0.008110036823107677,-1.1818822702088025e-05,-1.2554620142367734e-05,-1.0489228193960595e-05,2.691280312288909e-06,-0.006373158231508066,0.9999796911622202
2026-09-30T02:14:23.874 0.008153428798848509,-1.2891160015687799e-05,-1.2727535601377553e-05,-1.1532468510336567e-05,2.712079778287634e-06,-0.007312303424963283,0.9999732646817454
2026-09-30T02:14:23.960 0.008201112553510213,-1.509593152179203e-05,-1.275822482011481e-05,-1.3118691635428717e-05,2.6499787828527567e-06,-0.008261803108511124,0.99996587063273
2026-09-30T02:14:23.999 0.008253087624437933,-1.72410443769323e-05,-1.2929809702359499e-05,-1.4749816238476398e-05,2.7776943743300593e-06,-0.009222094466605942,0.9999574754700203
2026-09-30T02:14:24.081 0.00830935443571733,-1.9326498531897656e-05,-1.2974069681884764e-05,-1.604795436688824e-05,3.0482996947207895e-06,-0.010265298048523322,0.9999473103064711
2026-09-30T02:14:24.118 0.00837038954643988,-2.1769520529467973e-05,-1.3070572331335404e-05,-1.829990451988957e-05,3.3864907257122287e-06,-0.01149526838415982,0.9999339270463931
2026-09-30T02:14:24.203 0.00843428583966006,-2.5941041188451427e-05,-1.3082191423078704e-05,-2.030976889870106e-05,3.7705797195345114e-06,-0.012978139665329827,0.999915780185573
2026-09-30T02:14:24.242 0.008505334372776962,-2.9933657897332847e-05,-1.329883434853041e-05,-2.37562590454792e-05,4.508626266006234e-06,-0.01476533170620028,0.9998909862554609
2026-09-30T02:14:24.325 0.008579720938007735,-3.482030223468205e-05,-1.3416446640267744e-05,-2.7001857651244384e-05,6.102291397142308e-06,-0.016871394938985235,0.9998576675039675
2026-09-30T02:14:24.363 0.008658399104479629,-3.9826101822571995e-05,-1.3496140855446858e-05,-3.063935645458406e-05,8.44828424259074e-06,-0.019323734949032455,0.9998132786963153
2026-09-30T02:14:24.450 0.008742799402141066,-4.656036405954439e-05,-1.3540178521052945e-05,-3.531355917785729e-05,1.19642712322545e-05,-0.02213647941251618,0.9997549574215814
2026-09-30T02:14:24.490 0.008837690285601628,-5.460579638704793e-05,-1.349649443577451e-05,-4.003340065442297e-05,1.59818998313111e-05,-0.0253167146375222,0.9996794796842976
2026-09-30T02:14:24.583 0.008944978758211387,-6.479683985919275e-05,-1.3591621321931e-05,-4.577112893684874e-05,1.9380142374691972e-05,-0.028871763801793387,0.9995831224987681
2026-09-30T02:14:24.624 0.009066572647931426,-7.796793543440098e-05,-1.3530551911956318e-05,-5.143391411018554e-05,2.256199769667374e-05,-0.032799847104845826,0.9994619386827132
2026-09-30T02:14:24.705 0.009200564127097207,-9.143689816362591e-05,-1.3593392633075128e-05,-5.8026055951689486e-05,2.5620141607691527e-05,-0.037028354107617845,0.9993142133326565
2026-09-30T02:14:24.739 0.009345999646389574,-0.00010568057719820731,-1.3704129834309363e-05,-6.494164282486567e-05,2.611690360835419e-05,-0.04146929949356754,0.999139776157472
2026-09-30T02:14:24.828 0.009504786699125991,-0.0001230235296568431,-1.3791273142884074e-05,-7.189160427770596e-05,2.5351133443501866e-05,-0.046070622545949694,0.99893818223509
2026-09-30T02:14:24.865 0.009674540936072652,-0.00014334657628623995,-1.3955360925916674e-05,-7.939803826681624e-05,2.310811972422358e-05,-0.05079836309819821,0.9987089262986037
2026-09-30T02:14:24.949 0.009853831921976289,-0.00016694775831231564,-1.414942791674152e-05,-8.677231460546904e-05,2.0077866524636368e-05,-0.05563241630112733,0.9984513139477271
2026-09-30T02:14:24.989 0.010044090139210796,-0.00019352903450368456,-1.4390637096887942e-05,-9.486163779566976e-05,1.6296720938557324e-05,-0.060558252852582234,0.9981646601373589
2026-09-30T02:14:25.077 0.010240547197093542,-0.0002229712556077601,-1.4686350327706192e-05,-0.00010296858807921793,1.2053134199098922e-05,-0.06556654517897446,0.9978481935672807
2026-09-30T02:14:25.118 0.010442726482361874,-0.0002561684972749189,-1.4901703249772469e-05,-0.00011117798835202221,7.391977390132292e-06,-0.07064944030333675,0.9975012000843101
2026-09-30T02:14:25.204 0.010653488601105753,-0.0002921074445700042,-1.5294539032912543e-05,-0.00011957171887245515,2.8019213938980262e-06,-0.07580021773935165,0.9971230178295054
2026-09-30T02:14:25.245 0.010864727735295867,-0.000331026618083797,-1.5598721403252855e-05,-0.00012801626294815877,-1.9232343972303843e-06,-0.08101438489559773,0.9967129240900439
2026-09-30T02:14:25.327 0.011077397580866379,-0.00037286640116194857,-1.580085708811776e-05,-0.000136979670100066,-6.578967881582421e-06,-0.08628636091893856,0.9962703674769484
2026-09-30T02:14:25.369 0.011293405196839416,-0.0004172691419549539,-1.6082775577107226e-05,-0.00014553693487552526,-1.1348792040224003e-05,-0.09161096093795154,0.9957948636773694
2026-09-30T02:14:25.453 0.011507505476023104,-0.00046429451113429073,-1.6376579059411332e-05,-0.00015470155501572604,-1.5816805967021945e-05,-0.0969833040222582,0.9952859963639515
2026-09-30T02:14:25.500 0.011714453044103774,-0.0005114987843184085,-1.676338155937021e-05,-0.00016370661015218502,-1.8828046505028483e-05,-0.1024019379188286,0.9947430904289403
2026-09-30T02:14:25.573 0.01190471144280656,-0.0005581072211609229,-1.7049290891473404e-05,-0.00017273958515838324,-2.2140760849810633e-05,-0.10786742872909526,0.9941652717180358
2026-09-30T02:14:25.612 0.01207541956031478,-0.000602391322992219,-1.7274487185723774e-05,-0.0001819540659622596,-2.453688232585673e-05,-0.11337432250638242,0.9935523284089661
2026-09-30T02:14:25.695 0.012228961445878251,-0.0006430993622686719,-1.751724601005455e-05,-0.00019130895684000594,-2.7216796285428283e-05,-0.11891662901462875,0.9929042239833237
2026-09-30T02:14:25.732 0.012363906710317348,-0.0006823175195565857,-1.7715700662754452e-05,-0.0002005610783561903,-2.979209505322041e-05,-0.12449115959827652,0.992220696251374
2026-09-30T02:14:25.818 0.012481209052410649,-0.0007164695041546743,-1.7826656161217234e-05,-0.00020993680481290025,-3.1658428689002625e-05,-0.130090158019064,0.9915021460949325
2026-09-30T02:14:25.854 0.01257991465662499,-0.0007473434674320394,-1.7952912350799252e-05,-0.0002194382591223279,-3.418588463406034e-05,-0.13571086010964092,0.9907484610770169
2026-09-30T02:14:25.941 0.012650009947493573,-0.0007705883963868186,-1.8048835126554947e-05,-0.00022859727549514285,-3.588183122843933e-05,-0.14135021895192085,0.9899596264787892
2026-09-30T02:14:25.979 0.012688633851768912,-0.0007856678852420759,-1.8139703280934035e-05,-0.00023806950459807945,-3.619155729253978e-05,-0.14700483656117175,0.9891357439910385
2026-09-30T02:14:26.066 0.01270150868491695,-0.0007921050247657737,-1.8055750341972287e-05,-0.0002472580382038726,-3.790083576310812e-05,-0.15267003444061084,0.9882771868311501
2026-09-30T02:14:26.106 0.012689587826535427,-0.0007909130819477108,-1.7992198857461805e-05,-0.00025694313217452174,-3.910693977151273e-05,-0.15834175885408536,0.9873843323923409
2026-09-30T02:14:26.198 0.01265668592049998,-0.0007819727994764367,-1.7984882572610524e-05,-0.0002663452981224497,-4.0543129850070415e-05,-0.1640155400646186,0.9864577183203284
2026-09-30T02:14:26.238 0.012600895710300623,-0.0007649265734860801,-1.7971181255354744e-05,-0.000275682276075119,-4.09283091512192e-05,-0.1696884721705168,0.9854977142219011
2026-09-30T02:14:26.330 0.012526032118784546,-0.0007393571234085302,-1.7808114988830733e-05,-0.0002852101749422498,-4.260093494257619e-05,-0.17535614421959708,0.9845050226000639
2026-09-30T02:14:26.368 0.012434955975795097,-0.0007070525525909798,-1.763431734410429e-05,-0.0002943966527751895,-4.310593436245361e-05,-0.18101720062530266,0.9834798851782726
2026-09-30T02:14:26.471 0.012329574572205333,-0.0006673571859327315,-1.748260643384003e-05,-0.0003040033714319453,-4.366284501069624e-05,-0.1866679452917625,0.9824230167682645
2026-09-30T02:14:26.507 0.012210841757318408,-0.0006211650810793632,-1.725018197396538e-05,-0.0003131729134472464,-4.4605677177528323e-05,-0.1923073954181459,0.9813346858236229
2026-09-30T02:14:26.596 0.01208066458790512,-0.0005679397722470578,-1.7118873483328048e-05,-0.0003225996657654865,-4.452506043054425e-05,-0.19793353879511116,0.9802153886605836
2026-09-30T02:14:26.638 0.011939520455172405,-0.0005086945323306141,-1.6746708447194784e-05,-0.00033176106817571754,-4.558715948736555e-05,-0.2035456605779096,0.9790653971601218
2026-09-30T02:14:26.723 0.01179265381037554,-0.00044366771395895795,-1.6618816619537714e-05,-0.00034086467144683717,-4.5691225435906596e-05,-0.20914304534488024,0.9778849974856231
2026-09-30T02:14:26.763 0.011636250733254654,-0.0003724421325558512,-1.623742892327922e-05,-0.0003499752055193084,-4.5885237859902e-05,-0.21466233319898836,0.9766882604585083
2026-09-30T02:14:26.844 0.011474125160579392,-0.00029674627488248653,-1.610031422101343e-05,-0.00035854135292209203,-4.610119476318188e-05,-0.220036826855046,0.975491498758621
2026-09-30T02:14:26.878 0.011311045866751418,-0.00021723573195064338,-1.596169228255631e-05,-0.0003671009151102056,-4.6097151094695135e-05,-0.2252742595891642,0.9742953202589678
2026-09-30T02:14:26.963 0.011147013062016133,-0.00013563903843679962,-1.5702353684634355e-05,-0.00037558099631370496,-4.59323368585795e-05,-0.23041295730071032,0.9730928660395557
2026-09-30T02:14:27.000 0.010978688502967281,-5.1121771381863543e-05,-1.5555439334326124e-05,-0.0003839825140342063,-4.596141556262869e-05,-0.23547828180217498,0.9718795343274148
2026-09-30T02:14:27.081 0.01080893349950248,3.7567802810422586e-05,-1.5331758163409616e-05,-0.00039213472118475773,-4.5897380286116614e-05,-0.24048714607121138,0.9706522429265358
2026-09-30T02:14:27.117 0.010639178395338976,0.0001286415627853335,-1.5152780810167553e-05,-0.000400344715947649,-4.6219872942947676e-05,-0.24545412322325552,0.9694081240532981
2026-09-30T02:14:27.199 0.010467993119430979,0.00022281474632179587,-1.4733123892580978e-05,-0.00040852880045538314,-4.653630190926014e-05,-0.2503882434420651,0.9681454221781917
2026-09-30T02:14:27.238 0.010295376844165705,0.00032032577190320427,-1.4594327439532455e-05,-0.0004165378882871071,-4.661195369115363e-05,-0.25529540771429765,0.9668630094917811
2026-09-30T02:14:27.321 0.01012133007781775,0.0004201017559810997,-1.4423467281604163e-05,-0.00042443851473949595,-4.6567994205805515e-05,-0.2601813827462169,0.965559664523967
2026-09-30T02:14:27.375 0.009946806621365304,0.0005232155941846019,-1.4132644599016912e-05,-0.00043252440406943416,-4.6791051993441216e-05,-0.2650487611114357,0.9642349117131833
2026-09-30T02:14:27.452 0.009772283232138126,0.0006284751996107837,-1.378221769712999e-05,-0.0004403936654154734,-4.670951533082101e-05,-0.26990094059830955,0.9628879925182308
2026-09-30T02:14:27.493 0.009596805955789047,0.0007357613509304525,-1.3549492407119531e-05,-0.0004484384965626755,-4.692828784674405e-05,-0.2747397090389901,0.9615185328311783
2026-09-30T02:14:27.580 0.00942228246691015,0.000845193281485113,-1.3228868472816368e-05,-0.0004562717445316735,-4.7542525387635036e-05,-0.27956628863670335,0.9601262832636668
2026-09-30T02:14:27.616 0.00924680512152021,0.000957963060123683,-1.2996144079736827e-05,-0.0004641819194813229,-4.781465826948587e-05,-0.2843802023246987,0.9587114700339553
2026-09-30T02:14:27.704 0.009069420312673219,0.0010744283027161441,-1.280510799852865e-05,-0.0004724698366218922,-4.732602398041145e-05,-0.28924495875427314,0.9572549965227342
2026-09-30T02:14:27.744 0.008892989521942998,0.0011953043010749557,-1.2362261075249486e-05,-0.00048110264024733515,-4.877512874800326e-05,-0.2942274941239597,0.9557352917323769
2026-09-30T02:14:27.835 0.008712743923008042,0.0013197565300844287,-1.195808672405663e-05,-0.0004895945181245634,-4.968157913275313e-05,-0.2993178250307136,0.9541533406365204
2026-09-30T02:14:27.874 0.008530590664629073,0.0014485002694736278,-1.1714809922772895e-05,-0.0004982994147611624,-5.078314000470227e-05,-0.3044776253317955,0.9525193566490272
2026-09-30T02:14:27.958 0.008346053326825174,0.0015821315597360488,-1.1363456272592282e-05,-0.0005069919537041799,-5.0827674560479706e-05,-0.3096815333780171,0.9508402012222382
2026-09-30T02:14:27.993 0.008160562256315356,0.0017186238609378836,-1.1025496372800503e-05,-0.0005159152067466486,-5.165477280955312e-05,-0.3149139027263079,0.9491201004261628
2026-09-30T02:14:28.079 0.007974594187462167,0.0018604805741547202,-1.0746387990642142e-05,-0.0005244056888205592,-5.153237956880157e-05,-0.32015992211534505,0.9473633656703132
2026-09-30T02:14:28.114 0.007786718743843527,0.002004602239859154,-1.0464264258668689e-05,-0.0005328760408769352,-5.195940557920823e-05,-0.32541389896381206,0.9455715243727019
2026-09-30T02:14:28.204 0.007601227672111216,0.0021524194235838195,-1.003689935582529e-05,-0.0005418186469357605,-5.234049389016162e-05,-0.3306685312972292,0.9437468019033283
2026-09-30T02:14:28.244 0.007415259474635536,0.002302620787065815,-9.772693481129962e-06,-0.000550566119630761,-5.267336885007629e-05,-0.33592077979981416,0.94189008053018
2026-09-30T02:14:28.346 0.0072292913484338925,0.0024565176385372626,-9.433982498047284e-06,-0.0005595177228566873,-5.286464013562779e-05,-0.341166412216109,0.9400027464432408
2026-09-30T02:14:28.383 0.007045707321901021,0.002613275542969344,-9.12884391842308e-06,-0.000567810532303068,-5.309352026177023e-05,-0.3464044457495153,0.9380850892841484
2026-09-30T02:14:28.467 0.0068621232006729925,0.002771940796025885,-8.868409078479323e-06,-0.0005765717198703702,-5.3475746902710204e-05,-0.35163443247327364,0.9361372178289864
2026-09-30T02:14:28.505 0.006682353593058016,0.002933586329331932,-8.703413021980091e-06,-0.0005855018115058474,-5.317324243126237e-05,-0.3568536010010318,0.9341601371354011
2026-09-30T02:14:28.591 0.00650401460842838,0.0030955895085305394,-8.466173101350477e-06,-0.0005940485192221319,-5.352651171235676e-05,-0.3620028834034655,0.932176784010869
2026-09-30T02:14:28.634 0.006331397714167756,0.0032572351319070554,-8.208177997948725e-06,-0.0006020491158049584,-5.342441829949417e-05,-0.3669969555146606,0.930221946271783
2026-09-30T02:14:28.713 0.006162118769036403,0.0034170926579726083,-7.910756684866501e-06,-0.0006091100800556185,-5.233891928847549e-05,-0.37177564656944506,0.9283224088986644
2026-09-30T02:14:28.758 0.006001422380660373,0.0035737316412192623,-7.969631865681987e-06,-0.0006164139214402528,-5.095087210184984e-05,-0.3762978878917114,0.9264985250965719
2026-09-30T02:14:28.837 0.0058469254785203035,0.0037248870752543822,-7.695580961430217e-06,-0.0006231058374838811,-5.006392837436844e-05,-0.38053545724942245,0.9247661190856267
2026-09-30T02:14:28.879 0.005703872148913545,0.0038693669330889693,-7.812151851185864e-06,-0.0006291164265720068,-4.912439973504577e-05,-0.3844662710838776,0.923138823903628
2026-09-30T02:14:28.959 0.005569402378510228,0.004005859876632363,-7.688972752172939e-06,-0.0006344632978907693,-4.817637510125818e-05,-0.3880758751837498,0.9216272078425892
2026-09-30T02:14:28.997 0.0054468533755636485,0.004133412273515633,-7.748553010813386e-06,-0.000639688937158553,-4.7005236438642524e-05,-0.3913555965910687,0.9202393088786308
2026-09-30T02:14:29.077 0.005334795317092176,0.004249878338593323,-7.571398494010865e-06,-0.0006437921777731504,-4.644964378928187e-05,-0.39430069748793245,0.918981252983211
2026-09-30T02:14:29.114 0.005201278973842979,0.004392808595759655,-7.554036306037237e-06,-0.0006479798871900773,-4.658744763163964e-05,-0.39688480176125435,0.9178681997338209
2026-09-30T02:14:29.196 0.00510543341583283,0.004497234726699086,-7.4621180125947745e-06,-0.0006508019965275124,-4.521572039378907e-05,-0.39913979911734393,0.9168898489856163
2026-09-30T02:14:29.242 0.004999096975023189,0.004613462445189547,-7.56223118388179e-06,-0.000654718002921298,-4.560893603110383e-05,-0.4010391634452264,0.9160606741080607
2026-09-30T02:14:29.316 0.004921848396377656,0.004699172951818121,-7.425207389128253e-06,-0.0006565151310182398,-4.504521128133984e-05,-0.40260438480916244,0.915373845098956
2026-09-30T02:14:29.358 0.004848414734140007,0.004778326995565701,-7.204807107121478e-06,-0.0006580605809459176,-4.484046919474773e-05,-0.40382485206053653,0.9148360802919232
2026-09-30T02:14:29.442 0.004761628962329038,0.004874527799567195,-7.261322422757217e-06,-0.0006599201941394492,-4.4545027280655865e-05,-0.40467100074630746,0.9144621062001749
2026-09-30T02:14:29.481 0.004711560342702916,0.004930913163152723,-7.2268724157292045e-06,-0.0006605710583545114,-4.415690275180073e-05,-0.40520693705694294,0.9142247534698322
2026-09-30T02:14:29.566 0.004694393752221381,0.00494986722403926,-7.3487454590929884e-06,-0.000660789509648911,-4.4139864116258744e-05,-0.4054188022516321,0.9141308200633804
2026-09-30T02:14:29.602 0.004690102143615016,0.004956185262354152,-7.341961121868638e-06,-0.0006607742512724486,-4.354832456075535e-05,-0.40529410895984164,0.9141861116443305
2026-09-30T02:14:29.692 0.0047091758633457294,0.004939496201960717,-7.342313309808149e-06,-0.0006600749399257016,-4.41022897169491e-05,-0.40487556439884104,0.9143715545164239
2026-09-30T02:14:29.726 0.004748277184694103,0.004895150838551091,-7.299820324264138e-06,-0.0006581858557205397,-4.4464187350105874e-05,-0.40418194449278005,0.9146783700079228
2026-09-30T02:14:29.810 0.004814558619931772,0.004820407448508952,-7.270494095550215e-06,-0.0006578536527467766,-4.368299009649172e-05,-0.4033414272593305,0.9150493201881383
2026-09-30T02:14:29.846 0.004896575401685218,0.00473076309533513,-7.549166830683135e-06,-0.0006555893036343233,-4.364831045300832e-05,-0.4025314590336308,0.9154059169492769
2026-09-30T02:14:29.931 0.00498240720923589,0.004638973023012482,-7.640155802030138e-06,-0.0006549261171389365,-4.312701695987025e-05,-0.40185455732614195,0.9157032728826802
2026-09-30T02:14:29.967 0.005052502768975273,0.004562560750875792,-7.989389305114327e-06,-0.0006537079705520095,-4.295786758216471e-05,-0.40137670638349005,0.9159128290362858
2026-09-30T02:14:30.050 0.00509065068400646,0.004523222165658332,-7.736773282409739e-06,-0.0006529713489239272,-4.356982914164753e-05,-0.40113304242983566,0.9160195707522144
2026-09-30T02:14:30.086 0.005089696597302726,0.0045223876885754875,-8.003485852003829e-06,-0.0006533851796901476,-4.341942551420123e-05,-0.40115670521929936,0.9160092079559881
2026-09-30T02:14:30.181 0.005075391546929658,0.004537407878982372,-7.831858980983834e-06,-0.0006537451720969722,-4.3686199937433486e-05,-0.4014538946060862,0.9158789992211697
2026-09-30T02:14:30.219 0.005045827295849388,0.004567925084892783,-7.785120308157727e-06,-0.0006542950978540331,-4.343042005425015e-05,-0.4020183816950196,0.9156313618433136
2026-09-30T02:14:30.303 0.005002435117730736,0.0046150122080130815,-7.3737940944776796e-06,-0.0006575109891081177,-4.373021256788408e-05,-0.4028505817660913,0.9152655213312089
2026-09-30T02:14:30.342 0.00493329284860095,0.004689993980635642,-7.27938764121349e-06,-0.0006577108560922099,-4.462158680087682e-05,-0.4039563405899438,0.9147780278966724
2026-09-30T02:14:30.429 0.0048555672393610985,0.004774273969761692,-7.275719965519765e-06,-0.0006607784184371895,-4.488091750680984e-05,-0.40535383299585703,0.9141596312642294
2026-09-30T02:14:30.465 0.0047778413619524555,0.004859269214594916,-7.435964975066776e-06,-0.0006631702795705431,-4.332427873090303e-05,-0.4070576947811908,0.913402206833118
2026-09-30T02:14:30.551 0.0046963015921895725,0.004948079108764509,-7.053738035538896e-06,-0.0006672032548686651,-4.507067396965856e-05,-0.40907963647633516,0.9124984404528265
2026-09-30T02:14:30.587 0.004606178478407056,0.005050240335287463,-6.7324482513941e-06,-0.0006714647831892184,-4.577869110836279e-05,-0.411406575953641,0.9114516862135137
2026-09-30T02:14:30.672 0.004509855852873479,0.005159911668944152,-6.744084883791031e-06,-0.0006763903277718518,-4.527955800487931e-05,-0.41404635092237774,0.9102555463899956
2026-09-30T02:14:30.711 0.004401135532220738,0.005283887961284167,-6.5871102484635345e-06,-0.0006817315724228342,-4.679272331220282e-05,-0.4169356612641079,0.908935744383928
2026-09-30T02:14:30.793 0.004287647121305096,0.0054140630766871195,-6.199080187819167e-06,-0.0006866723061904663,-4.704360845078136e-05,-0.41999305763291606,0.9075270562403067
2026-09-30T02:14:30.837 0.004170820773406485,0.00555067545170135,-5.805773669592227e-06,-0.0006922124832332788,-4.8161256238560855e-05,-0.42315786152567186,0.9060557062076215
2026-09-30T02:14:30.918 0.00405161000723321,0.005692890633287774,-5.513006415413617e-06,-0.0006972604456546802,-4.8232198041297616e-05,-0.4263951453781654,0.9045367275569628
2026-09-30T02:14:30.960 0.003943366493264044,0.005824853954038682,-5.3120835888526646e-06,-0.0007023942807082788,-4.749815596713572e-05,-0.429622385836122,0.9030083665031449
2026-09-30T02:14:31.041 0.0038360764318249004,0.005955625193873682,-5.2616798531315955e-06,-0.0007073358472836193,-4.7847280455941475e-05,-0.4327543481926194,0.9015116036452432
2026-09-30T02:14:31.098 0.003712573853693057,0.006110953343265183,-5.036635085983828e-06,-0.0007123502259620603,-4.778519700250129e-05,-0.4357761310197068,0.9000548060575122
2026-09-30T02:14:31.171 0.0035990849388299745,0.006254956736216655,-4.857223283119479e-06,-0.0007175879192511906,-4.794825679082248e-05,-0.4387330934783774,0.8986171350778017
2026-09-30T02:14:31.222 0.0034894105179291996,0.006397887293565027,-4.8179530284551885e-06,-0.0007221131674445568,-4.71868564540932e-05,-0.441645174125574,0.8971895098013382
2026-09-30T02:14:31.301 0.0033806900387754,0.0065381952585776715,-4.63117877928563e-06,-0.0007272418940037484,-4.762430075761013e-05,-0.44452313059310283,0.8957670764316251
2026-09-30T02:14:31.338 0.0032734000517512683,0.006678026404439684,-4.461567384905155e-06,-0.0007312174243432573,-4.7297065963838786e-05,-0.4473797197057794,0.8943438094379835
2026-09-30T02:14:31.421 0.0031675402751800198,0.006819168870464111,-4.473031706040985e-06,-0.0007363903650393924,-4.759344645335921e-05,-0.4502158932815852,0.8929194280005103
2026-09-30T02:14:31.461 0.0030621578314384114,0.00696019213325983,-4.172325943818621e-06,-0.0007405016123086364,-4.69896768260536e-05,-0.4530416071160265,0.8914890642464777
2026-09-30T02:14:31.543 0.0029591593730196727,0.007101930681788037,-3.994599089490714e-06,-0.000745894603753243,-4.71616564635567e-05,-0.4558525976087335,0.8900549705891139
2026-09-30T02:14:31.583 0.002856637683483909,0.0072434308177323796,-3.862329553941927e-06,-0.000749864541639694,-4.702512335385569e-05,-0.458657211577303,0.8886129628583752
2026-09-30T02:14:31.663 0.002756023516672131,0.007385884652028614,-3.6138667541224133e-06,-0.0007546108058862733,-4.752207860266896e-05,-0.46145085770868466,0.8871654491830162
2026-09-30T02:14:31.700 0.00265493230980681,0.0075295305731949685,-3.4838593597615126e-06,-0.0007589365535605648,-4.693816280748884e-05,-0.4642406597294865,0.8857087736192115
2026-09-30T02:14:31.782 0.002553840986640803,0.007673057285058111,-3.4283576587429076e-06,-0.0007636349141339184,-4.7649330808818324e-05,-0.4670233089427327,0.8842446739989108
2026-09-30T02:14:31.818 0.002454180673477491,0.007818014526466164,-3.0472928454217066e-06,-0.000767605214876605,-4.7140236151727316e-05,-0.46980282954684316,0.8827710404798133
2026-09-30T02:14:31.903 0.0023554735191603096,0.007964521500587685,-2.980660139655595e-06,-0.0007729670956161589,-4.7343355306035005e-05,-0.47257463029150865,0.8812903148709396
2026-09-30T02:14:31.943 0.002260581310500184,0.008111505359924822,-2.756146384206846e-06,-0.0007771236667298358,-4.6840086837064854e-05,-0.47534339221158134,0.879800007595817
2026-09-30T02:14:32.033 0.0021656886882606106,0.008257654754185956,-2.7998530584954684e-06,-0.0007817286672073985,-4.724894303728108e-05,-0.47804426390369287,0.878335396313165
2026-09-30T02:14:32.073 0.0020731806733713153,0.008401896829878016,-2.5940096475076163e-06,-0.0007852737502614357,-4.643900466875549e-05,-0.48061761188419305,0.8769299244154525
2026-09-30T02:14:32.153 0.0019801954809761596,0.008543277876573923,-2.6258301195747093e-06,-0.0007897703786445608,-4.625790968760953e-05,-0.4830721368649689,0.8755801989010873
2026-09-30T02:14:32.189 0.0018938864048859297,0.00868060589151434,-2.444687811173433e-06,-0.000792745731412714,-4.4580061496759166e-05,-0.48544718000851483,0.8742656375430776
2026-09-30T02:14:32.271 0.0018061466567349466,0.008819602818481667,-2.350690840945166e-06,-0.0007975045579960934,-4.5257633210644635e-05,-0.4877652097339811,0.8729744911000504
2026-09-30T02:14:32.309 0.001723175558744761,0.008950970410974441,-2.1450227829841376e-06,-0.0007999736518231009,-4.496050064208264e-05,-0.4900507268615659,0.8716935488594376
2026-09-30T02:14:32.393 0.0016387734228280985,0.00908686793840484,-2.2351165271142994e-06,-0.0008048510449225992,-4.5116351736338094e-05,-0.49230337004596386,0.8704233119699272
2026-09-30T02:14:32.429 0.0015591401852755803,0.009217877945052945,-2.034725921159253e-06,-0.0008075663196583148,-4.425877050764862e-05,-0.4945405177201577,0.8691541993287951
2026-09-30T02:14:32.517 0.0014790300892406898,0.009354371573021996,-1.803779996927167e-06,-0.000811679731217231,-4.5401050103661496e-05,-0.49675915702219314,0.8678880567385167
2026-09-30T02:14:32.558 0.0014013041392629067,0.009484427929359256,-1.651108382975169e-06,-0.0008145580697725544,-4.460890990773047e-05,-0.49897237330415567,0.8666175080070877
2026-09-30T02:14:32.643 0.0013211937881133222,0.009622471278065006,-1.5691741379051481e-06,-0.0008184516146815539,-4.538378806065113e-05,-0.5011726843741132,0.8653469064568913
2026-09-30T02:14:32.682 0.0013402676573397636,0.009590165800736189,-1.5993260566777108e-06,-0.0008218908054154449,-4.416172533151259e-05,-0.5034294416737269,0.8640359482112567
2026-09-30T02:14:32.765 0.0015386358446535112,0.009237785638245528,-2.076815897168751e-06,-0.0008284872589730773,-4.7978101584611817e-05,-0.50581464505031,0.862641789017662
2026-09-30T02:14:32.801 0.0019463404436370743,0.008509183593513932,-2.6169989356222915e-06,-0.0008351353761167682,-5.2221493999410314e-05,-0.5083676361926902,0.861139736798666
2026-09-30T02:14:32.882 0.002578640554964649,0.007357510607831092,-3.4079058396707422e-06,-0.0008407821031467822,-5.5823701220381894e-05,-0.5111198277216212,0.8595090527033381
2026-09-30T02:14:32.931 0.003448411270566446,0.00574080517336812,-4.484787000345155e-06,-0.0008425430855265939,-5.350810345452062e-05,-0.5141154487615902,0.8577205795611416
2026-09-30T02:14:33.003 0.004522750420250689,0.0036889884075555664,-5.840329564529934e-06,-0.0008426199454303204,-4.441425067644696e-05,-0.5173353048198428,0.8557823732736975
2026-09-30T02:14:33.039 0.005825500067624797,0.0011777419154899006,-7.556929485817896e-06,-0.0008413936655802362,-3.3688126786765216e-05,-0.5208021646860027,0.8536769858559989
2026-09-30T02:14:33.120 0.007334726053484841,-0.0017998487177523506,-9.450893424319138e-06,-0.0008399185514568586,-2.225091546938377e-05,-0.5245454723712281,0.8513820185184608
2026-09-30T02:14:33.155 0.009049474728303156,-0.005262499362660626,-1.1654820741739588e-05,-0.0008388330417596725,-1.0671341976185403e-05,-0.5285506838085792,0.8489013316580049
2026-09-30T02:14:33.242 0.010967839024264086,-0.009241681295701194,-1.4240196283029956e-05,-0.0008375383018513117,1.3321372863996186e-06,-0.532790619670941,0.8462466863264358
2026-09-30T02:14:33.281 0.013088865888666971,-0.013764216618994893,-1.702669409006696e-05,-0.0008369004677476259,1.3269605767749692e-05,-0.5372576498786631,0.8434177595168247
2026-09-30T02:14:33.366 0.015400157707337719,-0.018846556370595603,-2.0039412717899687e-05,-0.0008364764258483094,2.4113296158217136e-05,-0.5419626229086129,0.8404021746138897
2026-09-30T02:14:33.403 0.017880256686113545,-0.02448810477422601,-2.3333832266205814e-05,-0.0008374398086841284,3.3810592056381775e-05,-0.5469109619175953,0.8371903590497094
2026-09-30T02:14:33.500 0.020509135711583068,-0.030683140036120927,-2.6818684037631747e-05,-0.0008402679791929699,4.1024588768656515e-05,-0.5520941430672724,0.8337813559066432
2026-09-30T02:14:33.541 0.023260568775061576,-0.03742248337116021,-3.0377997666780905e-05,-0.0008445363550039918,4.617936763549713e-05,-0.557493033558479,0.8301811863440267
2026-09-30T02:14:33.635 0.026114051719017213,-0.04469141269023267,-3.397935656863731e-05,-0.0008506983850901566,4.870931316704876e-05,-0.5630862349090866,0.8263977044955833
2026-09-30T02:14:33.676 0.029042881292878575,-0.052482239330390056,-3.777425677022834e-05,-0.0008580819527976737,4.9682809726669284e-05,-0.5688598597443687,0.8224340223985132
2026-09-30T02:14:33.758 0.032025600207598356,-0.06079144688769841,-4.147545256987722e-05,-0.0008670553161301465,4.931923672566429e-05,-0.5748023444579107,0.8182918248329144
2026-09-30T02:14:33.795 0.035048856322871344,-0.06961826066995357,-4.5508868329363056e-05,-0.0008761257655744708,4.86369498319986e-05,-0.5808983121980555,0.8139756635941522
2026-09-30T02:14:33.886 0.03808594768921468,-0.07896476717581297,-4.928094134842844e-05,-0.0008866112665491365,4.700037648233161e-05,-0.5871449009252699,0.809481362990453
2026-09-30T02:14:33.923 0.041120661257997855,-0.08882965530727636,-5.313856678332508e-05,-0.0008974581976170726,4.5040630298986095e-05,-0.593533886031677,0.8048084981362097
2026-09-30T02:14:34.004 0.04410912751748586,-0.09914694327486466,-5.6833580149062995e-05,-0.0009082002935779547,4.2797288395216796e-05,-0.6000320679727797,0.7999754313383182
2026-09-30T02:14:34.043 0.047006998475007104,-0.10979676669634156,-6.072801868919627e-05,-0.0009192495116375786,4.0455312001385256e-05,-0.6065539729603063,0.7950417795498367
2026-09-30T02:14:34.125 0.04978137019786099,-0.12067845374103492,-6.53659233979899e-05,-0.0009312831114214815,3.7039206774393e-05,-0.6130343926540209,0.7900556719391231
2026-09-30T02:14:34.162 0.05237597558503024,-0.13157790523306434,-6.919805357461366e-05,-0.0009432716988115612,3.32637236247373e-05,-0.6193957222103728,0.7850783708901409
2026-09-30T02:14:34.247 0.054763629949346394,-0.14229610160602552,-7.376098886995167e-05,-0.0009572837262051092,2.6889737369064377e-05,-0.6255682221663265,0.7801688806280799
2026-09-30T02:14:34.288 0.056929552503474645,-0.15277623981934202,-7.7854176479933e-05,-0.0009735295126298464,1.850137964579769e-05,-0.6315781781105178,0.7753115869330124
2026-09-30T02:14:34.366 0.058889956794691396,-0.16308543449887924,-8.133932648108917e-05,-0.0009891323124228846,1.1098327619814237e-05,-0.6374717861419807,0.770473064660309
2026-09-30T02:14:34.399 0.06065771632716262,-0.173152636746,-8.435601574700459e-05,-0.0010016434203129422,6.699368296320485e-06,-0.6432138812401721,0.765685901427949
2026-09-30T02:14:34.483 0.062253813070008886,-0.1831729322990385,-8.775694813278782e-05,-0.0010146875283304766,2.2719512698303288e-06,-0.6488813509401643,0.7608889293491696
2026-09-30T02:14:34.522 0.06370352362550123,-0.19325486089760446,-8.974922364296962e-05,-0.001024928297127519,7.489883840913223e-07,-0.654556333544148,0.7560125367602492
2026-09-30T02:14:34.602 0.06500016990798779,-0.20337642851206875,-9.164849254258609e-05,-0.0010355365071232575,-1.2640463907106715e-06,-0.6602247001725814,0.75106742236937
2026-09-30T02:14:34.644 0.06616473461430206,-0.2136782422352811,-9.341339904346988e-05,-0.0010458461848126494,-2.8284389954549604e-06,-0.6659158366238542,0.7460261421232569
2026-09-30T02:14:34.722 0.0671848213728602,-0.22420059496309433,-9.447299209824415e-05,-0.0010531664185768354,-1.0422727667147898e-06,-0.6716606204330222,0.7408582197687599
2026-09-30T02:14:34.772 0.06804326031159749,-0.23472002909849576,-9.539621247699109e-05,-0.0010619583501102993,-1.3438189370223728e-06,-0.6773780448904198,0.7356343225700451
2026-09-30T02:14:34.848 0.06873432679195741,-0.2451217461678321,-9.69041877817446e-05,-0.0010733644057706784,-4.164090673342069e-06,-0.6830010534552977,0.7304165995173347
2026-09-30T02:14:34.891 0.06926517330091445,-0.25528671560527827,-9.809927673617209e-05,-0.0010838498680674127,-5.376419143665324e-06,-0.688481070816725,0.7252535007620532
2026-09-30T02:14:34.970 0.0696310310040132,-0.2652001555189981,-9.915275616818883e-05,-0.001094996088747597,-8.190648962144046e-06,-0.6938467657133276,0.7201218415140827
2026-09-30T02:14:35.005 0.06984143801957755,-0.27495165156998347,-9.991577745785644e-05,-0.0011056667456941793,-1.047742817914606e-05,-0.699150412634711,0.7149737602905328
2026-09-30T02:14:35.088 0.06990783973275384,-0.28460951053700745,-0.00010012330204545979,-0.0011161315235475977,-1.246205569923054e-05,-0.7044185356020694,0.7097839676939424
2026-09-30T02:14:35.127 0.06982928241031566,-0.2942119986140825,-0.0001001165420909053,-0.0011254017822042058,-1.2897111169037494e-05,-0.7096600761540659,0.704543334094858
2026-09-30T02:14:35.205 0.06960672058485161,-0.30377872571726033,-9.950957254006119e-05,-0.0011341102955353015,-1.3565126834344076e-05,-0.7148815307438648,0.6992446714928426
2026-09-30T02:14:35.243 0.06923967649691666,-0.3133205995026603,-9.897218909431039e-05,-0.0011423024886780106,-1.3892932534653132e-05,-0.7200824821057494,0.6938875369369548
2026-09-30T02:14:35.325 0.06873196540161107,-0.3228411365962364,-9.818259748252078e-05,-0.0011498391201133307,-1.3448981520568012e-05,-0.725260248127861,0.6884738558395926
2026-09-30T02:14:35.362 0.06808358731589852,-0.3323435556488091,-9.715569832080109e-05,-0.0011576872766957793,-1.3019434198694032e-05,-0.7304120266127089,0.6830058059564202
2026-09-30T02:14:35.445 0.06729263492459517,-0.34182845273083684,-9.587357464880412e-05,-0.0011651189997335435,-1.2316957862536167e-05,-0.735535433937528,0.6774852528050639
2026-09-30T02:14:35.480 0.06635815448944546,-0.3512943973428576,-9.436452112550488e-05,-0.0011724183048158689,-1.1528654687818137e-05,-0.7406271319975234,0.6719152302571595
2026-09-30T02:14:35.570 0.06528157640758735,-0.36074180669938816,-9.270530518571433e-05,-0.0011794764319029922,-1.036123979307966e-05,-0.7456839022074352,0.6662988268912707
2026-09-30T02:14:35.612 0.06406147056385623,-0.37017020398123407,-9.064034569355287e-05,-0.0011863206129179692,-9.282825883183972e-06,-0.7507036583699492,0.6606380324104927
2026-09-30T02:14:35.706 0.06269783623193108,-0.37957803946771346,-8.861667717954573e-05,-0.001193435166297379,-8.43316407613044e-06,-0.7556831814288624,0.6549362602169305
2026-09-30T02:14:35.743 0.061194965469250455,-0.3889642402211266,-8.629835891075648e-05,-0.0012001254957742812,-7.694382787834548e-06,-0.7606197897046295,0.6491964996434253
2026-09-30T02:14:35.821 0.059548566727243506,-0.39832725657474033,-8.367860577002086e-05,-0.0012075877415393692,-6.906092497847267e-06,-0.765513899487609,0.6434182243109278
2026-09-30T02:14:35.859 0.05775911676713143,-0.4076629758020648,-8.077307350267684e-05,-0.0012145460393318478,-6.462808854519339e-06,-0.7703650945510118,0.6376018710242005
2026-09-30T02:14:35.942 0.0558695287595388,-0.41682173009980017,-7.779865172121809e-05,-0.001221914815994407,-6.330053511626868e-06,-0.7751428563489611,0.631784820279252
2026-09-30T02:14:35.975 0.05383641174373068,-0.4259373324418282,-7.501453603856066e-05,-0.0012322866691765859,-8.645310230358409e-06,-0.7798668525144276,0.6259442257454444
2026-09-30T02:14:36.058 0.05164975506033302,-0.43509108368946925,-7.121278921977162e-05,-0.001236768618391232,-6.040791777959712e-06,-0.7845765486762921,0.6200307328141818
2026-09-30T02:14:36.096 0.049317662872688184,-0.4442504992094564,-6.744931336918074e-05,-0.001243453073850238,-5.609896181848124e-06,-0.7892556066377764,0.6140635481640463
2026-09-30T02:14:36.176 0.04683822764032176,-0.45339453858619116,-6.36763927802819e-05,-0.0012499710060587617,-5.097766783828729e-06,-0.7938946702683334,0.6080540190361635
2026-09-30T02:14:36.213 0.044217172087304434,-0.46251026753961877,-5.936663559706813e-05,-0.0012574020596055999,-5.264566168143438e-06,-0.7984886126726968,0.6020085998923745
2026-09-30T02:14:36.304 0.04145640274996795,-0.47159136795346474,-5.4984993992859295e-05,-0.0012645017255556803,-5.414479890071662e-06,-0.8030353486541603,0.5959300544677714
2026-09-30T02:14:36.343 0.038559257700932,-0.4806325945769323,-5.035793262527292e-05,-0.0012717996988253035,-5.509607929077878e-06,-0.8075348777935537,0.5898184497301866
2026-09-30T02:14:36.437 0.035523352643179164,-0.48963049037065015,-4.552638583711172e-05,-0.001278896717544061,-5.881728163305888e-06,-0.8119861871179963,0.5836752490196664
2026-09-30T02:14:36.479 0.03235059477814045,-0.49858290954340656,-4.0567875412475995e-05,-0.0012861909672662178,-5.616500304580587e-06,-0.8163889782861422,0.5775009799248478
2026-09-30T02:14:36.568 0.029040030713835797,-0.5074878553515729,-3.528717896443627e-05,-0.0012938500908890765,-6.3573978642067914e-06,-0.8207432511645993,0.571295756661372
2026-09-30T02:14:36.620 0.025595474775395727,-0.5163423475149218,-2.989894441698233e-05,-0.0013007662718212342,-6.329645264755616e-06,-0.8250484105765474,0.5650605526597611
2026-09-30T02:14:36.691 0.02201645037783845,-0.5251439124466656,-2.4223604533818467e-05,-0.0013079248610883198,-6.760480655845267e-06,-0.8293057074517127,0.5587936406893587
2026-09-30T02:14:36.729 0.018305341311250323,-0.5338912984192907,-1.850334745112766e-05,-0.001315245017523844,-6.788694772312026e-06,-0.8335137113283979,0.5524972064291528
2026-09-30T02:14:36.815 0.014397777359424116,-0.5427219247516634,-1.201052214448207e-05,-0.0013223033362175435,-7.2324830714477195e-06,-0.8377041325276156,0.5461227314512126
2026-09-30T02:14:36.849 0.010265625386471496,-0.5516776938632947,-4.894354739318923e-06,-0.0013265783369627083,-5.7282285232506064e-06,-0.8418972388423279,0.539636247287715
2026-09-30T02:14:36.935 0.005935109477912796,-0.5606917588150118,2.1182251185034325e-06,-0.0013304767921369426,-4.2086205312991744e-06,-0.8460656695819793,0.533077023110723
2026-09-30T02:14:36.973 0.0014343627274359782,-0.5697057663053275,9.280748861606568e-06,-0.00133673646827181,-4.47926951669293e-06,-0.8501885607512334,0.5264766132349061
2026-09-30T02:14:37.054 -0.0032266015790425417,-0.5786860991885032,1.6666785315318504e-05,-0.001342987871310283,-4.280931766971859e-06,-0.8542558409342129,0.5198510888658712
2026-09-30T02:14:37.094 -0.008037293319461795,-0.5876159488226465,2.4215041841070452e-05,-0.0013496152196382383,-4.346001096061362e-06,-0.8582636354810029,0.5132072783299195
2026-09-30T02:14:37.181 -0.012992943935687213,-0.5964844074976915,3.212659334998766e-05,-0.001356625075634073,-4.782473318326285e-06,-0.8622114675396303,0.5065466856950986
2026-09-30T02:14:37.221 -0.01808973926616693,-0.6052848590500937,4.0112285610535315e-05,-0.001362603443941455,-4.958825366604272e-06,-0.8660990998020027,0.49987047583291566
2026-09-30T02:14:37.324 -0.023327678949102135,-0.6140123562942874,4.8440338379752634e-05,-0.0013691587083293757,-5.0800193213038355e-06,-0.8699277230981379,0.4931773331813965
2026-09-30T02:14:37.362 -0.028700564506865898,-0.622663382478228,5.68774328529802e-05,-0.0013755934981921297,-5.288974366421931e-06,-0.8736984108710277,0.48646602610664974
2026-09-30T02:14:37.454 -0.03412065931093971,-0.6311104421620858,6.547853989677858e-05,-0.0013813661825450513,-5.091145549957494e-06,-0.877390599699475,0.47977476732373664
2026-09-30T02:14:37.492 -0.0395555398293832,-0.639305851221899,7.371554790469592e-05,-0.0013925682930639059,-8.2289697527475e-06,-0.8809899794637006,0.47313287432853535
2026-09-30T02:14:37.586 -0.04503953695253162,-0.6473019429679434,8.207488153620758e-05,-0.0013988149853355694,-8.495441387082428e-06,-0.8845144995649405,0.46651060363495184
2026-09-30T02:14:37.623 -0.05068899633787621,-0.6552756850553507,9.08895400999958e-05,-0.0014054703728976744,-8.986832690212989e-06,-0.8880068928093405,0.4598279927270288
2026-09-30T02:14:37.703 -0.05662169408465524,-0.6633832431361998,0.000100703397288424,-0.0014085032328359423,-7.5850202036069795e-06,-0.8915132969770411,0.4529923369928426
2026-09-30T02:14:37.745 -0.06286528690448527,-0.6716356444180098,0.00011135156685330412,-0.001410015701360153,-5.4716753302450176e-06,-0.8950385980966347,0.445986456905357
2026-09-30T02:14:37.835 -0.06936827834024001,-0.6799518855402691,0.00012220126882264769,-0.0014122436859427706,-3.955120706592422e-06,-0.8985523360790104,0.4388641075311145
2026-09-30T02:14:37.875 -0.0759847591506138,-0.6881474882904146,0.0001327535498543802,-0.0014145538229660536,-2.7991627848609814e-06,-0.9019950848282979,0.43174398197917996
2026-09-30T02:14:37.964 -0.08264368191711714,-0.6961416576779742,0.00014276195086960675,-0.001421041317514892,-4.042809774317248e-06,-0.9053347137505628,0.4246964053337587
2026-09-30T02:14:38.001 -0.08925635501210273,-0.7038579496292783,0.00015271207635945307,-0.0014260797823903307,-3.8452079226563936e-06,-0.9085468486142532,0.41778055262874336
2026-09-30T02:14:38.091 -0.0957407638370164,-0.7112088634932369,0.0001623550268991542,-0.0014337041733716268,-4.337943824287346e-06,-0.9115999548615392,0.4110759866131387
2026-09-30T02:14:38.128 -0.10202872181674415,-0.7181369395338398,0.00017137436509423538,-0.0014408651741504887,-4.904415543149893e-06,-0.9144768088214897,0.4046357497937636
2026-09-30T02:14:38.214 -0.10806443923527227,-0.7246106163892533,0.00017983088738976892,-0.0014482471119286592,-5.275144175641275e-06,-0.9171668596701393,0.398500757935654
2026-09-30T02:14:38.256 -0.11381406029475916,-0.7306187773669219,0.00018801378921150114,-0.0014551062316775693,-5.6352250911160904e-06,-0.9196629552161514,0.392705909603095
2026-09-30T02:14:38.336 -0.11924849805569966,-0.7361635678678623,0.0001958025754631942,-0.0014606560860608432,-6.024234393290549e-06,-0.9219630097670236,0.3872751929427423
2026-09-30T02:14:38.372 -0.12434534165038132,-0.7412522295743159,0.00020281908633694714,-0.0014653832581931604,-5.544106733969877e-06,-0.9240670228181808,0.38222766770749805
2026-09-30T02:14:38.451 -0.12908980829080943,-0.7458946268688017,0.0002095018870336528,-0.0014700678759334517,-5.710479417858038e-06,-0.9259782719424905,0.37757393813428075
2026-09-30T02:14:38.502 -0.13347236164541923,-0.7501020547114982,0.00021549317452029343,-0.0014733546877393254,-4.582567301121637e-06,-0.9277023610261644,0.3733177715451598
2026-09-30T02:14:38.569 -0.13748012628289213,-0.7538854205902237,0.00022121962874609215,-0.0014761951067540928,-4.719923172622001e-06,-0.9292399448755406,0.36947387684846045
2026-09-30T02:14:38.612 -0.1411002284699104,-0.7572517576910783,0.00022606484904679971,-0.0014760504396321254,-3.1581755064265658e-06,-0.9305940056821254,0.36605002097202793
2026-09-30T02:14:38.694 -0.1443259914515533,-0.7602109304986171,0.0002305994265750721,-0.0014755351729679852,-2.0966886725088967e-06,-0.9317733629238422,0.36303749522212053
2026-09-30T02:14:38.739 -0.14715073979407514,-0.7627745320322492,0.0002345445876399084,-0.0014748127650066212,-9.554006466071083e-07,-0.9327847518324921,0.3604308972260726
2026-09-30T02:14:38.818 -0.14957161239405325,-0.7649492379761683,0.00023789580975279478,-0.00147767203951366,-1.4348950293171424e-07,-0.9336312688414318,0.35823242500765
2026-09-30T02:14:38.854 -0.1515795486379904,-0.7667360018905439,0.00024108580267540275,-0.0014757757997759713,4.774766575008231e-07,-0.9343213248828514,0.3564287922639169
2026-09-30T02:14:38.936 -0.15316596786430528,-0.7681409629460126,0.0002425363767009588,-0.0014767053611618422,5.092873853737588e-07,-0.9348710074456615,0.35498453315398226
2026-09-30T02:14:38.980 -0.15434326389149217,-0.7691770257038191,0.0002446513189329434,-0.0014735702123194374,1.8338694934827011e-06,-0.935281514058539,0.353901565478077
2026-09-30T02:14:39.065 -0.1551138238420511,-0.7698558429023908,0.0002454823512512641,-0.001475428403891413,1.1662540034838397e-06,-0.9355870511838624,0.3530930369842341
2026-09-30T02:14:39.105 -0.1554981495749763,-0.7701918093213634,0.00024628378869403426,-0.0014763024626340583,1.5116033853026904e-06,-0.9357947762128481,0.35254213555474406
2026-09-30T02:14:39.182 -0.15566313369486784,-0.7703349221506965,0.0002462466490554055,-0.001476616428041291,1.2297998457971993e-06,-0.9358859726241101,0.35229996572216055
2026-09-30T02:14:39.225 -0.1557518244037718,-0.7704132288694114,0.0002463272882865338,-0.0014764881051266881,1.7392388617812245e-06,-0.9358902047274733,0.35228872345707973
2026-09-30T02:14:39.300 -0.1557909245402355,-0.7704480235730742,0.00024640401738610057,-0.0014766383252172368,1.7772058572508351e-06,-0.9358834095634593,0.3523067743316503
2026-09-30T02:14:39.334 -0.15580761373554605,-0.7704622096886603,0.00024637080268865663,-0.0014767328186772088,1.4762653955673515e-06,-0.9358869858283434,0.3522972736413687
2026-09-30T02:14:39.428 -0.1558147661136758,-0.7704701222952967,0.00024642681636164853,-0.001476815993112285,1.5469097326291046e-06,-0.935896165034273,0.352272887526518
2026-09-30T02:14:39.467 -0.1558262100881688,-0.7704783031768736,0.0002464449120214523,-0.001476761170344752,1.6207472545270143e-06,-0.9358987281210112,0.35226607823532013
2026-09-30T02:14:39.549 -0.15583622373451625,-0.7704870353834262,0.0002463415368406764,-0.0014767346104901915,1.525968269030787e-06,-0.935899204987282,0.35226481140859817
2026-09-30T02:14:39.587 -0.15584051472126464,-0.7704926829774944,0.0002466463459864257,-0.0014768842817669133,1.5557664058854046e-06,-0.9359039733217892,0.35225214198196947
2026-09-30T02:14:39.669 -0.15585005159006882,-0.770498598858581,0.00024652731527235804,-0.0014767710196293277,1.5446494195912362e-06,-0.9359070729056651,0.3522439070163174
2026-09-30T02:14:39.708 -0.15585720391620003,-0.7705068988954029,0.0002466131312938564,-0.0014767782990398534,1.2679972882722731e-06,-0.9359118413527174,0.3522312370304681
2026-09-30T02:14:39.791 -0.15586864791125155,-0.7705153181955616,0.000246616325850089,-0.001476777920749539,1.3062572559256663e-06,-0.9359186363983099,0.3522131814222673
2026-09-30T02:14:39.827 -0.1558824760985246,-0.7705267326591427,0.00024659348826144324,-0.0014768351939656744,1.5162914009850827e-06,-0.9359215570304149,0.35220542023267426
2026-09-30T02:14:39.914 -0.15589439690105855,-0.7705374616452896,0.00024659743712553096,-0.0014768641149448395,1.4645798546873104e-06,-0.9359257890094435,0.3521941741955593
2026-09-30T02:14:39.958 -0.15590631766435153,-0.7705475647826612,0.00024663118817238775,-0.0014767005137723101,1.3384784155341008e-06,-0.9359312132538762,0.35217976008130947
2026-09-30T02:14:40.034 -0.155915377403769,-0.7705580255118807,0.0002466604156973103,-0.001476782704752837,1.3519087164649313e-06,-0.9359356240077861,0.3521680377663077
2026-09-30T02:14:40.070 -0.15592825196774365,-0.7705673538008907,0.00024662116876472944,-0.0014768529949839933,1.3932255671115366e-06,-0.9359393195031814,0.35215821602116865
2026-09-30T02:14:40.156 -0.15593874208355293,-0.7705771737981727,0.00024674206483047144,-0.0014768136317864266,1.4202474019569444e-06,-0.9359429554796023,0.3521485526132218
2026-09-30T02:14:40.190 -0.15594923228355115,-0.7705859209118573,0.00024681825729302244,-0.0014769566844816196,1.38174530381371e-06,-0.9359477834250265,0.35213571999844406
2026-09-30T02:14:40.275 -0.15595876896315256,-0.7705956365890314,0.00024678863405587834,-0.0014769165100222783,1.4603411813090891e-06,-0.9359518366417229,0.35212494686187146
2026-09-30T02:14:40.325 -0.15597116656938648,-0.7706052330929257,0.0002468231389499382,-0.0014767886443152218,1.3105633779904945e-06,-0.9359567244069764,0.3521119553933748
2026-09-30T02:14:40.402 -0.15598070314461562,-0.7706157534327934,0.00024685312041468165,-0.0014768471654968737,1.381336015805637e-06,-0.9359612543909411,0.35209991366013993
2026-09-30T02:14:40.441 -0.1559950082133988,-0.7706254691700046,0.0002468161353356858,-0.0014768245808033564,1.3227761713145642e-06,-0.9359653671993888,0.3520889807857115
2026-09-30T02:14:40.519 -0.156004544788628,-0.7706359895098724,0.00024684611680042925,-0.0014768456048520247,1.3108836379531868e-06,-0.9359693607620468,0.3520783643452498
2026-09-30T02:14:40.553 -0.15601551207984915,-0.770645094257459,0.0002467591506832976,-0.0014768701526296619,1.374949136721841e-06,-0.9359742484068424,0.35206537059459375
2026-09-30T02:14:40.637 -0.1560274327842807,-0.7706542586216671,0.0002468376050043083,-0.00147685116539661,1.3137011628754496e-06,-0.9359778247615049,0.35205586270311034
2026-09-30T02:14:40.675 -0.15603696932383349,-0.7706638699906966,0.00024689738860551196,-0.0014769305442863178,1.3823052719762525e-06,-0.935981281827096,0.35204667125760886
2026-09-30T02:14:40.756 -0.15604698290606642,-0.7706720806565992,0.00024683871676713467,-0.0014768137876582286,1.234294357283028e-06,-0.935985811949622,0.35203462734299323
2026-09-30T02:14:40.793 -0.15605699627269184,-0.7706805744445401,0.0002469141552581797,-0.0014769344928161965,1.3493769666998527e-06,-0.9359892689825512,0.352025435177904
2026-09-30T02:14:40.876 -0.15606319508338284,-0.7706875780683478,0.0002469090563520797,-0.0014770261658107642,1.3497381750400048e-06,-0.9359957659271402,0.3520081597894429
2026-09-30T02:14:40.913 -0.15607320853588574,-0.7706948648622401,0.00024693979121799797,-0.0014770135484120813,1.33750717157656e-06,-0.9360002959673612,0.35199611415213267
2026-09-30T02:14:40.989 -0.15608179147194823,-0.7707026880799251,0.00024696826438144455,-0.0014770534715837136,1.227256205763891e-06,-0.9360031570075275,0.35198850603887316
2026-09-30T02:14:41.027 -0.15608799040513105,-0.7707093191747169,0.0002468886597015709,-0.0014770295848322182,1.2351352401225826e-06,-0.9360074486340191,0.3519770936917831
2026-09-30T02:14:41.111 -0.1560975270521366,-0.7707160099161607,0.0002469037393973569,-0.0014770033313202576,1.2977094839003501e-06,-0.9360097732755673,0.35197091185507995
2026-09-30T02:14:41.152 -0.15610372590994823,-0.7707230135399741,0.0002468688382061205,-0.0014770080817440858,1.2210899885849143e-06,-0.9360119190756107,0.351965205374094
2026-09-30T02:14:41.246 -0.15610992464253245,-0.7707287356639083,0.0002469233436606842,-0.0014770660870057697,1.2623740180654817e-06,-0.9360162106373716,0.3519537919929787
2026-09-30T02:14:41.283 -0.1561185075391664,-0.7707359479339789,0.0002469816190093373,-0.001476964748038386,1.200036915005147e-06,-0.9360198466628192,0.3519441223077967
2026-09-30T02:14:41.364 -0.15612756733591415,-0.7707437264541865,0.00024699594495297553,-0.0014769482920052484,1.0541743479198714e-06,-0.9360224097192538,0.35193730567530496
2026-09-30T02:14:41.403 -0.15613758080803752,-0.7707513261724667,0.0002470117787275092,-0.0014769744009211921,1.0790502019992954e-06,-0.9360258072213141,0.3519282693407024
2026-09-30T02:14:41.483 -0.15614473326191372,-0.770758836447759,0.00024702308890698916,-0.0014769894611609878,1.0660062331335918e-06,-0.9360295027604145,0.35191844007253553
2026-09-30T02:14:41.523 -0.1561518856488612,-0.7707660486998195,0.0002470791024654274,-0.0014770182626347445,1.085602147517131e-06,-0.9360326618377035,0.35191003735173115
2026-09-30T02:14:41.604 -0.1561623759124898,-0.7707734845113244,0.00024712549242835856,-0.0014770095168160642,1.1317331743228953e-06,-0.9360351652824026,0.35190337849522224
2026-09-30T02:14:41.642 -0.15616952848848265,-0.7707806520599231,0.0002470622968389396,-0.0014769605099416206,1.0398693639258281e-06,-0.9360385628438413,0.3518943413239366
2026-09-30T02:14:41.721 -0.15617668075837898,-0.770787804707325,0.0002471928161004693,-0.0014771355561477202,1.259889791913483e-06,-0.9360416621998779,0.35188609619456573
2026-09-30T02:14:41.756 -0.15618621759630594,-0.7707943017336953,0.000247088686624025,-0.0014769181186648952,9.500039180799475e-07,-0.9360445830491596,0.35187832734667435
2026-09-30T02:14:41.835 -0.156191462708061,-0.7708014841594278,0.0002470969810295976,-0.0014769450864035108,1.0088012942128336e-06,-0.9360475633109238,0.35187039922658536
2026-09-30T02:14:41.873 -0.15620004575881433,-0.7708076831505538,0.00024706584935710454,-0.0014768824897452284,1.1071156409453438e-06,-0.936050543643497,0.3518624710900548
2026-09-30T02:14:41.954 -0.15620815178377256,-0.7708139417402993,0.00024715317290483434,-0.001476887784458802,9.106569215017038e-07,-0.9360529278657587,0.3518561283189248
2026-09-30T02:14:41.989 -0.15621244346926313,-0.7708202300843806,0.00024701094787834334,-0.0014769204986201773,9.801358463321832e-07,-0.9360559677286462,0.3518480410411118
2026-09-30T02:14:42.066 -0.15622150301855803,-0.7708252071862511,0.0002472040870745847,-0.0014769909138912277,9.599504985240514e-07,-0.9360584115051065,0.3518415392580238
2026-09-30T02:14:42.111 -0.15622722515760906,-0.7708322108040748,0.0002470939262404358,-0.0014768511722852138,1.0121698434931663e-06,-0.9360600805741092,0.35183709933033297
2026-09-30T02:14:42.183 -0.1562339006433957,-0.7708370686666522,0.00024720879005397966,-0.0014770304824594728,9.39154155607721e-07,-0.9360632991380827,0.3518285354925039
2026-09-30T02:14:42.222 -0.15624009955920937,-0.7708432080231218,0.00024714408643624285,-0.001476916352626481,9.913984776928745e-07,-0.9360660410887508,0.35182124074242244
2026-09-30T02:14:42.304 -0.15624677517885344,-0.7708486619321635,0.0002471695434918702,-0.001477003906118795,9.553114509946513e-07,-0.9360690213026206,0.35181331102745794
2026-09-30T02:14:42.358 -0.15625297388056059,-0.7708549652013816,0.0002472389501840573,-0.0014769662251493522,1.0328696560426643e-06,-0.9360709883192542,0.35180807750351323
2026-09-30T02:14:42.439 -0.15626060328869154,-0.7708606128375394,0.00024719140941867226,-0.0014770528636879842,1.0544167188504407e-06,-0.9360733724772362,0.35180173344203336
2026-09-30T02:14:42.499 -0.15626632525689552,-0.7708662157461889,0.00024720045749596135,-0.0014770229986637278,9.655981474576664e-07,-0.9360759951499579,0.35179475508618
2026-09-30T02:14:42.575 -0.15627252404335443,-0.7708714014283256,0.00024722516057764553,-0.0014771447044834897,1.2058619497018459e-06,-0.9360782600689149,0.35178872788709575
2026-09-30T02:14:42.619 -0.15627967638513604,-0.7708765871224555,0.0002473258772323137,-0.0014771300555105323,1.0167271852626435e-06,-0.9360808827296005,0.3517817492052955
2026-09-30T02:14:42.700 -0.15628396805494596,-0.7708822496177642,0.0002471985532460237,-0.0014771234168945479,1.1260415831603102e-06,-0.9360836245953044,0.3517744531225381
2026-09-30T02:14:42.737 -0.15629207409078563,-0.7708876439401604,0.0002472858766523894,-0.0014770229659297573,1.0056599732829083e-06,-0.9360856512672091,0.35176906045556666
2026-09-30T02:14:42.821 -0.15629684250216602,-0.7708933660461063,0.00024721891117619293,-0.0014770236624573768,1.11568176445868e-06,-0.9360878566761587,0.35176319162654185
2026-09-30T02:14:42.863 -0.15630447185312402,-0.77089794079865,0.00024721607366302585,-0.0014770197717933872,8.867854586352373e-07,-0.9360907177509876,0.35175557785520395
2026-09-30T02:14:42.946 -0.15630780968620075,-0.7709034989738043,0.0002471915497975085,-0.001476987312671726,1.2216541224947256e-06,-0.9360925655521974,0.35175066058913196
2026-09-30T02:14:42.991 -0.15631448522286023,-0.7709080588131635,0.0002472766112771698,-0.0014770362494923768,9.596309401801731e-07,-0.9360944728946713,0.3517455844485391
2026-09-30T02:14:43.085 -0.1563197304110032,-0.7709129166577553,0.0002472551030173853,-0.0014770448784183416,1.0531303246193183e-06,-0.9360960822407317,0.351741301457295
2026-09-30T02:14:43.130 -0.15632545253726646,-0.7709171933630752,0.0002471747440223447,-0.0014769567843478284,9.182506667127675e-07,-0.9360985261425041,0.35173479775485067
2026-09-30T02:14:43.208 -0.15632926712279507,-0.7709219468815175,0.0002472105785255567,-0.0014770125997235544,9.517061080951292e-07,-0.9361006719022155,0.35172908679421905
2026-09-30T02:14:43.251 -0.15633546576121676,-0.7709257914591278,0.0002473395893858599,-0.0014769903828001632,8.908386004731069e-07,-0.9361023408783108,0.35172464500054934
2026-09-30T02:14:43.337 -0.1563388035846164,-0.7709302469483511,0.00024732996648254955,-0.0014770333395919212,1.0021038029965581e-06,-0.9361036521689265,0.3517211548478522
2026-09-30T02:14:43.379 -0.15634357186240558,-0.7709334805603586,0.00024736730859729905,-0.001477041097880024,8.477686150103779e-07,-0.9361059171779388,0.35171512644941344
2026-09-30T02:14:43.466 -0.1563488170804877,-0.7709378317654727,0.0002473308991120778,-0.0014770623400785158,1.1099316088906141e-06,-0.9361072284857345,0.35171163623395885
2026-09-30T02:14:43.506 -0.15635215493401403,-0.7709417657140571,0.0002473063749808934,-0.001477095608006767,1.1208057950387487e-06,-0.9361097915029062,0.35170481435387585
2026-09-30T02:14:43.587 -0.15635739987762723,-0.7709454612680459,0.00024744877909924827,-0.001477082095359597,8.694753365446282e-07,-0.9361116988947545,0.35169973758890444
2026-09-30T02:14:43.626 -0.15636312202144723,-0.7709502148105266,0.00024735351903963345,-0.0014770783901060206,1.185575964877059e-06,-0.9361124737713189,0.35169767512419803
2026-09-30T02:14:43.708 -0.15636741343179714,-0.7709540295618145,0.0002474050084619346,-0.0014770715188187804,1.0552115583580022e-06,-0.9361149176088875,0.3516911703309036
2026-09-30T02:14:43.751 -0.15637265867925554,-0.7709579188309342,0.00024735369775858855,-0.0014771051541997986,1.1424968365435654e-06,-0.9361174210201161,0.35168450665575934
2026-09-30T02:14:43.830 -0.156374565822981,-0.7709627766334803,0.00024744612112884785,-0.0014771737640186453,1.1007261609066341e-06,-0.9361187918961039,0.3516808573343714
2026-09-30T02:14:43.870 -0.15638171827682693,-0.770966546717308,0.0002474872329816988,-0.001477213885457969,1.1833461982932827e-06,-0.9361204012172729,0.3516765733775122
2026-09-30T02:14:43.953 -0.15638600986721687,-0.7709710320208715,0.00024741951337313374,-0.001477181972467805,1.0190976984136621e-06,-0.9361220105953668,0.35167228951293533
2026-09-30T02:14:44.005 -0.156390778308615,-0.7709743699410265,0.0002473525475069673,-0.0014771021415372894,1.16207818938468e-06,-0.9361243948849778,0.35166594300436205
2026-09-30T02:14:44.077 -0.15639554657458474,-0.7709785423261891,0.0002473898897752675,-0.001477166381620215,8.795165657187426e-07,-0.9361260041870496,0.3516616587907979
2026-09-30T02:14:44.117 -0.15639983793687598,-0.7709824315832776,0.0002474711814948915,-0.0014769878195586244,8.689300867335e-07,-0.9361275540754278,0.35165753369860114
2026-09-30T02:14:44.208 -0.15640365265333891,-0.7709861420204502,0.0002474325101146509,-0.0014771948008791948,1.1119120148531628e-06,-0.9361291632647034,0.3516532490673312
2026-09-30T02:14:44.305 -0.15640651372305203,-0.7709896289282008,0.0002473774296951392,-0.001477117176327736,8.116393137265846e-07,-0.9361307726789243,0.3516489649746589
2026-09-30T02:14:44.393 -0.15641080518164824,-0.770993354272527,0.0002473991168176802,-0.0014771390792969242,1.0676810764310652e-06,-0.9361317263522282,0.35164642608136587
2026-09-30T02:14:44.448 -0.15641509659950265,-0.7709965729773671,0.0002474506061424888,-0.0014771039452341277,8.430549840438945e-07,-0.9361332761272035,0.35164230048527023
2026-09-30T02:14:44.516 -0.15641938799492236,-0.7709997022752374,0.0002475169965952418,-0.0014771611123123838,9.597995429491298e-07,-0.9361347662235788,0.35163833332225386
2026-09-30T02:14:44.556 -0.15642320286381622,-0.771002533543916,0.00024738891821579086,-0.0014770935368336427,1.0070679216202046e-06,-0.9361365544468744,0.35163357294491043
2026-09-30T02:14:44.645 -0.15642701732636885,-0.7710058267485452,0.0002475141593355552,-0.001477194752671803,1.2566054794502192e-06,-0.93613780608579,0.3516302403249293
2026-09-30T02:14:44.687 -0.15642987828071933,-0.7710091199411865,0.00024753358459719924,-0.0014771775786569573,1.1959756399677187e-06,-0.9361387597899593,0.3516277013602424
2026-09-30T02:14:44.767 -0.15643226247800635,-0.7710117127732568,0.00024750755238651343,-0.0014771954174139063,1.0211222899183424e-06,-0.9361403095230636,0.3516235754023312
2026-09-30T02:14:44.808 -0.15643560041947382,-0.7710142758150195,0.00024743832460339185,-0.0014771325435877548,1.2043450839669739e-06,-0.9361413824747066,0.35162071909423026
2026-09-30T02:14:44.890 -0.1564398918657664,-0.7710171070896714,0.0002474749127222622,-0.0014771566069506224,8.58074194336625e-07,-0.936142097723602,0.3516188147373178
2026-09-30T02:14:44.929 -0.15644227585251147,-0.7710195807124273,0.00024758299077519137,-0.0014771381301701986,1.0698187907741444e-06,-0.9361435878797871,0.35161484743019505
2026-09-30T02:14:45.023 -0.15644513695647877,-0.7710222182539925,0.0002475130090741847,-0.0014772626648234624,1.018504329976275e-06,-0.936145197134218,0.3516105623790588
2026-09-30T02:14:45.059 -0.15644895159108277,-0.7710249452145155,0.00024753394210335407,-0.0014772593374831901,1.2087620255853912e-06,-0.9361456143765019,0.3516094515041235
2026-09-30T02:14:45.142 -0.15645181267655525,-0.771027180424726,0.0002474788614791082,-0.0014771388953548925,1.1646518665280458e-06,-0.9361468661906235,0.3516061190889636
2026-09-30T02:14:45.183 -0.15645419666855342,-0.7710292368149685,0.0002475869394637925,-0.001477197280980713,1.0734559076908305e-06,-0.9361482966803577,0.3516023101595119
2026-09-30T02:14:45.260 -0.15645610407827504,-0.7710316806294286,0.0002475303510135257,-0.0014771134242955474,8.442356265082188e-07,-0.9361490120145796,0.35160040591464864
2026-09-30T02:14:45.301 -0.1564589651420633,-0.7710337668280244,0.00024749017150747484,-0.0014770775144688252,1.0971412174509834e-06,-0.936149727310939,0.35159850155606065
2026-09-30T02:14:45.392 -0.15645848825605055,-0.7710358231822628,0.00024750431905632043,-0.0014771083665391976,1.094138853729798e-06,-0.9361508597941356,0.351595486114906
2026-09-30T02:14:45.430 -0.15646182598997785,-0.7710380285961324,0.00024756920149781675,-0.0014771802363699122,8.921259599307135e-07,-0.9361514557939269,0.3515938989127439
2026-09-30T02:14:45.515 -0.15646564063133586,-0.7710402191148522,0.00024759013443924295,-0.001477208976497807,1.2226402413391223e-06,-0.9361523498561727,0.351591518257923
2026-09-30T02:14:45.554 -0.15646897852436945,-0.7710428864647378,0.00024755070895831884,-0.0014773169199544481,1.0025528618671876e-06,-0.9361539591237068,0.35158723291769567
2026-09-30T02:14:45.632 -0.15647136264984984,-0.771045568703767,0.0002475693801899614,-0.0014771661643691884,1.1313717360527638e-06,-0.9361551513561464,0.3515840590359489
2026-09-30T02:14:45.670 -0.1564737467297105,-0.7710481317335011,0.00024761785368724177,-0.0014772623187268086,9.946928832842671e-07,-0.9361561049707208,0.3515815194533142
2026-09-30T02:14:45.757 -0.1564770845797509,-0.771050471257835,0.0002476082304378331,-0.0014773339091518935,1.1627746883997125e-06,-0.9361569989990781,0.3515791386134978
2026-09-30T02:14:45.797 -0.15647899192310666,-0.7710525723455796,0.0002475963453592125,-0.0014772002877953975,1.1101504931922693e-06,-0.9361581316122946,0.3515761233278724
2026-09-30T02:14:45.875 -0.15648137611983082,-0.7710552098811333,0.00024757031315583873,-0.001477115133759639,8.409470791568457e-07,-0.9361598006381399,0.35157167946143325
2026-09-30T02:14:45.931 -0.1564851908447363,-0.7710582497660521,0.0002475316416659191,-0.0014773470767878711,1.1623123685684773e-06,-0.9361606349340831,0.3515694569271883
2026-09-30T02:14:45.995 -0.15648900547896508,-0.7710610065288974,0.0002475525746999631,-0.0014771660418942602,9.107306936917821e-07,-0.9361617079791028,0.35156660036656584
2026-09-30T02:14:46.034 -0.15649186653937633,-0.7710633609483947,0.00024751239523778377,-0.0014772180266617127,1.1619986173366975e-06,-0.9361634365022429,0.3515619973516228
2026-09-30T02:14:46.115 -0.15649377375348622,-0.7710663710069583,0.00024757501602068005,-0.0014772098719735701,7.55260233493198e-07,-0.9361644498049181,0.3515592990832114
2026-09-30T02:14:46.154 -0.15649949580783393,-0.7710688744740851,0.0002475542613058719,-0.001477165933946088,1.0292979609397187e-06,-0.9361650458963026,0.35155771193606034
2026-09-30T02:14:46.234 -0.15650092619419936,-0.7710711841720693,0.0002476161280441428,-0.0014771331484426718,9.839794810408181e-07,-0.9361665956694445,0.35155358514652735
2026-09-30T02:14:46.272 -0.15650235655456557,-0.7710736875851464,0.000247692895956667,-0.0014772647947811916,9.345478864839389e-07,-0.9361680261012709,0.35154977541381355
2026-09-30T02:14:46.358 -0.15650664831145727,-0.7710761761331265,0.00024753576916609313,-0.0014771475974821855,9.641744050209253e-07,-0.9361681454052481,0.3515494582026036
2026-09-30T02:14:46.397 -0.15650950911889627,-0.7710780388142741,0.0002476595021917323,-0.001477251256658503,1.1981968517651049e-06,-0.9361692778309114,0.351546442127977
2026-09-30T02:14:46.485 -0.15650998592750434,-0.7710802590932953,0.00024766025648496345,-0.0014772284414007442,9.484370602309358e-07,-0.9361710660188051,0.35154168023784405
2026-09-30T02:14:46.527 -0.15651427737792434,-0.7710827625424009,0.00024769684455021296,-0.0014774143312491347,1.2953283617753204e-06,-0.9361711254775446,0.35154152111425446
2026-09-30T02:14:46.606 -0.15651618484264626,-0.7710845805080966,0.00024761045371244267,-0.00147718636772537,9.745183519300586e-07,-0.9361720793483332,0.35153898186133403
2026-09-30T02:14:46.647 -0.15651809216375498,-0.77108657728771,0.0002476134697593291,-0.0014773352507388747,1.2915937395528604e-06,-0.9361733905552413,0.35153548938221385
2026-09-30T02:14:46.730 -0.15651952269485933,-0.7710886187648092,0.00024758592959831947,-0.0014772503193150961,1.0833553130142542e-06,-0.9361742251016423,0.3515332672531298
2026-09-30T02:14:46.770 -0.15652190659768175,-0.7710902728236886,0.00024775361208746906,-0.0014774636980066026,1.3455277163296883e-06,-0.9361743441443058,0.35153294933076984
2026-09-30T02:14:46.863 -0.15652476773552795,-0.771092090801391,0.0002476687291098421,-0.001477274191650979,1.012852997956808e-06,-0.9361751191677042,0.35153088614127737
2026-09-30T02:14:46.901 -0.1565261983453805,-0.771093491528567,0.0002475964854163236,-0.0014771947981908633,1.1543836270682504e-06,-0.9361763709493964,0.35152755278955533
2026-09-30T02:14:46.981 -0.15652905932130629,-0.7710950710876714,0.00024761591039767665,-0.0014771553418497152,1.0266831924648016e-06,-0.9361775034881683,0.35152453680177526
2026-09-30T02:14:47.019 -0.1565309666846577,-0.7710974552974813,0.0002475891242227969,-0.0014772080440505356,1.0192996929554073e-06,-0.9361783379257822,0.35152231430433467
