2026-09-30T01:38:51.737 0.0,0.0,0.0,0.0,0.0,0.16
2026-09-30T01:38:51.785 0.0,0.0,0.0,0.0,0.0,0.32
2026-09-30T01:38:51.835 0.0,0.0,0.0,0.0,0.0,0.48
2026-09-30T01:38:51.886 0.0,0.0,0.0,0.0,0.0,0.64
2026-09-30T01:38:51.936 0.0,0.0,0.0,0.0,0.0,0.7
2026-09-30T01:38:51.986 0.0,0.0,0.0,0.0,0.0,0.7
2026-09-30T01:38:52.037 0.0,0.0,0.0,0.0,0.0,0.7
2026-09-30T01:38:52.086 0.0,0.0,0.0,0.0,0.0,0.7
2026-09-30T01:38:52.136 0.0,0.0,0.0,0.0,0.0,0.7
2026-09-30T01:38:52.186 0.0,0.0,0.0,0.0,0.0,0.7
2026-09-30T01:38:52.236 0.0,0.0,0.0,0.0,0.0,0.7
2026-09-30T01:38:52.286 0.0,0.0,0.0,0.0,0.0,0.7
2026-09-30T01:38:52.336 0.0,0.0,0.0,0.0,0.0,0.7
2026-09-30T01:38:52.386 0.0,0.0,0.0,0.0,0.0,0.7
2026-09-30T01:38:52.436 0.0,0.0,0.0,0.0,0.0,0.7
2026-09-30T01:38:52.486 0.0,0.0,0.0,0.0,0.0,0.7
2026-09-30T01:38:52.536 0.0,0.0,0.0,0.0,0.0,0.7
2026-09-30T01:38:52.587 0.0,0.0,0.0,0.0,0.0,0.7
2026-09-30T01:38:52.636 0.0,0.0,0.0,0.0,0.0,0.7
2026-09-30T01:38:52.686 0.0,0.0,0.0,0.0,0.0,0.7
2026-09-30T01:38:52.736 0.0,0.0,0.0,0.0,0.0,0.7
2026-09-30T01:38:52.796 0.0,0.0,0.0,0.0,0.0,0.7
2026-09-30T01:38:52.836 0.0,0.0,0.0,0.0,0.0,0.7
2026-09-30T01:38:52.896 0.0,0.0,0.0,0.0,0.0,0.7
2026-09-30T01:38:52.936 0.0,0.0,0.0,0.0,0.0,0.7
2026-09-30T01:38:52.986 0.0,0.0,0.0,0.0,0.0,0.7
2026-09-30T01:38:53.036 0.0,0.0,0.0,0.0,0.0,0.7
2026-09-30T01:38:53.086 0.0,0.0,0.0,0.0,0.0,0.7
2026-09-30T01:38:53.136 0.0,0.0,0.0,0.0,0.0,0.7
2026-09-30T01:38:53.186 0.0,0.0,0.0,0.0,0.0,0.7
2026-09-30T01:38:53.236 0.0,0.0,0.0,0.0,0.0,0.7
2026-09-30T01:38:53.286 0.0,0.0,0.0,0.0,0.0,0.7
2026-09-30T01:38:53.336 0.0,0.0,0.0,0.0,0.0,0.7
2026-09-30T01:38:53.386 0.0,0.0,0.0,0.0,0.0,0.7
2026-09-30T01:38:53.436 0.0,0.0,0.0,0.0,0.0,0.7
2026-09-30T01:38:53.486 0.0,0.0,0.0,0.0,0.0,0.7
2026-09-30T01:38:53.536 0.0,0.0,0.0,0.0,0.0,0.7
2026-09-30T01:38:53.586 0.0,0.0,0.0,0.0,0.0,0.7
2026-09-30T01:38:53.636 0.0,0.0,0.0,0.0,0.0,0.7
2026-09-30T01:38:53.686 0.0,0.0,0.0,0.0,0.0,0.7
2026-09-30T01:38:53.736 0.0,0.0,0.0,0.0,0.0,0.7
2026-09-30T01:38:53.786 0.0,0.0,0.0,0.0,0.0,0.7
2026-09-30T01:38:53.836 0.0,0.0,0.0,0.0,0.0,0.7
2026-09-30T01:38:53.886 0.0,0.0,0.0,0.0,0.0,0.7
2026-09-30T01:38:53.936 0.0,0.0,0.0,0.0,0.0,0.7
2026-09-30T01:38:53.986 0.0,0.0,0.0,0.0,0.0,0.7
2026-09-30T01:38:54.036 0.0,0.0,0.0,0.0,0.0,0.7
2026-09-30T01:38:54.086 0.0,0.0,0.0,0.0,0.0,0.7
2026-09-30T01:38:54.136 0.0,0.0,0.0,0.0,0.0,0.7
2026-09-30T01:38:54.186 0.0,0.0,0.0,0.0,0.0,0.7
2026-09-30T01:38:54.236 0.0,0.0,0.0,0.0,0.0,0.7
2026-09-30T01:38:54.286 0.0,0.0,0.0,0.0,0.0,0.7
2026-09-30T01:38:54.336 0.0,0.0,0.0,0.0,0.0,0.7
2026-09-30T01:38:54.386 0.0,0.0,0.0,0.0,0.0,0.7
2026-09-30T01:38:54.436 0.0,0.0,0.0,0.0,0.0,0.7
2026-09-30T01:38:54.486 0.0,0.0,0.0,0.0,0.0,0.7
2026-09-30T01:38:54.537 0.0,0.0,0.0,0.0,0.0,0.7
2026-09-30T01:38:54.587 0.0,0.0,0.0,0.0,0.0,0.7
2026-09-30T01:38:54.635 0.0,0.0,0.0,0.0,0.0,0.7
2026-09-30T01:38:54.685 0.0,0.0,0.0,0.0,0.0,0.7
2026-09-30T01:38:54.736 0.0,0.0,0.0,0.0,0.0,0.7
2026-09-30T01:38:54.786 0.0,0.0,0.0,0.0,0.0,0.7
2026-09-30T01:38:54.836 0.0,0.0,0.0,0.0,0.0,0.7
2026-09-30T01:38:54.886 0.0,0.0,0.0,0.0,0.0,0.7
2026-09-30T01:38:54.936 0.0,0.0,0.0,0.0,0.0,0.7
2026-09-30T01:38:54.986 0.0,0.0,0.0,0.0,0.0,0.7
2026-09-30T01:38:55.036 0.0,0.0,0.0,0.0,0.0,0.7
2026-09-30T01:38:55.085 0.0,0.0,0.0,0.0,0.0,0.7
2026-09-30T01:38:55.136 0.0,0.0,0.0,0.0,0.0,0.7
2026-09-30T01:38:55.186 0.0,0.0,0.0,0.0,0.0,0.7
2026-09-30T01:38:55.236 0.0,0.0,0.0,0.0,0.0,0.7
2026-09-30T01:38:55.286 0.0,0.0,0.0,0.0,0.0,0.7
2026-09-30T01:38:55.336 0.0,0.0,0.0,0.0,0.0,0.7
2026-09-30T01:38:55.386 0.0,0.0,0.0,0.0,0.0,0.7
2026-09-30T01:38:55.436 0.0,0.0,0.0,0.0,0.0,0.7
2026-09-30T01:38:55.486 0.0,0.0,0.0,0.0,0.0,0.7
2026-09-30T01:38:55.536 0.0,0.0,0.0,0.0,0.0,0.7
2026-09-30T01:38:55.586 0.0,0.0,0.0,0.0,0.0,0.7
2026-09-30T01:38:55.636 0.0,0.0,0.0,0.0,0.0,0.7
2026-09-30T01:38:55.696 0.0,0.0,0.0,0.0,0.0,0.7
2026-09-30T01:38:55.736 0.0,0.0,0.0,0.0,0.0,0.7
2026-09-30T01:38:55.786 0.0,0.0,0.0,0.0,0.0,0.7
2026-09-30T01:38:55.836 0.0,0.0,0.0,0.0,0.0,0.7
2026-09-30T01:38:55.896 0.0,0.0,0.0,0.0,0.0,0.7
2026-09-30T01:38:55.936 0.0,0.0,0.0,0.0,0.0,0.7
2026-09-30T01:38:55.987 0.0,0.0,0.0,0.0,0.0,0.7
2026-09-30T01:38:56.038 0.0,0.0,0.0,0.0,0.0,0.7
2026-09-30T01:38:56.086 0.0,0.0,0.0,0.0,0.0,0.7
2026-09-30T01:38:56.146 0.0,0.0,0.0,0.0,0.0,0.7
2026-09-30T01:38:56.186 0.0,0.0,0.0,0.0,0.0,0.7
2026-09-30T01:38:56.236 0.0,0.0,0.0,0.0,0.0,0.7
2026-09-30T01:38:56.286 0.0,0.0,0.0,0.0,0.0,0.7
2026-09-30T01:38:56.336 0.0,0.0,0.0,0.0,0.0,0.7
2026-09-30T01:38:56.386 0.0,0.0,0.0,0.0,0.0,0.7
2026-09-30T01:38:56.436 0.0,0.0,0.0,0.0,0.0,0.7
2026-09-30T01:38:56.486 0.0,0.0,0.0,0.0,0.0,0.7
2026-09-30T01:38:56.536 0.0,0.0,0.0,0.0,0.0,0.7
2026-09-30T01:38:56.586 0.0,0.0,0.0,0.0,0.0,0.7
2026-09-30T01:38:56.636 0.0,0.0,0.0,0.0,0.0,0.7
2026-09-30T01:38:56.686 0.0,0.0,0.0,0.0,0.0,0.7
2026-09-30T01:38:56.736 0.0,0.0,0.0,0.0,0.0,0.7
2026-09-30T01:38:56.786 0.0,0.0,0.0,0.0,0.0,0.7
2026-09-30T01:38:56.846 0.0,0.0,0.0,0.0,0.0,0.7
2026-09-30T01:38:56.886 0.0,0.0,0.0,0.0,0.0,0.7
2026-09-30T01:38:56.946 0.0,0.0,0.0,0.0,0.0,0.7
2026-09-30T01:38:56.986 0.0,0.0,0.0,0.0,0.0,0.7
2026-09-30T01:38:57.036 0.0,0.0,0.0,0.0,0.0,0.7
2026-09-30T01:38:57.086 0.0,0.0,0.0,0.0,0.0,0.7
2026-09-30T01:38:57.136 0.0,0.0,0.0,0.0,0.0,0.7
2026-09-30T01:38:57.186 0.0,0.0,0.0,0.0,0.0,0.7
2026-09-30T01:38:57.235 0.0,0.0,0.0,0.0,0.0,0.7
2026-09-30T01:38:57.287 0.0,0.0,0.0,0.0,0.0,0.7
2026-09-30T01:38:57.336 0.0,0.0,0.0,0.0,0.0,0.7
2026-09-30T01:38:57.386 0.0,0.0,0.0,0.0,0.0,0.7
2026-09-30T01:38:57.436 0.0,0.0,0.0,0.0,0.0,0.7
2026-09-30T01:38:57.486 0.0,0.0,0.0,0.0,0.0,0.7
2026-09-30T01:38:57.536 0.0,0.0,0.0,0.0,0.0,0.7
2026-09-30T01:38:57.586 0.0,0.0,0.0,0.0,0.0,0.7
2026-09-30T01:38:57.636 0.0,0.0,0.0,0.0,0.0,0.7
2026-09-30T01:38:57.686 0.0,0.0,0.0,0.0,0.0,0.7
2026-09-30T01:38:57.736 0.0,0.0,0.0,0.0,0.0,0.7
2026-09-30T01:38:57.786 0.0,0.0,0.0,0.0,0.0,0.7
2026-09-30T01:38:57.835 0.0,0.0,0.0,0.0,0.0,0.7
2026-09-30T01:38:57.886 0.0,0.0,0.0,0.0,0.0,0.7
2026-09-30T01:38:57.936 0.0,0.0,0.0,0.0,0.0,0.7
2026-09-30T01:38:57.986 0.0,0.0,0.0,0.0,0.0,0.7
2026-09-30T01:38:58.035 0.0,0.0,0.0,0.0,0.0,0.7
2026-09-30T01:38:58.086 0.0,0.0,0.0,0.0,0.0,0.7
2026-09-30T01:38:58.136 0.0,0.0,0.0,0.0,0.0,0.7
2026-09-30T01:38:58.188 0.0,0.0,0.0,0.0,0.0,0.7
2026-09-30T01:38:58.236 0.0,0.0,0.0,0.0,0.0,0.7
2026-09-30T01:38:58.288 0.0,0.0,0.0,0.0,0.0,0.7
2026-09-30T01:38:58.336 0.0,0.0,0.0,0.0,0.0,0.7
2026-09-30T01:38:58.386 0.0,0.0,0.0,0.0,0.0,0.7
2026-09-30T01:38:58.436 0.0,0.0,0.0,0.0,0.0,0.7
2026-09-30T01:38:58.486 0.0,0.0,0.0,0.0,0.0,0.7
2026-09-30T01:38:58.536 0.0,0.0,0.0,0.0,0.0,0.7
2026-09-30T01:38:58.586 0.0,0.0,0.0,0.0,0.0,0.7
2026-09-30T01:38:58.636 0.0,0.0,0.0,0.0,0.0,0.7
2026-09-30T01:38:58.686 0.0,0.0,0.0,0.0,0.0,0.7
2026-09-30T01:38:58.736 0.0,0.0,0.0,0.0,0.0,0.7
2026-09-30T01:38:58.785 0.0,0.0,0.0,0.0,0.0,0.7
2026-09-30T01:38:58.836 0.0,0.0,0.0,0.0,0.0,0.7
2026-09-30T01:38:58.885 0.0,0.0,0.0,0.0,0.0,0.7
2026-09-30T01:38:58.936 0.0,0.0,0.0,0.0,0.0,0.7
2026-09-30T01:38:58.986 0.0,0.0,0.0,0.0,0.0,0.7
2026-09-30T01:38:59.036 0.0,0.0,0.0,0.0,0.0,0.7
2026-09-30T01:38:59.086 0.0,0.0,0.0,0.0,0.0,0.7
2026-09-30T01:38:59.135 0.0,0.0,0.0,0.0,0.0,0.7
2026-09-30T01:38:59.186 0.0,0.0,0.0,0.0,0.0,0.7
2026-09-30T01:38:59.235 0.0,0.0,0.0,0.0,0.0,0.7
2026-09-30T01:38:59.287 0.0,0.0,0.0,0.0,0.0,0.7
2026-09-30T01:38:59.336 0.0,0.0,0.0,0.0,0.0,0.7
2026-09-30T01:38:59.386 0.0,0.0,0.0,0.0,0.0,0.7
2026-09-30T01:38:59.436 0.0,0.0,0.0,0.0,0.0,0.7
2026-09-30T01:38:59.486 0.0,0.0,0.0,0.0,0.0,0.7
2026-09-30T01:38:59.536 0.0,0.0,0.0,0.0,0.0,0.5399999999999999
2026-09-30T01:38:59.586 0.0,0.0,0.0,0.0,0.0,0.48813339721659427
2026-09-30T01:38:59.636 0.0,0.0,0.0,0.0,0.0,0.48813339721659427
2026-09-30T01:38:59.686 0.0,0.0,0.0,0.0,0.0,0.48813339721659427
2026-09-30T01:38:59.736 0.0,0.0,0.0,0.0,0.0,0.3281333972165943
2026-09-30T01:38:59.786 0.0,0.0,0.0,0.0,0.0,0.1681333972165943
2026-09-30T01:38:59.836 0.0,0.0,0.0,0.0,0.0,0.008133397216594285
2026-09-30T01:38:59.886 0.0,0.0,0.0,0.0,0.0,0.0
2026-09-30T01:38:59.946 0.0,0.0,0.0,0.0,0.0,0.0
2026-09-30T01:38:59.986 0.0,0.0,0.0,0.0,0.0,0.0
2026-09-30T01:39:00.036 0.0,0.0,0.0,0.0,0.0,0.0
2026-09-30T01:39:00.085 0.0,0.0,0.0,0.0,0.0,0.0
2026-09-30T01:39:00.136 0.0,0.0,0.0,0.0,0.0,0.0
2026-09-30T01:39:00.186 0.0,0.0,0.0,0.0,0.0,0.0
2026-09-30T01:39:00.236 0.0,0.0,0.0,0.0,0.0,0.0
2026-09-30T01:39:00.286 0.0,0.0,0.0,0.0,0.0,0.0
2026-09-30T01:39:00.335 0.0,0.0,0.0,0.0,0.0,0.0
2026-09-30T01:39:00.388 0.0,0.0,0.0,0.0,0.0,0.0
2026-09-30T01:39:00.448 0.0,0.0,0.0,0.0,0.0,0.0
2026-09-30T01:39:00.486 0.0,0.0,0.0,0.0,0.0,0.0
2026-09-30T01:39:00.536 0.0,0.0,0.0,0.0,0.0,0.0
2026-09-30T01:39:00.586 0.0,0.0,0.0,0.0,0.0,0.0
2026-09-30T01:39:00.646 0.0,0.0,0.0,0.0,0.0,0.0
2026-09-30T01:39:00.686 0.0,0.0,0.0,0.0,0.0,0.0
2026-09-30T01:39:00.736 0.0,0.0,0.0,0.0,0.0,0.0
2026-09-30T01:39:00.786 0.0,0.0,0.0,0.0,0.0,0.0
2026-09-30T01:39:00.835 0.0,0.0,0.0,0.0,0.0,0.0
2026-09-30T01:39:00.886 0.0,0.0,0.0,0.0,0.0,0.0
2026-09-30T01:39:00.935 0.0,0.0,0.0,0.0,0.0,0.0
2026-09-30T01:39:00.985 0.0,0.0,0.0,0.0,0.0,0.0
2026-09-30T01:39:01.036 0.0,0.0,0.0,0.0,0.0,0.0
2026-09-30T01:39:01.086 0.0,0.0,0.0,0.0,0.0,0.0
2026-09-30T01:39:01.136 0.0,0.0,0.0,0.0,0.0,0.0
2026-09-30T01:39:01.185 0.0,0.0,0.0,0.0,0.0,0.0
2026-09-30T01:39:01.235 0.0,0.0,0.0,0.0,0.0,0.0
2026-09-30T01:39:01.286 0.0,0.0,0.0,0.0,0.0,0.0
2026-09-30T01:39:01.335 0.0,0.0,0.0,0.0,0.0,0.0
2026-09-30T01:39:01.386 0.0,0.0,0.0,0.0,0.0,0.0
2026-09-30T01:39:01.436 0.0,0.0,0.0,0.0,0.0,0.0
2026-09-30T01:39:01.486 0.0,0.0,0.0,0.0,0.0,0.0
2026-09-30T01:39:01.536 0.0,0.0,0.0,0.0,0.0,0.0
2026-09-30T01:39:01.586 0.0,0.0,0.0,0.0,0.0,0.0
2026-09-30T01:39:01.636 0.0,0.0,0.0,0.0,0.0,0.0
2026-09-30T01:39:01.686 0.0,0.0,0.0,0.0,0.0,0.0
2026-09-30T01:39:01.736 0.0,0.0,0.0,0.0,0.0,0.0
2026-09-30T01:39:01.786 0.0,0.0,0.0,0.0,0.0,0.0
2026-09-30T01:39:01.837 0.0,0.0,0.0,0.0,0.0,0.0
2026-09-30T01:39:01.885 0.0,0.0,0.0,0.0,0.0,0.0
2026-09-30T01:39:01.935 0.0,0.0,0.0,0.0,0.0,0.0
2026-09-30T01:39:01.985 0.0,0.0,0.0,0.0,0.0,0.0
2026-09-30T01:39:02.036 0.0,0.0,0.0,0.0,0.0,0.0
2026-09-30T01:39:02.086 0.0,0.0,0.0,0.0,0.0,0.0
2026-09-30T01:39:02.136 0.0,0.0,0.0,0.0,0.0,0.0
2026-09-30T01:39:02.186 0.0,0.0,0.0,0.0,0.0,0.0
2026-09-30T01:39:02.236 0.0,0.0,0.0,0.0,0.0,0.0
2026-09-30T01:39:03.143 0.0,0.0,0.0,0.0,0.0,0.0
2026-09-30T01:39:03.194 0.0,0.0,0.0,0.0,0.0,0.0
2026-09-30T01:39:04.424 0.0,0.0,0.0,0.0,0.0,0.0
2026-09-30T01:39:04.474 0.0,0.0,0.0,0.0,0.0,0.0
2026-09-30T01:39:04.524 0.0,0.0,0.0,0.0,0.0,0.0
2026-09-30T01:39:04.574 0.0,0.0,0.0,0.0,0.0,0.0
2026-09-30T01:39:04.624 0.0,0.0,0.0,0.0,0.0,0.0
2026-09-30T01:39:04.674 0.0,0.0,0.0,0.0,0.0,0.0
2026-09-30T01:39:04.724 0.0,0.0,0.0,0.0,0.0,0.0
2026-09-30T01:39:17.776 -0.125,0.0,0.0,0.0,0.0,0.0
2026-09-30T01:39:17.824 -0.15000000596046448,0.0,0.0,0.0,0.0,0.0
2026-09-30T01:39:17.875 -0.15000000596046448,0.0,0.0,0.0,0.0,0.0
2026-09-30T01:39:17.924 -0.15000000596046448,0.0,0.0,0.0,0.0,0.0
2026-09-30T01:39:17.974 -0.15000000596046448,0.0,0.0,0.0,0.0,0.0
2026-09-30T01:39:18.024 -0.15000000596046448,0.0,0.0,0.0,0.0,0.0
2026-09-30T01:39:18.074 -0.15000000596046448,0.0,0.0,0.0,0.0,0.0
2026-09-30T01:39:18.124 -0.15000000596046448,0.0,0.0,0.0,0.0,0.0
2026-09-30T01:39:18.174 -0.15000000596046448,0.0,0.0,0.0,0.0,0.0
2026-09-30T01:39:18.224 -0.15000000596046448,0.0,0.0,0.0,0.0,0.0
2026-09-30T01:39:18.274 -0.15000000596046448,0.0,0.0,0.0,0.0,0.0
2026-09-30T01:39:18.324 -0.15000000596046448,0.0,0.0,0.0,0.0,0.0
2026-09-30T01:39:18.374 -0.15000000596046448,0.0,0.0,0.0,0.0,0.0
2026-09-30T01:39:18.424 -0.15000000596046448,0.0,0.0,0.0,0.0,0.0
2026-09-30T01:39:18.475 -0.15000000596046448,0.0,0.0,0.0,0.0,0.0
2026-09-30T01:39:18.524 -0.15000000596046448,0.0,0.0,0.0,0.0,0.0
2026-09-30T01:39:18.575 -0.15000000596046448,0.0,0.0,0.0,0.0,0.0
2026-09-30T01:39:18.624 -0.15000000596046448,0.0,0.0,0.0,0.0,0.0
2026-09-30T01:39:18.674 -0.15000000596046448,0.0,0.0,0.0,0.0,0.0
2026-09-30T01:39:18.734 -0.15000000596046448,0.0,0.0,0.0,0.0,0.0
2026-09-30T01:39:18.774 -0.15000000596046448,0.0,0.0,0.0,0.0,0.0
2026-09-30T01:39:18.834 -0.15000000596046448,0.0,0.0,0.0,0.0,0.0
2026-09-30T01:39:18.874 -0.15000000596046448,0.0,0.0,0.0,0.0,0.0
2026-09-30T01:39:18.924 -0.15000000596046448,0.0,0.0,0.0,0.0,0.0
2026-09-30T01:39:18.974 -0.15000000596046448,0.0,0.0,0.0,0.0,0.0
2026-09-30T01:39:19.024 -0.15000000596046448,0.0,0.0,0.0,0.0,0.0
2026-09-30T01:39:19.074 -0.15000000596046448,0.0,0.0,0.0,0.0,0.0
2026-09-30T01:39:19.124 -0.15000000596046448,0.0,0.0,0.0,0.0,0.0
2026-09-30T01:39:19.174 -0.15000000596046448,0.0,0.0,0.0,0.0,0.0
2026-09-30T01:39:19.224 -0.15000000596046448,0.0,0.0,0.0,0.0,0.0
2026-09-30T01:39:19.274 -0.15000000596046448,0.0,0.0,0.0,0.0,0.0
2026-09-30T01:39:19.324 -0.15000000596046448,0.0,0.0,0.0,0.0,0.0
2026-09-30T01:39:19.374 -0.15000000596046448,0.0,0.0,0.0,0.0,0.0
2026-09-30T01:39:19.424 -0.15000000596046448,0.0,0.0,0.0,0.0,0.0
2026-09-30T01:39:19.474 -0.15000000596046448,0.0,0.0,0.0,0.0,0.0
2026-09-30T01:39:19.524 -0.15000000596046448,0.0,0.0,0.0,0.0,0.0
2026-09-30T01:39:19.575 -0.15000000596046448,0.0,0.0,0.0,0.0,0.0
2026-09-30T01:39:19.624 -0.15000000596046448,0.0,0.0,0.0,0.0,0.0
2026-09-30T01:39:19.674 -0.15000000596046448,0.0,0.0,0.0,0.0,0.0
2026-09-30T01:39:19.724 -0.15000000596046448,0.0,0.0,0.0,0.0,0.0
2026-09-30T01:39:19.774 -0.15000000596046448,0.0,0.0,0.0,0.0,0.0
2026-09-30T01:39:19.824 -0.15000000596046448,0.0,0.0,0.0,0.0,0.0
2026-09-30T01:39:19.876 -0.15000000596046448,0.0,0.0,0.0,0.0,0.0
2026-09-30T01:39:19.924 -0.15000000596046448,0.0,0.0,0.0,0.0,0.0
2026-09-30T01:39:19.974 -0.15000000596046448,0.0,0.0,0.0,0.0,0.0
2026-09-30T01:39:20.024 -0.15000000596046448,0.0,0.0,0.0,0.0,0.0
2026-09-30T01:39:20.074 -0.15000000596046448,0.0,0.0,0.0,0.0,0.0
2026-09-30T01:39:20.124 -0.15000000596046448,0.0,0.0,0.0,0.0,0.0
2026-09-30T01:39:20.174 -0.15000000596046448,0.0,0.0,0.0,0.0,0.0
2026-09-30T01:39:20.224 -0.15000000596046448,0.0,0.0,0.0,0.0,0.0
2026-09-30T01:39:20.274 -0.15000000596046448,0.0,0.0,0.0,0.0,0.0
2026-09-30T01:39:20.324 -0.15000000596046448,0.0,0.0,0.0,0.0,0.0
2026-09-30T01:39:20.374 -0.15000000596046448,0.0,0.0,0.0,0.0,0.0
2026-09-30T01:39:20.424 -0.15000000596046448,0.0,0.0,0.0,0.0,0.0
2026-09-30T01:39:20.474 -0.15000000596046448,0.0,0.0,0.0,0.0,0.0
2026-09-30T01:39:20.524 -0.15000000596046448,0.0,0.0,0.0,0.0,0.0
2026-09-30T01:39:20.575 -0.15000000596046448,0.0,0.0,0.0,0.0,0.0
2026-09-30T01:39:20.624 -0.15000000596046448,0.0,0.0,0.0,0.0,0.0
2026-09-30T01:39:20.674 -0.15000000596046448,0.0,0.0,0.0,0.0,0.0
2026-09-30T01:39:20.724 -0.15000000596046448,0.0,0.0,0.0,0.0,0.0
2026-09-30T01:39:20.774 -0.15000000596046448,0.0,0.0,0.0,0.0,0.0
2026-09-30T01:39:20.824 -0.15000000596046448,0.0,0.0,0.0,0.0,0.0
2026-09-30T01:39:20.874 -0.15000000596046448,0.0,0.0,0.0,0.0,0.0
2026-09-30T01:39:20.935 -0.15000000596046448,0.0,0.0,0.0,0.0,0.0
2026-09-30T01:39:20.974 -0.15000000596046448,0.0,0.0,0.0,0.0,0.0
2026-09-30T01:39:21.024 -0.15000000596046448,0.0,0.0,0.0,0.0,0.0
2026-09-30T01:39:21.074 -0.15000000596046448,0.0,0.0,0.0,0.0,0.0
2026-09-30T01:39:21.124 -0.15000000596046448,0.0,0.0,0.0,0.0,0.0
2026-09-30T01:39:21.175 -0.15000000596046448,0.0,0.0,0.0,0.0,0.0
2026-09-30T01:39:21.224 -0.15000000596046448,0.0,0.0,0.0,0.0,0.0
2026-09-30T01:39:21.284 -0.15000000596046448,0.0,0.0,0.0,0.0,0.0
2026-09-30T01:39:21.324 -0.15000000596046448,0.0,0.0,0.0,0.0,0.0
2026-09-30T01:39:21.374 -0.15000000596046448,0.0,0.0,0.0,0.0,0.0
2026-09-30T01:39:21.424 -0.15000000596046448,0.0,0.0,0.0,0.0,0.0
2026-09-30T01:39:21.474 -0.15000000596046448,0.0,0.0,0.0,0.0,0.0
2026-09-30T01:39:21.524 -0.15000000596046448,0.0,0.0,0.0,0.0,0.0
2026-09-30T01:39:21.574 -0.15000000596046448,0.0,0.0,0.0,0.0,0.0
2026-09-30T01:39:21.624 -0.15000000596046448,0.0,0.0,0.0,0.0,0.0
2026-09-30T01:39:21.674 -0.15000000596046448,0.0,0.0,0.0,0.0,0.0
2026-09-30T01:39:21.724 -0.15000000596046448,0.0,0.0,0.0,0.0,0.0
2026-09-30T01:39:21.774 -0.15000000596046448,0.0,0.0,0.0,0.0,0.0
2026-09-30T01:39:21.824 -0.15000000596046448,0.0,0.0,0.0,0.0,0.0
2026-09-30T01:39:21.876 -0.15000000596046448,0.0,0.0,0.0,0.0,0.0
2026-09-30T01:39:21.926 -0.15000000596046448,0.0,0.0,0.0,0.0,0.0
2026-09-30T01:39:21.974 -0.15000000596046448,0.0,0.0,0.0,0.0,0.0
2026-09-30T01:39:22.024 -0.15000000596046448,0.0,0.0,0.0,0.0,0.0
2026-09-30T01:39:22.074 -0.15000000596046448,0.0,0.0,0.0,0.0,0.0
2026-09-30T01:39:22.124 -0.15000000596046448,0.0,0.0,0.0,0.0,0.0
2026-09-30T01:39:22.174 -0.15000000596046448,0.0,0.0,0.0,0.0,0.0
2026-09-30T01:39:22.224 -0.15000000596046448,0.0,0.0,0.0,0.0,0.0
2026-09-30T01:39:22.276 -0.15000000596046448,0.0,0.0,0.0,0.0,0.0
2026-09-30T01:39:22.324 -0.15000000596046448,0.0,0.0,0.0,0.0,0.0
2026-09-30T01:39:22.374 -0.15000000596046448,0.0,0.0,0.0,0.0,0.0
2026-09-30T01:39:22.424 -0.15000000596046448,0.0,0.0,0.0,0.0,0.0
2026-09-30T01:39:22.474 -0.15000000596046448,0.0,0.0,0.0,0.0,0.0
2026-09-30T01:39:22.524 -0.15000000596046448,0.0,0.0,0.0,0.0,0.0
2026-09-30T01:39:22.574 -0.15000000596046448,0.0,0.0,0.0,0.0,0.0
2026-09-30T01:39:22.624 -0.15000000596046448,0.0,0.0,0.0,0.0,0.0
2026-09-30T01:39:22.674 -0.15000000596046448,0.0,0.0,0.0,0.0,0.0
2026-09-30T01:39:22.734 -0.15000000596046448,0.0,0.0,0.0,0.0,0.0
2026-09-30T01:39:22.774 -0.15000000596046448,0.0,0.0,0.0,0.0,0.0
2026-09-30T01:39:22.824 -0.15000000596046448,0.0,0.0,0.0,0.0,0.0
2026-09-30T01:39:22.884 -0.15000000596046448,0.0,0.0,0.0,0.0,0.0
2026-09-30T01:39:22.924 -0.15000000596046448,0.0,0.0,0.0,0.0,0.0
2026-09-30T01:39:22.974 -0.15000000596046448,0.0,0.0,0.0,0.0,0.0
2026-09-30T01:39:23.024 -0.15000000596046448,0.0,0.0,0.0,0.0,0.0
2026-09-30T01:39:23.074 -0.15000000596046448,0.0,0.0,0.0,0.0,0.0
2026-09-30T01:39:23.124 -0.15000000596046448,0.0,0.0,0.0,0.0,0.0
2026-09-30T01:39:23.174 -0.15000000596046448,0.0,0.0,0.0,0.0,0.0
2026-09-30T01:39:23.224 -0.15000000596046448,0.0,0.0,0.0,0.0,0.0
2026-09-30T01:39:23.274 -0.15000000596046448,0.0,0.0,0.0,0.0,0.0
2026-09-30T01:39:23.324 -0.15000000596046448,0.0,0.0,0.0,0.0,0.0
2026-09-30T01:39:23.374 -0.15000000596046448,0.0,0.0,0.0,0.0,0.0
2026-09-30T01:39:23.424 -0.15000000596046448,0.0,0.0,0.0,0.0,0.0
2026-09-30T01:39:23.475 -0.15000000596046448,0.0,0.0,0.0,0.0,0.0
2026-09-30T01:39:23.524 -0.15000000596046448,0.0,0.0,0.0,0.0,0.0
2026-09-30T01:39:23.575 -0.15000000596046448,0.0,0.0,0.0,0.0,0.0
2026-09-30T01:39:23.624 -0.15000000596046448,0.0,0.0,0.0,0.0,0.0
2026-09-30T01:39:23.685 -0.15000000596046448,0.0,0.0,0.0,0.0,0.0
2026-09-30T01:39:23.724 -0.15000000596046448,0.0,0.0,0.0,0.0,0.0
2026-09-30T01:39:23.774 -0.15000000596046448,0.0,0.0,0.0,0.0,0.0
2026-09-30T01:39:23.824 -0.15000000596046448,0.0,0.0,0.0,0.0,0.0
2026-09-30T01:39:23.875 -0.15000000596046448,0.0,0.0,0.0,0.0,0.0
2026-09-30T01:39:23.924 -0.15000000596046448,0.0,0.0,0.0,0.0,0.0
2026-09-30T01:39:23.974 -0.15000000596046448,0.0,0.0,0.0,0.0,0.0
2026-09-30T01:39:24.024 -0.15000000596046448,0.0,0.0,0.0,0.0,0.0
2026-09-30T01:39:24.074 -0.15000000596046448,0.0,0.0,0.0,0.0,0.0
2026-09-30T01:39:24.124 -0.15000000596046448,0.0,0.0,0.0,0.0,0.0
2026-09-30T01:39:24.174 -0.15000000596046448,0.0,0.0,0.0,0.0,0.0
2026-09-30T01:39:24.224 -0.15000000596046448,0.0,0.0,0.0,0.0,0.0
2026-09-30T01:39:24.274 -0.15000000596046448,0.0,0.0,0.0,0.0,0.0
2026-09-30T01:39:24.324 -0.15000000596046448,0.0,0.0,0.0,0.0,0.0
2026-09-30T01:39:24.374 -0.025000005960464478,0.0,0.0,0.0,0.0,0.0
2026-09-30T01:39:24.424 0.0,0.0,0.0,0.0,0.0,0.0
2026-09-30T01:39:24.474 0.0,0.0,0.0,0.0,0.0,0.0
2026-09-30T01:39:24.524 0.0,0.0,0.0,0.0,0.0,0.0
2026-09-30T01:39:24.574 0.0,0.0,0.0,0.0,0.0,0.0
2026-09-30T01:39:24.624 0.0,0.0,0.0,0.0,0.0,0.0
2026-09-30T01:39:24.674 0.0,0.0,0.0,0.0,0.0,0.0
2026-09-30T01:39:24.724 0.0,0.0,0.0,0.0,0.0,0.0
2026-09-30T01:39:24.774 0.0,0.0,0.0,0.0,0.0,0.0
2026-09-30T01:39:24.824 0.0,0.0,0.0,0.0,0.0,0.0
2026-09-30T01:39:24.885 0.0,0.0,0.0,0.0,0.0,0.0
2026-09-30T01:39:24.924 0.0,0.0,0.0,0.0,0.0,0.0
2026-09-30T01:39:24.975 0.0,0.0,0.0,0.0,0.0,0.0
2026-09-30T01:39:25.024 0.0,0.0,0.0,0.0,0.0,0.0
2026-09-30T01:39:25.074 0.0,0.0,0.0,0.0,0.0,0.0
2026-09-30T01:39:25.124 0.0,0.0,0.0,0.0,0.0,0.0
2026-09-30T01:39:25.174 0.0,0.0,0.0,0.0,0.0,0.0
2026-09-30T01:39:25.224 0.0,0.0,0.0,0.0,0.0,0.0
2026-09-30T01:39:25.274 0.0,0.0,0.0,0.0,0.0,0.0
2026-09-30T01:39:25.324 0.0,0.0,0.0,0.0,0.0,0.0
2026-09-30T01:39:25.374 0.0,0.0,0.0,0.0,0.0,0.0
2026-09-30T01:39:25.424 0.0,0.0,0.0,0.0,0.0,0.0
2026-09-30T01:39:25.474 0.0,0.0,0.0,0.0,0.0,0.0
2026-09-30T01:39:25.524 0.0,0.0,0.0,0.0,0.0,0.0
2026-09-30T01:39:25.574 0.0,0.0,0.0,0.0,0.0,0.0
2026-09-30T01:39:25.624 0.0,0.0,0.0,0.0,0.0,0.0
2026-09-30T01:39:25.674 0.0,0.0,0.0,0.0,0.0,0.0
2026-09-30T01:39:25.724 0.0,0.0,0.0,0.0,0.0,0.0
2026-09-30T01:39:25.775 0.0,0.0,0.0,0.0,0.0,0.0
2026-09-30T01:39:25.824 0.0,0.0,0.0,0.0,0.0,0.0
2026-09-30T01:39:25.874 0.0,0.0,0.0,0.0,0.0,0.0
2026-09-30T01:39:25.924 0.0,0.0,0.0,0.0,0.0,0.0
2026-09-30T01:39:25.974 0.0,0.0,0.0,0.0,0.0,0.0
2026-09-30T01:39:26.024 0.0,0.0,0.0,0.0,0.0,0.0
2026-09-30T01:39:26.074 0.0,0.0,0.0,0.0,0.0,0.0
2026-09-30T01:39:26.124 0.0,0.0,0.0,0.0,0.0,0.0
2026-09-30T01:39:26.177 0.0,0.0,0.0,0.0,0.0,0.0
2026-09-30T01:39:26.227 0.0,0.0,0.0,0.0,0.0,0.0
2026-09-30T01:39:26.285 0.0,0.0,0.0,0.0,0.0,0.0
2026-09-30T01:39:26.335 0.0,0.0,0.0,0.0,0.0,0.0
2026-09-30T01:39:26.374 0.0,0.0,0.0,0.0,0.0,0.0
2026-09-30T01:39:26.424 0.0,0.0,0.0,0.0,0.0,0.0
2026-09-30T01:39:26.477 0.0,0.0,0.0,0.0,0.0,0.0
2026-09-30T01:39:26.524 0.0,0.0,0.0,0.0,0.0,0.0
2026-09-30T01:39:26.574 0.0,0.0,0.0,0.0,0.0,0.0
2026-09-30T01:39:26.634 0.0,0.0,0.0,0.0,0.0,0.0
2026-09-30T01:39:26.674 0.0,0.0,0.0,0.0,0.0,0.0
2026-09-30T01:39:26.724 0.0,0.0,0.0,0.0,0.0,0.0
2026-09-30T01:39:26.777 0.0,0.0,0.0,0.0,0.0,0.16
2026-09-30T01:39:26.824 0.0,0.0,0.0,0.0,0.0,0.32
2026-09-30T01:39:26.874 0.0,0.0,0.0,0.0,0.0,0.48
2026-09-30T01:39:26.934 0.0,0.0,0.0,0.0,0.0,0.64
2026-09-30T01:39:26.974 0.0,0.0,0.0,0.0,0.0,0.7
2026-09-30T01:39:27.034 0.0,0.0,0.0,0.0,0.0,0.7
2026-09-30T01:39:27.074 0.0,0.0,0.0,0.0,0.0,0.7
2026-09-30T01:39:27.124 0.0,0.0,0.0,0.0,0.0,0.7
2026-09-30T01:39:27.174 0.0,0.0,0.0,0.0,0.0,0.7
2026-09-30T01:39:27.224 0.0,0.0,0.0,0.0,0.0,0.7
2026-09-30T01:39:27.276 0.0,0.0,0.0,0.0,0.0,0.7
2026-09-30T01:39:27.324 0.0,0.0,0.0,0.0,0.0,0.7
2026-09-30T01:39:27.374 0.0,0.0,0.0,0.0,0.0,0.7
2026-09-30T01:39:27.424 0.0,0.0,0.0,0.0,0.0,0.7
2026-09-30T01:39:27.474 0.0,0.0,0.0,0.0,0.0,0.7
2026-09-30T01:39:27.525 0.0,0.0,0.0,0.0,0.0,0.7
2026-09-30T01:39:27.574 0.0,0.0,0.0,0.0,0.0,0.7
2026-09-30T01:39:27.624 0.0,0.0,0.0,0.0,0.0,0.7
2026-09-30T01:39:27.674 0.0,0.0,0.0,0.0,0.0,0.7
2026-09-30T01:39:27.724 0.0,0.0,0.0,0.0,0.0,0.7
2026-09-30T01:39:27.775 0.0,0.0,0.0,0.0,0.0,0.7
2026-09-30T01:39:27.825 0.0,0.0,0.0,0.0,0.0,0.7
2026-09-30T01:39:27.874 0.0,0.0,0.0,0.0,0.0,0.7
2026-09-30T01:39:27.925 0.0,0.0,0.0,0.0,0.0,0.7
2026-09-30T01:39:27.974 0.0,0.0,0.0,0.0,0.0,0.7
2026-09-30T01:39:28.024 0.0,0.0,0.0,0.0,0.0,0.7
2026-09-30T01:39:28.074 0.0,0.0,0.0,0.0,0.0,0.7
2026-09-30T01:39:28.124 0.0,0.0,0.0,0.0,0.0,0.7
2026-09-30T01:39:28.174 0.0,0.0,0.0,0.0,0.0,0.7
2026-09-30T01:39:28.224 0.0,0.0,0.0,0.0,0.0,0.7
2026-09-30T01:39:28.274 0.0,0.0,0.0,0.0,0.0,0.7
2026-09-30T01:39:28.324 0.0,0.0,0.0,0.0,0.0,0.7
2026-09-30T01:39:28.374 0.0,0.0,0.0,0.0,0.0,0.7
2026-09-30T01:39:28.424 0.0,0.0,0.0,0.0,0.0,0.7
2026-09-30T01:39:28.474 0.0,0.0,0.0,0.0,0.0,0.7
2026-09-30T01:39:28.524 0.0,0.0,0.0,0.0,0.0,0.7
2026-09-30T01:39:28.574 0.0,0.0,0.0,0.0,0.0,0.7
2026-09-30T01:39:28.624 0.0,0.0,0.0,0.0,0.0,0.7
2026-09-30T01:39:28.674 0.0,0.0,0.0,0.0,0.0,0.7
2026-09-30T01:39:28.724 0.0,0.0,0.0,0.0,0.0,0.7
2026-09-30T01:39:28.775 0.0,0.0,0.0,0.0,0.0,0.7
2026-09-30T01:39:28.826 0.0,0.0,0.0,0.0,0.0,0.7
2026-09-30T01:39:28.884 0.0,0.0,0.0,0.0,0.0,0.7
2026-09-30T01:39:28.924 0.0,0.0,0.0,0.0,0.0,0.7
2026-09-30T01:39:28.974 0.0,0.0,0.0,0.0,0.0,0.7
2026-09-30T01:39:29.024 0.0,0.0,0.0,0.0,0.0,0.7
2026-09-30T01:39:29.084 0.0,0.0,0.0,0.0,0.0,0.7
2026-09-30T01:39:29.124 0.0,0.0,0.0,0.0,0.0,0.7
2026-09-30T01:39:29.175 0.0,0.0,0.0,0.0,0.0,0.7
2026-09-30T01:39:29.224 0.0,0.0,0.0,0.0,0.0,0.7
2026-09-30T01:39:29.274 0.0,0.0,0.0,0.0,0.0,0.7
2026-09-30T01:39:29.325 0.0,0.0,0.0,0.0,0.0,0.7
2026-09-30T01:39:29.374 0.0,0.0,0.0,0.0,0.0,0.7
2026-09-30T01:39:29.424 0.0,0.0,0.0,0.0,0.0,0.7
2026-09-30T01:39:29.474 0.0,0.0,0.0,0.0,0.0,0.7
2026-09-30T01:39:29.524 0.0,0.0,0.0,0.0,0.0,0.7
2026-09-30T01:39:29.574 0.0,0.0,0.0,0.0,0.0,0.7
2026-09-30T01:39:29.624 0.0,0.0,0.0,0.0,0.0,0.7
2026-09-30T01:39:29.674 0.0,0.0,0.0,0.0,0.0,0.7
2026-09-30T01:39:29.724 0.0,0.0,0.0,0.0,0.0,0.7
2026-09-30T01:39:29.774 0.0,0.0,0.0,0.0,0.0,0.7
2026-09-30T01:39:29.824 0.0,0.0,0.0,0.0,0.0,0.7
2026-09-30T01:39:29.874 0.0,0.0,0.0,0.0,0.0,0.7
2026-09-30T01:39:29.924 0.0,0.0,0.0,0.0,0.0,0.7
2026-09-30T01:39:29.974 0.0,0.0,0.0,0.0,0.0,0.7
2026-09-30T01:39:30.025 0.0,0.0,0.0,0.0,0.0,0.7
2026-09-30T01:39:30.074 0.0,0.0,0.0,0.0,0.0,0.7
2026-09-30T01:39:30.124 0.0,0.0,0.0,0.0,0.0,0.7
2026-09-30T01:39:30.174 0.0,0.0,0.0,0.0,0.0,0.7
2026-09-30T01:39:30.224 0.0,0.0,0.0,0.0,0.0,0.7
2026-09-30T01:39:30.274 0.0,0.0,0.0,0.0,0.0,0.7
2026-09-30T01:39:30.324 0.0,0.0,0.0,0.0,0.0,0.7
2026-09-30T01:39:30.374 0.0,0.0,0.0,0.0,0.0,0.7
2026-09-30T01:39:30.424 0.0,0.0,0.0,0.0,0.0,0.7
2026-09-30T01:39:30.474 0.0,0.0,0.0,0.0,0.0,0.7
2026-09-30T01:39:30.524 0.0,0.0,0.0,0.0,0.0,0.7
2026-09-30T01:39:30.574 0.0,0.0,0.0,0.0,0.0,0.7
2026-09-30T01:39:30.624 0.0,0.0,0.0,0.0,0.0,0.7
2026-09-30T01:39:30.674 0.0,0.0,0.0,0.0,0.0,0.7
2026-09-30T01:39:30.724 0.0,0.0,0.0,0.0,0.0,0.7
2026-09-30T01:39:30.784 0.0,0.0,0.0,0.0,0.0,0.7
2026-09-30T01:39:30.824 0.0,0.0,0.0,0.0,0.0,0.7
2026-09-30T01:39:30.874 0.0,0.0,0.0,0.0,0.0,0.7
2026-09-30T01:39:30.934 0.0,0.0,0.0,0.0,0.0,0.7
2026-09-30T01:39:30.975 0.0,0.0,0.0,0.0,0.0,0.7
2026-09-30T01:39:31.024 0.0,0.0,0.0,0.0,0.0,0.7
2026-09-30T01:39:31.074 0.0,0.0,0.0,0.0,0.0,0.7
2026-09-30T01:39:31.124 0.0,0.0,0.0,0.0,0.0,0.7
2026-09-30T01:39:31.174 0.0,0.0,0.0,0.0,0.0,0.7
2026-09-30T01:39:31.224 0.0,0.0,0.0,0.0,0.0,0.7
2026-09-30T01:39:31.274 0.0,0.0,0.0,0.0,0.0,0.7
2026-09-30T01:39:31.324 0.0,0.0,0.0,0.0,0.0,0.7
2026-09-30T01:39:31.374 0.0,0.0,0.0,0.0,0.0,0.7
2026-09-30T01:39:31.424 0.0,0.0,0.0,0.0,0.0,0.7
2026-09-30T01:39:31.474 0.0,0.0,0.0,0.0,0.0,0.7
2026-09-30T01:39:31.524 0.0,0.0,0.0,0.0,0.0,0.7
2026-09-30T01:39:31.574 0.0,0.0,0.0,0.0,0.0,0.7
2026-09-30T01:39:31.624 0.0,0.0,0.0,0.0,0.0,0.7
2026-09-30T01:39:31.674 0.0,0.0,0.0,0.0,0.0,0.7
2026-09-30T01:39:31.724 0.0,0.0,0.0,0.0,0.0,0.7
2026-09-30T01:39:31.774 0.0,0.0,0.0,0.0,0.0,0.7
2026-09-30T01:39:31.824 0.0,0.0,0.0,0.0,0.0,0.7
2026-09-30T01:39:31.874 0.0,0.0,0.0,0.0,0.0,0.7
2026-09-30T01:39:31.924 0.0,0.0,0.0,0.0,0.0,0.7
2026-09-30T01:39:31.974 0.0,0.0,0.0,0.0,0.0,0.7
2026-09-30T01:39:32.024 0.0,0.0,0.0,0.0,0.0,0.7
2026-09-30T01:39:32.074 0.0,0.0,0.0,0.0,0.0,0.7
2026-09-30T01:39:32.124 0.0,0.0,0.0,0.0,0.0,0.7
2026-09-30T01:39:32.174 0.0,0.0,0.0,0.0,0.0,0.7
2026-09-30T01:39:32.227 0.0,0.0,0.0,0.0,0.0,0.7
2026-09-30T01:39:32.274 0.0,0.0,0.0,0.0,0.0,0.7
2026-09-30T01:39:32.324 0.0,0.0,0.0,0.0,0.0,0.7
2026-09-30T01:39:32.374 0.0,0.0,0.0,0.0,0.0,0.7
2026-09-30T01:39:32.424 0.0,0.0,0.0,0.0,0.0,0.7
2026-09-30T01:39:32.474 0.0,0.0,0.0,0.0,0.0,0.7
2026-09-30T01:39:32.525 0.0,0.0,0.0,0.0,0.0,0.7
2026-09-30T01:39:32.574 0.0,0.0,0.0,0.0,0.0,0.7
2026-09-30T01:39:32.624 0.0,0.0,0.0,0.0,0.0,0.7
2026-09-30T01:39:32.674 0.0,0.0,0.0,0.0,0.0,0.7
2026-09-30T01:39:32.724 0.0,0.0,0.0,0.0,0.0,0.7
2026-09-30T01:39:32.774 0.0,0.0,0.0,0.0,0.0,0.7
2026-09-30T01:39:32.824 0.0,0.0,0.0,0.0,0.0,0.7
2026-09-30T01:39:32.877 0.0,0.0,0.0,0.0,0.0,0.7
2026-09-30T01:39:32.924 0.0,0.0,0.0,0.0,0.0,0.7
2026-09-30T01:39:32.974 0.0,0.0,0.0,0.0,0.0,0.7
2026-09-30T01:39:33.024 0.0,0.0,0.0,0.0,0.0,0.7
2026-09-30T01:39:33.074 0.0,0.0,0.0,0.0,0.0,0.7
2026-09-30T01:39:33.125 0.0,0.0,0.0,0.0,0.0,0.7
2026-09-30T01:39:33.174 0.0,0.0,0.0,0.0,0.0,0.7
2026-09-30T01:39:33.224 0.0,0.0,0.0,0.0,0.0,0.7
2026-09-30T01:39:33.274 0.0,0.0,0.0,0.0,0.0,0.7
2026-09-30T01:39:33.324 0.0,0.0,0.0,0.0,0.0,0.7
2026-09-30T01:39:33.374 0.0,0.0,0.0,0.0,0.0,0.7
2026-09-30T01:39:33.425 0.0,0.0,0.0,0.0,0.0,0.7
2026-09-30T01:39:33.475 0.0,0.0,0.0,0.0,0.0,0.7
2026-09-30T01:39:33.524 0.0,0.0,0.0,0.0,0.0,0.7
2026-09-30T01:39:33.585 0.0,0.0,0.0,0.0,0.0,0.7
2026-09-30T01:39:33.624 0.0,0.0,0.0,0.0,0.0,0.7
2026-09-30T01:39:33.674 0.0,0.0,0.0,0.0,0.0,0.7
2026-09-30T01:39:33.724 0.0,0.0,0.0,0.0,0.0,0.7
2026-09-30T01:39:33.784 0.0,0.0,0.0,0.0,0.0,0.7
2026-09-30T01:39:33.824 0.0,0.0,0.0,0.0,0.0,0.7
2026-09-30T01:39:33.874 0.0,0.0,0.0,0.0,0.0,0.7
2026-09-30T01:39:33.924 0.0,0.0,0.0,0.0,0.0,0.7
2026-09-30T01:39:33.974 0.0,0.0,0.0,0.0,0.0,0.7
2026-09-30T01:39:34.027 0.0,0.0,0.0,0.0,0.0,0.7
2026-09-30T01:39:34.075 0.0,0.0,0.0,0.0,0.0,0.7
2026-09-30T01:39:34.124 0.0,0.0,0.0,0.0,0.0,0.7
2026-09-30T01:39:34.174 0.0,0.0,0.0,0.0,0.0,0.7
2026-09-30T01:39:34.224 0.0,0.0,0.0,0.0,0.0,0.7
2026-09-30T01:39:34.274 0.0,0.0,0.0,0.0,0.0,0.7
2026-09-30T01:39:35.208 0.0,0.0,0.0,0.0,0.0,0.7
2026-09-30T01:39:35.248 0.0,0.0,0.0,0.0,0.0,0.7
2026-09-30T01:39:36.480 0.0,0.0,0.0,0.0,0.0,0.7
2026-09-30T01:39:36.529 0.0,0.0,0.0,0.0,0.0,0.7
2026-09-30T01:39:36.580 0.0,0.0,0.0,0.0,0.0,0.7
2026-09-30T01:39:36.640 0.0,0.0,0.0,0.0,0.0,0.555329032245536
2026-09-30T01:39:36.681 0.0,0.0,0.0,0.0,0.0,0.555329032245536
2026-09-30T01:39:36.730 0.0,0.0,0.0,0.0,0.0,0.555329032245536
2026-09-30T01:39:36.779 0.0,0.0,0.0,0.0,0.0,0.555329032245536
2026-09-30T01:39:36.830 0.0,0.0,0.0,0.0,0.0,0.39532903224553595
2026-09-30T01:39:36.879 0.0,0.0,0.0,0.0,0.0,0.23532903224553595
2026-09-30T01:39:36.930 0.0,0.0,0.0,0.0,0.0,0.07532903224553594
2026-09-30T01:39:36.979 0.0,0.0,0.0,0.0,0.0,0.0
2026-09-30T01:39:37.030 0.0,0.0,0.0,0.0,0.0,0.0
2026-09-30T01:39:37.100 0.0,0.0,0.0,0.0,0.0,0.0
2026-09-30T01:39:37.130 0.0,0.0,0.0,0.0,0.0,0.0
2026-09-30T01:39:37.180 0.0,0.0,0.0,0.0,0.0,0.0
2026-09-30T01:39:37.230 0.0,0.0,0.0,0.0,0.0,0.0
2026-09-30T01:39:37.279 0.0,0.0,0.0,0.0,0.0,0.0
2026-09-30T01:39:37.330 0.0,0.0,0.0,0.0,0.0,0.0
2026-09-30T01:39:37.380 0.0,0.0,0.0,0.0,0.0,0.0
2026-09-30T01:39:37.430 0.0,0.0,0.0,0.0,0.0,0.0
2026-09-30T01:39:37.480 0.0,0.0,0.0,0.0,0.0,0.0
2026-09-30T01:39:37.540 0.0,0.0,0.0,0.0,0.0,0.0
2026-09-30T01:39:37.579 0.0,0.0,0.0,0.0,0.0,0.0
2026-09-30T01:39:37.630 0.0,0.0,0.0,0.0,0.0,0.0
2026-09-30T01:39:37.679 0.0,0.0,0.0,0.0,0.0,0.0
2026-09-30T01:39:37.730 0.0,0.0,0.0,0.0,0.0,0.0
2026-09-30T01:39:37.790 0.0,0.0,0.0,0.0,0.0,0.0
2026-09-30T01:39:37.840 0.0,0.0,0.0,0.0,0.0,0.0
2026-09-30T01:39:37.880 0.0,0.0,0.0,0.0,0.0,0.0
2026-09-30T01:39:37.930 0.0,0.0,0.0,0.0,0.0,0.0
2026-09-30T01:39:37.979 0.0,0.0,0.0,0.0,0.0,0.0
2026-09-30T01:39:38.030 0.0,0.0,0.0,0.0,0.0,0.0
2026-09-30T01:39:38.080 0.0,0.0,0.0,0.0,0.0,0.0
2026-09-30T01:39:38.130 0.0,0.0,0.0,0.0,0.0,0.0
2026-09-30T01:39:38.180 0.0,0.0,0.0,0.0,0.0,0.0
2026-09-30T01:39:38.230 0.0,0.0,0.0,0.0,0.0,0.0
2026-09-30T01:39:38.280 0.0,0.0,0.0,0.0,0.0,0.0
2026-09-30T01:39:38.330 0.0,0.0,0.0,0.0,0.0,0.0
2026-09-30T01:39:38.380 0.0,0.0,0.0,0.0,0.0,0.0
2026-09-30T01:39:38.429 0.0,0.0,0.0,0.0,0.0,0.0
2026-09-30T01:39:38.479 0.0,0.0,0.0,0.0,0.0,0.0
2026-09-30T01:39:38.530 0.0,0.0,0.0,0.0,0.0,0.0
2026-09-30T01:39:38.579 0.0,0.0,0.0,0.0,0.0,0.0
2026-09-30T01:39:38.630 0.0,0.0,0.0,0.0,0.0,0.0
2026-09-30T01:39:38.679 0.0,0.0,0.0,0.0,0.0,0.0
2026-09-30T01:39:38.730 0.0,0.0,0.0,0.0,0.0,0.0
2026-09-30T01:39:38.780 0.0,0.0,0.0,0.0,0.0,0.0
2026-09-30T01:39:38.830 0.0,0.0,0.0,0.0,0.0,0.0
2026-09-30T01:39:38.879 0.0,0.0,0.0,0.0,0.0,0.0
2026-09-30T01:39:38.930 0.0,0.0,0.0,0.0,0.0,0.0
2026-09-30T01:39:38.979 0.0,0.0,0.0,0.0,0.0,0.0
2026-09-30T01:39:39.030 0.0,0.0,0.0,0.0,0.0,0.0
2026-09-30T01:39:39.079 0.0,0.0,0.0,0.0,0.0,0.0
2026-09-30T01:39:39.130 0.0,0.0,0.0,0.0,0.0,0.0
2026-09-30T01:39:39.179 0.0,0.0,0.0,0.0,0.0,0.0
2026-09-30T01:39:39.230 0.0,0.0,0.0,0.0,0.0,0.0
2026-09-30T01:39:39.279 0.0,0.0,0.0,0.0,0.0,0.0
2026-09-30T01:39:39.330 0.0,0.0,0.0,0.0,0.0,0.0
2026-09-30T01:39:39.380 0.0,0.0,0.0,0.0,0.0,0.0
2026-09-30T01:39:39.430 0.0,0.0,0.0,0.0,0.0,0.0
2026-09-30T01:39:39.479 0.0,0.0,0.0,0.0,0.0,0.0
2026-09-30T01:39:39.530 0.0,0.0,0.0,0.0,0.0,0.0
2026-09-30T01:39:39.579 0.0,0.0,0.0,0.0,0.0,0.0
2026-09-30T01:39:39.632 0.0,0.0,0.0,0.0,0.0,0.0
2026-09-30T01:39:39.680 0.0,0.0,0.0,0.0,0.0,0.0
2026-09-30T01:39:39.730 0.0,0.0,0.0,0.0,0.0,0.0
2026-09-30T01:39:39.780 0.0,0.0,0.0,0.0,0.0,0.0
