2026-09-30T02:01:57.203 4,99999998,map,-6.000000000000445,-1.0,0.0,0.0,0.0,0.9999999999991198,1.3267948966775328e-06,-2.3803181647963356e-12,0.0,0.0,0.0,0.0,0.0,0.0,0.0,0.0,0.0,0.0,0.0,0.0,0.0,0.0,0.0,0.0,0.0,0.0,0.0,0.0,0.0,0.0,0.0,0.0,0.0,0.0,0.0,0.0,0.0,0.0,0.0,0.0,0.0,0.0,-6.972200594645862e-14
2026-09-30T02:02:03.104 8,600000000,map,-6.030150099246598,-0.9982334098727187,0.0,0.0,0.0,0.9798761522900258,0.19960642818630395,0.01729269069805639,-0.0014588931504588842,0.0,0.0,0.0,0.0,-0.0014588931504588842,0.0003741984895272443,0.0,0.0,0.0,0.0,0.0,0.0,0.0,0.0,0.0,0.0,0.0,0.0,0.0,0.0,0.0,0.0,0.0,0.0,0.0,0.0,0.0,0.0,0.0,0.0,0.0,0.0,0.0,0.017075829521642126
2026-09-30T02:02:07.464 9,900000000,map,-6.109646938597677,-0.9670635171834054,0.0,0.0,0.0,0.8734516746316956,0.48691084613416313,0.030336895643927164,-0.011081095304763977,0.0,0.0,0.0,0.0,-0.011081095304764865,0.0090123758024232,0.0,0.0,0.0,0.0,0.0,0.0,0.0,0.0,0.0,0.0,0.0,0.0,0.0,0.0,0.0,0.0,0.0,0.0,0.0,0.0,0.0,0.0,0.0,0.0,0.0,0.0,0.0,0.031052047225724456
2026-09-30T02:02:10.996 11,0,map,-6.198449418001251,-0.5239897413398622,0.0,0.0,0.0,0.6331192519449625,0.7740542699427806,0.030441363358228557,-0.01129587187338199,0.0,0.0,0.0,0.0,-0.01129587187338199,0.0457266220280273,0.0,0.0,0.0,0.0,0.0,0.0,0.0,0.0,0.0,0.0,0.0,0.0,0.0,0.0,0.0,0.0,0.0,0.0,0.0,0.0,0.0,0.0,0.0,0.0,0.0,0.0,0.0,0.03725395638664178
2026-09-30T02:02:13.782 11,900000000,map,-5.791863136569407,-0.07393673292931897,0.0,0.0,0.0,0.21739788688628653,0.9760830696090254,0.05739485054349558,0.007259226815467257,0.0,0.0,0.0,0.0,0.007259226815467257,0.07182944300913612,0.0,0.0,0.0,0.0,0.0,0.0,0.0,0.0,0.0,0.0,0.0,0.0,0.0,0.0,0.0,0.0,0.0,0.0,0.0,0.0,0.0,0.0,0.0,0.0,0.0,0.0,0.0,0.0359303190800919
2026-09-30T02:02:17.647 13,100000000,map,-4.836868442135792,0.03121109784120532,0.0,0.0,0.0,-0.03463754122500639,0.9993999403331411,0.1158123452926283,0.006411766570226796,0.0,0.0,0.0,0.0,0.006411766570226823,0.064458443687049,0.0,0.0,0.0,0.0,0.0,0.0,0.0,0.0,0.0,0.0,0.0,0.0,0.0,0.0,0.0,0.0,0.0,0.0,0.0,0.0,0.0,0.0,0.0,0.0,0.0,0.0,0.0,0.08532279657098374
2026-09-30T02:02:21.776 14,300000000,map,-3.9609415482409287,-0.13596828761703178,0.0,0.0,0.0,-0.0981589731863377,0.9951707471499571,0.18881110621111752,0.007849498489619466,0.0,0.0,0.0,0.0,0.007849498489619466,0.06914909077525928,0.0,0.0,0.0,0.0,0.0,0.0,0.0,0.0,0.0,0.0,0.0,0.0,0.0,0.0,0.0,0.0,0.0,0.0,0.0,0.0,0.0,0.0,0.0,0.0,0.0,0.0,0.0,0.09046148614892119
2026-09-30T02:02:26.023 15,500000000,map,-3.0902449339177833,-0.28001155165223807,0.0,0.0,0.0,-0.07245697133361739,0.9973715392496215,0.2461963054263343,0.008614091823612946,0.0,0.0,0.0,0.0,0.008614091823612946,0.07875972903971083,0.0,0.0,0.0,0.0,0.0,0.0,0.0,0.0,0.0,0.0,0.0,0.0,0.0,0.0,0.0,0.0,0.0,0.0,0.0,0.0,0.0,0.0,0.0,0.0,0.0,0.0,0.0,0.0898855697493239
2026-09-30T02:02:30.232 16,700000000,map,-2.186306016504051,-0.3400169644953098,0.0,0.0,0.0,-0.0903002167008306,0.99591459014505,0.3009031550275001,0.014508897034442692,0.0,0.0,0.0,0.0,0.014508897034442692,0.11155288272104148,0.0,0.0,0.0,0.0,0.0,0.0,0.0,0.0,0.0,0.0,0.0,0.0,0.0,0.0,0.0,0.0,0.0,0.0,0.0,0.0,0.0,0.0,0.0,0.0,0.0,0.0,0.0,0.10592370731031905
2026-09-30T02:02:36.481 17,900000000,map,-1.2668041168026885,-0.5065387991871617,0.0,0.0,0.0,-0.15694218481555652,0.9876077919018864,0.31126936562372687,0.0022602862153333625,0.0,0.0,0.0,0.0,0.0022602862153333625,0.15030916483838005,0.0,0.0,0.0,0.0,0.0,0.0,0.0,0.0,0.0,0.0,0.0,0.0,0.0,0.0,0.0,0.0,0.0,0.0,0.0,0.0,0.0,0.0,0.0,0.0,0.0,0.0,0.0,0.09159029757075257
2026-09-30T02:02:42.072 19,500000000,map,-0.3653461718095785,-0.7368691423712087,0.0,0.0,0.0,-0.18499298988819146,0.9827398402894977,0.31497454568697647,0.013096981023710152,0.0,0.0,0.0,0.0,0.013096981023710152,0.17160917815045695,0.0,0.0,0.0,0.0,0.0,0.0,0.0,0.0,0.0,0.0,0.0,0.0,0.0,0.0,0.0,0.0,0.0,0.0,0.0,0.0,0.0,0.0,0.0,0.0,0.0,0.0,0.0,0.07956138980018672
