2026-09-30T02:01:57.601 0.0,0.0,0.0,0.0,0.0,-0.2578947368421052
2026-09-30T02:01:57.649 0.0,0.0,0.0,0.0,0.0,-0.2578947368421052
2026-09-30T02:01:57.709 0.0,0.0,0.0,0.0,0.0,-0.2578947368421052
2026-09-30T02:01:57.759 0.0,0.0,0.0,0.0,0.0,-0.2578947368421052
2026-09-30T02:01:57.799 0.0,0.0,0.0,0.0,0.0,-0.2578947368421052
2026-09-30T02:01:57.849 0.0,0.0,0.0,0.0,0.0,-0.2578947368421052
2026-09-30T02:01:57.898 0.0,0.0,0.0,0.0,0.0,-0.2578947368421052
2026-09-30T02:01:57.948 0.0,0.0,0.0,0.0,0.0,-0.2578947368421052
2026-09-30T02:01:57.998 0.0,0.0,0.0,0.0,0.0,-0.2578947368421052
2026-09-30T02:01:58.049 0.0,0.0,0.0,0.0,0.0,-0.2578947368421052
2026-09-30T02:01:58.098 0.0,0.0,0.0,0.0,0.0,-0.2578947368421052
2026-09-30T02:01:58.148 0.0,0.0,0.0,0.0,0.0,-0.4178947368421052
2026-09-30T02:01:58.198 0.0,0.0,0.0,0.0,0.0,-0.5778947368421052
2026-09-30T02:01:58.249 0.0,0.0,0.0,0.0,0.0,-0.7
2026-09-30T02:01:58.298 0.0,0.0,0.0,0.0,0.0,-0.7
2026-09-30T02:01:58.348 0.0,0.0,0.0,0.0,0.0,-0.7
2026-09-30T02:01:58.398 0.0,0.0,0.0,0.0,0.0,-0.7
2026-09-30T02:01:58.448 0.0,0.0,0.0,0.0,0.0,-0.7
2026-09-30T02:01:58.499 0.0,0.0,0.0,0.0,0.0,-0.7
2026-09-30T02:01:58.559 0.0,0.0,0.0,0.0,0.0,-0.7
2026-09-30T02:01:58.599 0.0,0.0,0.0,0.0,0.0,-0.7
2026-09-30T02:01:58.648 0.0,0.0,0.0,0.0,0.0,-0.7
2026-09-30T02:01:58.700 0.0,0.0,0.0,0.0,0.0,-0.7
2026-09-30T02:01:58.749 0.0,0.0,0.0,0.0,0.0,-0.7
2026-09-30T02:01:58.799 0.0,0.0,0.0,0.0,0.0,-0.7
2026-09-30T02:01:58.849 0.0,0.0,0.0,0.0,0.0,-0.7
2026-09-30T02:01:58.898 0.0,0.0,0.0,0.0,0.0,-0.7
2026-09-30T02:01:58.949 0.0,0.0,0.0,0.0,0.0,-0.7
2026-09-30T02:01:59.009 0.0,0.0,0.0,0.0,0.0,-0.7
2026-09-30T02:01:59.048 0.0,0.0,0.0,0.0,0.0,-0.7
2026-09-30T02:01:59.098 0.0,0.0,0.0,0.0,0.0,-0.7
2026-09-30T02:01:59.149 0.0,0.0,0.0,0.0,0.0,-0.7
2026-09-30T02:01:59.198 0.0,0.0,0.0,0.0,0.0,-0.7
2026-09-30T02:01:59.248 0.0,0.0,0.0,0.0,0.0,-0.7
2026-09-30T02:01:59.299 0.0,0.0,0.0,0.0,0.0,-0.7
2026-09-30T02:01:59.348 0.0,0.0,0.0,0.0,0.0,-0.7
2026-09-30T02:01:59.398 0.0,0.0,0.0,0.0,0.0,-0.7
2026-09-30T02:01:59.448 0.0,0.0,0.0,0.0,0.0,-0.7
2026-09-30T02:01:59.498 0.0,0.0,0.0,0.0,0.0,-0.7
2026-09-30T02:01:59.558 0.0,0.0,0.0,0.0,0.0,-0.7
2026-09-30T02:01:59.599 0.0,0.0,0.0,0.0,0.0,-0.7
2026-09-30T02:01:59.648 0.0,0.0,0.0,0.0,0.0,-0.7
2026-09-30T02:01:59.698 0.0,0.0,0.0,0.0,0.0,-0.7
2026-09-30T02:01:59.748 0.0,0.0,0.0,0.0,0.0,-0.7
2026-09-30T02:01:59.798 0.0,0.0,0.0,0.0,0.0,-0.7
2026-09-30T02:02:00.785 0.0,0.0,0.0,0.0,0.0,-0.7
2026-09-30T02:02:00.835 0.0,0.0,0.0,0.0,0.0,-0.7
2026-09-30T02:02:02.090 0.0,0.0,0.0,0.0,0.0,-0.7
2026-09-30T02:02:02.139 0.0,0.0,0.0,0.0,0.0,-0.7
2026-09-30T02:02:02.190 0.0,0.0,0.0,0.0,0.0,-0.7
2026-09-30T02:02:02.239 0.0,0.0,0.0,0.0,0.0,-0.7
2026-09-30T02:02:02.290 0.0,0.0,0.0,0.0,0.0,-0.7
2026-09-30T02:02:02.340 0.0,0.0,0.0,0.0,0.0,-0.7
2026-09-30T02:02:02.389 0.0,0.0,0.0,0.0,0.0,-0.7
2026-09-30T02:02:02.440 0.0,0.0,0.0,0.0,0.0,-0.7
2026-09-30T02:02:02.489 0.0,0.0,0.0,0.0,0.0,-0.6263157894736842
2026-09-30T02:02:02.539 0.0,0.0,0.0,0.0,0.0,-0.6263157894736842
2026-09-30T02:02:02.589 0.0,0.0,0.0,0.0,0.0,-0.6263157894736842
2026-09-30T02:02:02.639 0.0,0.0,0.0,0.0,0.0,-0.6263157894736842
2026-09-30T02:02:02.691 0.0,0.0,0.0,0.0,0.0,-0.6263157894736842
2026-09-30T02:02:02.741 0.0,0.0,0.0,0.0,0.0,-0.6263157894736842
2026-09-30T02:02:02.789 0.0,0.0,0.0,0.0,0.0,-0.6263157894736842
2026-09-30T02:02:02.839 0.0,0.0,0.0,0.0,0.0,-0.6263157894736842
2026-09-30T02:02:02.889 0.0,0.0,0.0,0.0,0.0,-0.6263157894736842
2026-09-30T02:02:02.939 0.0,0.0,0.0,0.0,0.0,-0.6263157894736842
2026-09-30T02:02:02.990 0.0,0.0,0.0,0.0,0.0,-0.6263157894736842
2026-09-30T02:02:03.040 0.0,0.0,0.0,0.0,0.0,-0.6263157894736842
2026-09-30T02:02:03.090 0.0,0.0,0.0,0.0,0.0,-0.6263157894736842
2026-09-30T02:02:03.150 0.0,0.0,0.0,0.0,0.0,-0.6263157894736842
2026-09-30T02:02:03.189 0.0,0.0,0.0,0.0,0.0,-0.6263157894736842
2026-09-30T02:02:03.241 0.0,0.0,0.0,0.0,0.0,-0.7
2026-09-30T02:02:03.290 0.0,0.0,0.0,0.0,0.0,-0.7
2026-09-30T02:02:03.340 0.0,0.0,0.0,0.0,0.0,-0.7
2026-09-30T02:02:03.389 0.0,0.0,0.0,0.0,0.0,-0.7
2026-09-30T02:02:03.440 0.0,0.0,0.0,0.0,0.0,-0.7
2026-09-30T02:02:03.489 0.0,0.0,0.0,0.0,0.0,-0.7
2026-09-30T02:02:03.540 0.0,0.0,0.0,0.0,0.0,-0.7
2026-09-30T02:02:03.589 0.0,0.0,0.0,0.0,0.0,-0.7
2026-09-30T02:02:03.640 0.0,0.0,0.0,0.0,0.0,-0.7
2026-09-30T02:02:03.690 0.0,0.0,0.0,0.0,0.0,-0.7
2026-09-30T02:02:03.740 0.0,0.0,0.0,0.0,0.0,-0.7
2026-09-30T02:02:03.790 0.0,0.0,0.0,0.0,0.0,-0.7
2026-09-30T02:02:03.840 0.0,0.0,0.0,0.0,0.0,-0.7
2026-09-30T02:02:03.890 0.0,0.0,0.0,0.0,0.0,-0.7
2026-09-30T02:02:03.940 0.0,0.0,0.0,0.0,0.0,-0.7
2026-09-30T02:02:03.990 0.0,0.0,0.0,0.0,0.0,-0.7
2026-09-30T02:02:04.050 0.0,0.0,0.0,0.0,0.0,-0.7
2026-09-30T02:02:04.090 0.0,0.0,0.0,0.0,0.0,-0.7
2026-09-30T02:02:04.140 0.0,0.0,0.0,0.0,0.0,-0.7
2026-09-30T02:02:04.190 0.0,0.0,0.0,0.0,0.0,-0.5399999999999999
2026-09-30T02:02:04.240 0.0,0.0,0.0,0.0,0.0,-0.3799999999999999
2026-09-30T02:02:04.289 0.0,0.0,0.0,0.0,0.0,-0.2199999999999999
2026-09-30T02:02:04.340 0.0,0.0,0.0,0.0,0.0,-0.05999999999999989
2026-09-30T02:02:04.389 0.0,0.0,0.0,0.0,0.0,0.10000000000000012
2026-09-30T02:02:04.441 0.0,0.0,0.0,0.0,0.0,0.2600000000000001
2026-09-30T02:02:04.490 0.0,0.0,0.0,0.0,0.0,0.42000000000000015
2026-09-30T02:02:04.540 0.0,0.0,0.0,0.0,0.0,0.5800000000000002
2026-09-30T02:02:04.590 0.0,0.0,0.0,0.0,0.0,0.7
2026-09-30T02:02:04.639 0.0,0.0,0.0,0.0,0.0,0.7
2026-09-30T02:02:04.699 0.0,0.0,0.0,0.0,0.0,0.7
2026-09-30T02:02:04.739 0.0,0.0,0.0,0.0,0.0,0.7
2026-09-30T02:02:04.789 0.0,0.0,0.0,0.0,0.0,0.5399999999999999
2026-09-30T02:02:04.850 0.0,0.0,0.0,0.0,0.0,0.3799999999999999
2026-09-30T02:02:04.890 0.0,0.0,0.0,0.0,0.0,0.2199999999999999
2026-09-30T02:02:04.939 0.0,0.0,0.0,0.0,0.0,0.05999999999999989
2026-09-30T02:02:04.989 0.0,0.0,0.0,0.0,0.0,-0.10000000000000012
2026-09-30T02:02:05.040 0.0,0.0,0.0,0.0,0.0,-0.2600000000000001
2026-09-30T02:02:05.089 0.0,0.0,0.0,0.0,0.0,-0.42000000000000015
2026-09-30T02:02:05.140 0.0,0.0,0.0,0.0,0.0,-0.5800000000000002
2026-09-30T02:02:05.189 0.0,0.0,0.0,0.0,0.0,-0.7
2026-09-30T02:02:05.250 0.0,0.0,0.0,0.0,0.0,-0.7
2026-09-30T02:02:05.300 0.0,0.0,0.0,0.0,0.0,-0.7
2026-09-30T02:02:05.340 0.0,0.0,0.0,0.0,0.0,-0.7
2026-09-30T02:02:05.389 0.0,0.0,0.0,0.0,0.0,-0.7
2026-09-30T02:02:05.440 0.0,0.0,0.0,0.0,0.0,-0.7
2026-09-30T02:02:05.489 0.0,0.0,0.0,0.0,0.0,-0.7
2026-09-30T02:02:05.540 0.0,0.0,0.0,0.0,0.0,-0.7
2026-09-30T02:02:05.590 0.0,0.0,0.0,0.0,0.0,-0.7
2026-09-30T02:02:05.640 0.0,0.0,0.0,0.0,0.0,-0.7
2026-09-30T02:02:05.700 0.0,0.0,0.0,0.0,0.0,-0.7
2026-09-30T02:02:05.740 0.0,0.0,0.0,0.0,0.0,-0.7
2026-09-30T02:02:05.790 0.0,0.0,0.0,0.0,0.0,-0.7
2026-09-30T02:02:05.850 0.0,0.0,0.0,0.0,0.0,-0.7
2026-09-30T02:02:05.890 0.0,0.0,0.0,0.0,0.0,-0.7
2026-09-30T02:02:05.939 0.0,0.0,0.0,0.0,0.0,-0.7
2026-09-30T02:02:05.990 0.0,0.0,0.0,0.0,0.0,-0.7
2026-09-30T02:02:06.040 0.0,0.0,0.0,0.0,0.0,-0.7
2026-09-30T02:02:06.089 0.0,0.0,0.0,0.0,0.0,-0.7
2026-09-30T02:02:06.150 0.0,0.0,0.0,0.0,0.0,-0.7
2026-09-30T02:02:06.189 0.0,0.0,0.0,0.0,0.0,-0.7
2026-09-30T02:02:06.239 0.0,0.0,0.0,0.0,0.0,-0.5399999999999999
2026-09-30T02:02:06.289 0.0,0.0,0.0,0.0,0.0,-0.40526315789473677
2026-09-30T02:02:06.339 0.0,0.0,0.0,0.0,0.0,-0.331578947368421
2026-09-30T02:02:06.390 0.0,0.0,0.0,0.0,0.0,-0.331578947368421
2026-09-30T02:02:06.440 0.0,0.0,0.0,0.0,0.0,-0.331578947368421
2026-09-30T02:02:06.489 0.0,0.0,0.0,0.0,0.0,-0.331578947368421
2026-09-30T02:02:06.539 0.0,0.0,0.0,0.0,0.0,-0.331578947368421
2026-09-30T02:02:06.590 0.0,0.0,0.0,0.0,0.0,-0.331578947368421
2026-09-30T02:02:06.639 0.0,0.0,0.0,0.0,0.0,-0.331578947368421
2026-09-30T02:02:06.690 0.0,0.0,0.0,0.0,0.0,-0.331578947368421
2026-09-30T02:02:06.740 0.0,0.0,0.0,0.0,0.0,-0.331578947368421
2026-09-30T02:02:06.790 0.0,0.0,0.0,0.0,0.0,-0.331578947368421
2026-09-30T02:02:06.840 0.0,0.0,0.0,0.0,0.0,-0.331578947368421
2026-09-30T02:02:06.889 0.0,0.0,0.0,0.0,0.0,-0.2578947368421052
2026-09-30T02:02:06.939 0.0,0.0,0.0,0.0,0.0,-0.2578947368421052
2026-09-30T02:02:06.990 0.0,0.0,0.0,0.0,0.0,-0.2578947368421052
2026-09-30T02:02:07.039 0.0,0.0,0.0,0.0,0.0,-0.2578947368421052
2026-09-30T02:02:07.089 0.0,0.0,0.0,0.0,0.0,-0.2578947368421052
2026-09-30T02:02:07.140 0.0,0.0,0.0,0.0,0.0,-0.2578947368421052
2026-09-30T02:02:07.189 0.0,0.0,0.0,0.0,0.0,-0.2578947368421052
2026-09-30T02:02:07.240 0.0,0.0,0.0,0.0,0.0,-0.2578947368421052
2026-09-30T02:02:07.289 0.125,0.0,0.0,0.0,0.0,-0.4178947368421052
2026-09-30T02:02:07.339 0.25,0.0,0.0,0.0,0.0,-0.5778947368421052
2026-09-30T02:02:07.391 0.375,0.0,0.0,0.0,0.0,-0.7
2026-09-30T02:02:07.440 0.5,0.0,0.0,0.0,0.0,-0.7
2026-09-30T02:02:07.490 0.625,0.0,0.0,0.0,0.0,-0.7
2026-09-30T02:02:07.539 0.6315789473684212,0.0,0.0,0.0,0.0,-0.6263157894736842
2026-09-30T02:02:07.589 0.6315789473684212,0.0,0.0,0.0,0.0,-0.6263157894736842
2026-09-30T02:02:07.639 0.6315789473684212,0.0,0.0,0.0,0.0,-0.6263157894736842
2026-09-30T02:02:07.689 0.6315789473684212,0.0,0.0,0.0,0.0,-0.6263157894736842
2026-09-30T02:02:07.740 0.673684210526316,0.0,0.0,0.0,0.0,-0.7
2026-09-30T02:02:07.790 0.673684210526316,0.0,0.0,0.0,0.0,-0.7
2026-09-30T02:02:07.839 0.673684210526316,0.0,0.0,0.0,0.0,-0.7
2026-09-30T02:02:07.889 0.673684210526316,0.0,0.0,0.0,0.0,-0.7
2026-09-30T02:02:07.940 0.673684210526316,0.0,0.0,0.0,0.0,-0.7
2026-09-30T02:02:07.990 0.673684210526316,0.0,0.0,0.0,0.0,-0.7
2026-09-30T02:02:08.039 0.673684210526316,0.0,0.0,0.0,0.0,-0.7
2026-09-30T02:02:08.089 0.673684210526316,0.0,0.0,0.0,0.0,-0.7
2026-09-30T02:02:08.141 0.673684210526316,0.0,0.0,0.0,0.0,-0.7
2026-09-30T02:02:08.190 0.6315789473684212,0.0,0.0,0.0,0.0,-0.6263157894736842
2026-09-30T02:02:08.239 0.6315789473684212,0.0,0.0,0.0,0.0,-0.6263157894736842
2026-09-30T02:02:08.289 0.5894736842105265,0.0,0.0,0.0,0.0,-0.7
2026-09-30T02:02:08.339 0.5473684210526317,0.0,0.0,0.0,0.0,-0.7
2026-09-30T02:02:08.390 0.5473684210526317,0.0,0.0,0.0,0.0,-0.7
2026-09-30T02:02:08.440 0.5473684210526317,0.0,0.0,0.0,0.0,-0.7
2026-09-30T02:02:08.490 0.5894736842105265,0.0,0.0,0.0,0.0,-0.7
2026-09-30T02:02:08.540 0.5894736842105265,0.0,0.0,0.0,0.0,-0.7
2026-09-30T02:02:08.589 0.5894736842105265,0.0,0.0,0.0,0.0,-0.7
2026-09-30T02:02:08.640 0.5894736842105265,0.0,0.0,0.0,0.0,-0.7
2026-09-30T02:02:08.700 0.5894736842105265,0.0,0.0,0.0,0.0,-0.7
2026-09-30T02:02:08.739 0.5894736842105265,0.0,0.0,0.0,0.0,-0.7
2026-09-30T02:02:08.789 0.5894736842105265,0.0,0.0,0.0,0.0,-0.7
2026-09-30T02:02:08.839 0.5894736842105265,0.0,0.0,0.0,0.0,-0.7
2026-09-30T02:02:08.889 0.5894736842105265,0.0,0.0,0.0,0.0,-0.7
2026-09-30T02:02:08.940 0.6315789473684212,0.0,0.0,0.0,0.0,-0.7
2026-09-30T02:02:08.990 0.6315789473684212,0.0,0.0,0.0,0.0,-0.7
2026-09-30T02:02:09.039 0.6315789473684212,0.0,0.0,0.0,0.0,-0.7
2026-09-30T02:02:09.089 0.6315789473684212,0.0,0.0,0.0,0.0,-0.7
2026-09-30T02:02:09.140 0.6315789473684212,0.0,0.0,0.0,0.0,-0.7
2026-09-30T02:02:09.190 0.5894736842105265,0.0,0.0,0.0,0.0,-0.7
2026-09-30T02:02:09.239 0.5894736842105265,0.0,0.0,0.0,0.0,-0.7
2026-09-30T02:02:09.290 0.5894736842105265,0.0,0.0,0.0,0.0,-0.7
2026-09-30T02:02:09.340 0.5894736842105265,0.0,0.0,0.0,0.0,-0.7
2026-09-30T02:02:09.390 0.5473684210526317,0.0,0.0,0.0,0.0,-0.7
2026-09-30T02:02:09.440 0.5473684210526317,0.0,0.0,0.0,0.0,-0.7
2026-09-30T02:02:09.489 0.5473684210526317,0.0,0.0,0.0,0.0,-0.7
2026-09-30T02:02:09.540 0.5473684210526317,0.0,0.0,0.0,0.0,-0.7
2026-09-30T02:02:09.589 0.5473684210526317,0.0,0.0,0.0,0.0,-0.7
2026-09-30T02:02:09.640 0.5473684210526317,0.0,0.0,0.0,0.0,-0.7
2026-09-30T02:02:09.689 0.5894736842105265,0.0,0.0,0.0,0.0,-0.7
2026-09-30T02:02:09.740 0.5894736842105265,0.0,0.0,0.0,0.0,-0.7
2026-09-30T02:02:09.789 0.5894736842105265,0.0,0.0,0.0,0.0,-0.7
2026-09-30T02:02:09.840 0.5894736842105265,0.0,0.0,0.0,0.0,-0.7
2026-09-30T02:02:09.889 0.5894736842105265,0.0,0.0,0.0,0.0,-0.7
2026-09-30T02:02:09.940 0.5894736842105265,0.0,0.0,0.0,0.0,-0.7
2026-09-30T02:02:09.989 0.5894736842105265,0.0,0.0,0.0,0.0,-0.7
2026-09-30T02:02:10.040 0.5894736842105265,0.0,0.0,0.0,0.0,-0.7
2026-09-30T02:02:10.089 0.5894736842105265,0.0,0.0,0.0,0.0,-0.7
2026-09-30T02:02:10.140 0.5894736842105265,0.0,0.0,0.0,0.0,-0.7
2026-09-30T02:02:10.190 0.6315789473684212,0.0,0.0,0.0,0.0,-0.7
2026-09-30T02:02:10.240 0.6315789473684212,0.0,0.0,0.0,0.0,-0.7
2026-09-30T02:02:10.289 0.6315789473684212,0.0,0.0,0.0,0.0,-0.7
2026-09-30T02:02:10.340 0.6315789473684212,0.0,0.0,0.0,0.0,-0.7
2026-09-30T02:02:10.389 0.6315789473684212,0.0,0.0,0.0,0.0,-0.7
2026-09-30T02:02:10.440 0.6315789473684212,0.0,0.0,0.0,0.0,-0.7
2026-09-30T02:02:10.489 0.6315789473684212,0.0,0.0,0.0,0.0,-0.7
2026-09-30T02:02:10.539 0.6315789473684212,0.0,0.0,0.0,0.0,-0.7
2026-09-30T02:02:10.589 0.5894736842105265,0.0,0.0,0.0,0.0,-0.7
2026-09-30T02:02:10.639 0.6315789473684212,0.0,0.0,0.0,0.0,-0.7
2026-09-30T02:02:10.690 0.6315789473684212,0.0,0.0,0.0,0.0,-0.7
2026-09-30T02:02:10.739 0.6315789473684212,0.0,0.0,0.0,0.0,-0.7
2026-09-30T02:02:10.790 0.6315789473684212,0.0,0.0,0.0,0.0,-0.7
2026-09-30T02:02:10.839 0.6315789473684212,0.0,0.0,0.0,0.0,-0.7
2026-09-30T02:02:10.889 0.6315789473684212,0.0,0.0,0.0,0.0,-0.7
2026-09-30T02:02:10.939 0.6315789473684212,0.0,0.0,0.0,0.0,-0.7
2026-09-30T02:02:10.989 0.6315789473684212,0.0,0.0,0.0,0.0,-0.7
2026-09-30T02:02:11.041 0.5894736842105265,0.0,0.0,0.0,0.0,-0.7
2026-09-30T02:02:11.089 0.5894736842105265,0.0,0.0,0.0,0.0,-0.7
2026-09-30T02:02:11.139 0.5894736842105265,0.0,0.0,0.0,0.0,-0.7
2026-09-30T02:02:11.189 0.5894736842105265,0.0,0.0,0.0,0.0,-0.7
2026-09-30T02:02:11.239 0.5894736842105265,0.0,0.0,0.0,0.0,-0.7
2026-09-30T02:02:11.289 0.5894736842105265,0.0,0.0,0.0,0.0,-0.7
2026-09-30T02:02:11.339 0.5894736842105265,0.0,0.0,0.0,0.0,-0.7
2026-09-30T02:02:11.389 0.7144736842105265,0.0,0.0,0.0,0.0,-0.7
2026-09-30T02:02:11.439 0.7157894736842108,0.0,0.0,0.0,0.0,-0.7
2026-09-30T02:02:11.489 0.7157894736842108,0.0,0.0,0.0,0.0,-0.7
2026-09-30T02:02:11.540 0.7157894736842108,0.0,0.0,0.0,0.0,-0.7
2026-09-30T02:02:11.589 0.7578947368421055,0.0,0.0,0.0,0.0,-0.7
2026-09-30T02:02:11.640 0.7578947368421055,0.0,0.0,0.0,0.0,-0.7
2026-09-30T02:02:11.689 0.7578947368421055,0.0,0.0,0.0,0.0,-0.7
2026-09-30T02:02:11.739 0.7578947368421055,0.0,0.0,0.0,0.0,-0.7
2026-09-30T02:02:11.789 0.8,0.0,0.0,0.0,0.0,-0.7
2026-09-30T02:02:11.840 0.8,0.0,0.0,0.0,0.0,-0.7
2026-09-30T02:02:11.889 0.8,0.0,0.0,0.0,0.0,-0.7
2026-09-30T02:02:11.939 0.8,0.0,0.0,0.0,0.0,-0.7
2026-09-30T02:02:11.989 0.8,0.0,0.0,0.0,0.0,-0.7
2026-09-30T02:02:12.039 0.8,0.0,0.0,0.0,0.0,-0.7
2026-09-30T02:02:12.090 0.8,0.0,0.0,0.0,0.0,-0.7
2026-09-30T02:02:12.140 0.8,0.0,0.0,0.0,0.0,-0.7
2026-09-30T02:02:12.190 0.8,0.0,0.0,0.0,0.0,-0.7
2026-09-30T02:02:12.240 0.8,0.0,0.0,0.0,0.0,-0.7
2026-09-30T02:02:12.289 0.8,0.0,0.0,0.0,0.0,-0.7
2026-09-30T02:02:12.339 0.8,0.0,0.0,0.0,0.0,-0.7
2026-09-30T02:02:12.389 0.8,0.0,0.0,0.0,0.0,-0.7
2026-09-30T02:02:12.439 0.8,0.0,0.0,0.0,0.0,-0.6263157894736842
2026-09-30T02:02:12.489 0.8,0.0,0.0,0.0,0.0,-0.6263157894736842
2026-09-30T02:02:12.540 0.8,0.0,0.0,0.0,0.0,-0.6263157894736842
2026-09-30T02:02:12.589 0.8,0.0,0.0,0.0,0.0,-0.6263157894736842
2026-09-30T02:02:12.639 0.8,0.0,0.0,0.0,0.0,-0.6263157894736842
2026-09-30T02:02:12.690 0.8,0.0,0.0,0.0,0.0,-0.6263157894736842
2026-09-30T02:02:12.740 0.8,0.0,0.0,0.0,0.0,-0.6263157894736842
2026-09-30T02:02:12.790 0.8,0.0,0.0,0.0,0.0,-0.6263157894736842
2026-09-30T02:02:12.840 0.8,0.0,0.0,0.0,0.0,-0.5526315789473684
2026-09-30T02:02:12.889 0.8,0.0,0.0,0.0,0.0,-0.5526315789473684
2026-09-30T02:02:12.940 0.8,0.0,0.0,0.0,0.0,-0.5526315789473684
2026-09-30T02:02:12.989 0.8,0.0,0.0,0.0,0.0,-0.5526315789473684
2026-09-30T02:02:13.039 0.8,0.0,0.0,0.0,0.0,-0.5526315789473684
2026-09-30T02:02:13.099 0.8,0.0,0.0,0.0,0.0,-0.5526315789473684
2026-09-30T02:02:13.140 0.8,0.0,0.0,0.0,0.0,-0.5526315789473684
2026-09-30T02:02:13.190 0.8,0.0,0.0,0.0,0.0,-0.5526315789473684
2026-09-30T02:02:13.240 0.8,0.0,0.0,0.0,0.0,-0.47894736842105257
2026-09-30T02:02:13.299 0.8,0.0,0.0,0.0,0.0,-0.47894736842105257
2026-09-30T02:02:13.339 0.8,0.0,0.0,0.0,0.0,-0.47894736842105257
2026-09-30T02:02:13.399 0.8,0.0,0.0,0.0,0.0,-0.47894736842105257
2026-09-30T02:02:13.439 0.8,0.0,0.0,0.0,0.0,-0.47894736842105257
2026-09-30T02:02:13.500 0.8,0.0,0.0,0.0,0.0,-0.40526315789473677
2026-09-30T02:02:13.540 0.8,0.0,0.0,0.0,0.0,-0.40526315789473677
2026-09-30T02:02:13.589 0.8,0.0,0.0,0.0,0.0,-0.40526315789473677
2026-09-30T02:02:13.639 0.8,0.0,0.0,0.0,0.0,-0.40526315789473677
2026-09-30T02:02:13.690 0.8,0.0,0.0,0.0,0.0,-0.40526315789473677
2026-09-30T02:02:13.739 0.8,0.0,0.0,0.0,0.0,-0.40526315789473677
2026-09-30T02:02:13.789 0.8,0.0,0.0,0.0,0.0,-0.40526315789473677
2026-09-30T02:02:13.839 0.8,0.0,0.0,0.0,0.0,-0.2578947368421052
2026-09-30T02:02:13.889 0.8,0.0,0.0,0.0,0.0,-0.2578947368421052
2026-09-30T02:02:13.940 0.8,0.0,0.0,0.0,0.0,-0.2578947368421052
2026-09-30T02:02:13.989 0.8,0.0,0.0,0.0,0.0,-0.2578947368421052
2026-09-30T02:02:14.040 0.8,0.0,0.0,0.0,0.0,-0.2578947368421052
2026-09-30T02:02:14.089 0.8,0.0,0.0,0.0,0.0,-0.2578947368421052
2026-09-30T02:02:14.139 0.8,0.0,0.0,0.0,0.0,-0.18421052631578938
2026-09-30T02:02:14.189 0.8,0.0,0.0,0.0,0.0,-0.18421052631578938
2026-09-30T02:02:14.239 0.8,0.0,0.0,0.0,0.0,-0.18421052631578938
2026-09-30T02:02:14.289 0.8,0.0,0.0,0.0,0.0,-0.2578947368421052
2026-09-30T02:02:14.339 0.8,0.0,0.0,0.0,0.0,-0.18421052631578938
2026-09-30T02:02:14.390 0.8,0.0,0.0,0.0,0.0,-0.18421052631578938
2026-09-30T02:02:14.449 0.8,0.0,0.0,0.0,0.0,-0.18421052631578938
2026-09-30T02:02:14.489 0.8,0.0,0.0,0.0,0.0,-0.18421052631578938
2026-09-30T02:02:14.540 0.8,0.0,0.0,0.0,0.0,-0.18421052631578938
2026-09-30T02:02:14.589 0.8,0.0,0.0,0.0,0.0,-0.18421052631578938
2026-09-30T02:02:14.639 0.8,0.0,0.0,0.0,0.0,-0.18421052631578938
2026-09-30T02:02:14.689 0.8,0.0,0.0,0.0,0.0,-0.18421052631578938
2026-09-30T02:02:14.740 0.8,0.0,0.0,0.0,0.0,-0.18421052631578938
2026-09-30T02:02:14.790 0.8,0.0,0.0,0.0,0.0,-0.18421052631578938
2026-09-30T02:02:14.839 0.8,0.0,0.0,0.0,0.0,-0.18421052631578938
2026-09-30T02:02:14.889 0.8,0.0,0.0,0.0,0.0,-0.1105263157894736
2026-09-30T02:02:14.950 0.8,0.0,0.0,0.0,0.0,-0.1105263157894736
2026-09-30T02:02:14.989 0.8,0.0,0.0,0.0,0.0,-0.1105263157894736
2026-09-30T02:02:15.050 0.8,0.0,0.0,0.0,0.0,-0.18421052631578938
2026-09-30T02:02:15.089 0.8,0.0,0.0,0.0,0.0,-0.18421052631578938
2026-09-30T02:02:15.139 0.8,0.0,0.0,0.0,0.0,-0.18421052631578938
2026-09-30T02:02:15.189 0.8,0.0,0.0,0.0,0.0,-0.18421052631578938
2026-09-30T02:02:15.249 0.8,0.0,0.0,0.0,0.0,-0.18421052631578938
2026-09-30T02:02:15.290 0.8,0.0,0.0,0.0,0.0,-0.1105263157894736
2026-09-30T02:02:15.350 0.8,0.0,0.0,0.0,0.0,-0.1105263157894736
2026-09-30T02:02:15.389 0.8,0.0,0.0,0.0,0.0,-0.1105263157894736
2026-09-30T02:02:15.440 0.8,0.0,0.0,0.0,0.0,-0.1105263157894736
2026-09-30T02:02:15.489 0.8,0.0,0.0,0.0,0.0,-0.1105263157894736
2026-09-30T02:02:15.539 0.8,0.0,0.0,0.0,0.0,-0.1105263157894736
2026-09-30T02:02:15.589 0.8,0.0,0.0,0.0,0.0,-0.1105263157894736
2026-09-30T02:02:15.640 0.8,0.0,0.0,0.0,0.0,-0.1105263157894736
2026-09-30T02:02:15.689 0.8,0.0,0.0,0.0,0.0,-0.036842105263157815
2026-09-30T02:02:15.740 0.8,0.0,0.0,0.0,0.0,-0.036842105263157815
2026-09-30T02:02:15.790 0.8,0.0,0.0,0.0,0.0,-0.036842105263157815
2026-09-30T02:02:15.840 0.8,0.0,0.0,0.0,0.0,-0.1105263157894736
2026-09-30T02:02:15.901 0.8,0.0,0.0,0.0,0.0,-0.036842105263157815
2026-09-30T02:02:15.940 0.8,0.0,0.0,0.0,0.0,-0.036842105263157815
2026-09-30T02:02:16.000 0.8,0.0,0.0,0.0,0.0,-0.036842105263157815
2026-09-30T02:02:16.040 0.8,0.0,0.0,0.0,0.0,-0.1105263157894736
2026-09-30T02:02:16.100 0.8,0.0,0.0,0.0,0.0,-0.036842105263157815
2026-09-30T02:02:16.140 0.8,0.0,0.0,0.0,0.0,-0.036842105263157815
2026-09-30T02:02:16.189 0.8,0.0,0.0,0.0,0.0,-0.036842105263157815
2026-09-30T02:02:16.240 0.8,0.0,0.0,0.0,0.0,-0.036842105263157815
2026-09-30T02:02:16.289 0.8,0.0,0.0,0.0,0.0,-0.036842105263157815
2026-09-30T02:02:16.339 0.8,0.0,0.0,0.0,0.0,-0.036842105263157815
2026-09-30T02:02:16.390 0.8,0.0,0.0,0.0,0.0,-0.036842105263157815
2026-09-30T02:02:16.440 0.8,0.0,0.0,0.0,0.0,-0.036842105263157815
2026-09-30T02:02:16.489 0.8,0.0,0.0,0.0,0.0,0.0
2026-09-30T02:02:16.540 0.8,0.0,0.0,0.0,0.0,0.03684210526315797
2026-09-30T02:02:16.590 0.8,0.0,0.0,0.0,0.0,0.03684210526315797
2026-09-30T02:02:16.639 0.8,0.0,0.0,0.0,0.0,0.0
2026-09-30T02:02:16.690 0.8,0.0,0.0,0.0,0.0,0.0
2026-09-30T02:02:16.740 0.8,0.0,0.0,0.0,0.0,0.0
2026-09-30T02:02:16.789 0.8,0.0,0.0,0.0,0.0,0.0
2026-09-30T02:02:16.840 0.8,0.0,0.0,0.0,0.0,0.0
2026-09-30T02:02:16.890 0.8,0.0,0.0,0.0,0.0,0.0
2026-09-30T02:02:16.939 0.8,0.0,0.0,0.0,0.0,0.0
2026-09-30T02:02:16.989 0.8,0.0,0.0,0.0,0.0,0.0
2026-09-30T02:02:17.039 0.8,0.0,0.0,0.0,0.0,0.0
2026-09-30T02:02:17.089 0.8,0.0,0.0,0.0,0.0,0.0
2026-09-30T02:02:17.140 0.8,0.0,0.0,0.0,0.0,0.0
2026-09-30T02:02:17.189 0.8,0.0,0.0,0.0,0.0,0.0
2026-09-30T02:02:17.239 0.8,0.0,0.0,0.0,0.0,0.03684210526315797
2026-09-30T02:02:17.289 0.8,0.0,0.0,0.0,0.0,0.03684210526315797
2026-09-30T02:02:17.339 0.8,0.0,0.0,0.0,0.0,0.03684210526315797
2026-09-30T02:02:17.389 0.8,0.0,0.0,0.0,0.0,0.03684210526315797
2026-09-30T02:02:17.440 0.8,0.0,0.0,0.0,0.0,0.03684210526315797
2026-09-30T02:02:17.489 0.8,0.0,0.0,0.0,0.0,0.0
2026-09-30T02:02:17.539 0.8,0.0,0.0,0.0,0.0,-0.036842105263157815
2026-09-30T02:02:17.589 0.8,0.0,0.0,0.0,0.0,-0.1105263157894736
2026-09-30T02:02:17.639 0.8,0.0,0.0,0.0,0.0,-0.1105263157894736
2026-09-30T02:02:17.689 0.8,0.0,0.0,0.0,0.0,0.03684210526315797
2026-09-30T02:02:17.740 0.8,0.0,0.0,0.0,0.0,0.0
2026-09-30T02:02:17.789 0.8,0.0,0.0,0.0,0.0,0.0
2026-09-30T02:02:17.839 0.8,0.0,0.0,0.0,0.0,0.0
2026-09-30T02:02:17.889 0.8,0.0,0.0,0.0,0.0,0.0
2026-09-30T02:02:17.940 0.8,0.0,0.0,0.0,0.0,0.0
2026-09-30T02:02:17.990 0.8,0.0,0.0,0.0,0.0,0.0
2026-09-30T02:02:18.039 0.8,0.0,0.0,0.0,0.0,0.0
2026-09-30T02:02:18.090 0.8,0.0,0.0,0.0,0.0,0.0
2026-09-30T02:02:18.139 0.8,0.0,0.0,0.0,0.0,0.0
2026-09-30T02:02:18.190 0.8,0.0,0.0,0.0,0.0,0.0
2026-09-30T02:02:18.240 0.8,0.0,0.0,0.0,0.0,0.0
2026-09-30T02:02:18.289 0.8,0.0,0.0,0.0,0.0,0.0
2026-09-30T02:02:18.340 0.8,0.0,0.0,0.0,0.0,0.0
2026-09-30T02:02:18.390 0.8,0.0,0.0,0.0,0.0,0.03684210526315797
2026-09-30T02:02:18.440 0.8,0.0,0.0,0.0,0.0,0.03684210526315797
2026-09-30T02:02:18.489 0.8,0.0,0.0,0.0,0.0,0.03684210526315797
2026-09-30T02:02:18.540 0.8,0.0,0.0,0.0,0.0,0.03684210526315797
2026-09-30T02:02:18.590 0.8,0.0,0.0,0.0,0.0,0.03684210526315797
2026-09-30T02:02:18.640 0.8,0.0,0.0,0.0,0.0,0.03684210526315797
2026-09-30T02:02:18.690 0.8,0.0,0.0,0.0,0.0,0.03684210526315797
2026-09-30T02:02:18.739 0.8,0.0,0.0,0.0,0.0,0.03684210526315797
2026-09-30T02:02:18.801 0.8,0.0,0.0,0.0,0.0,0.03684210526315797
2026-09-30T02:02:18.840 0.8,0.0,0.0,0.0,0.0,0.03684210526315797
2026-09-30T02:02:18.889 0.8,0.0,0.0,0.0,0.0,0.03684210526315797
2026-09-30T02:02:18.940 0.8,0.0,0.0,0.0,0.0,0.03684210526315797
2026-09-30T02:02:18.989 0.8,0.0,0.0,0.0,0.0,0.03684210526315797
2026-09-30T02:02:19.039 0.8,0.0,0.0,0.0,0.0,0.03684210526315797
2026-09-30T02:02:19.089 0.8,0.0,0.0,0.0,0.0,0.03684210526315797
2026-09-30T02:02:19.140 0.8,0.0,0.0,0.0,0.0,0.03684210526315797
2026-09-30T02:02:19.189 0.8,0.0,0.0,0.0,0.0,0.03684210526315797
2026-09-30T02:02:19.240 0.8,0.0,0.0,0.0,0.0,0.03684210526315797
2026-09-30T02:02:19.289 0.8,0.0,0.0,0.0,0.0,0.03684210526315797
2026-09-30T02:02:19.339 0.8,0.0,0.0,0.0,0.0,0.03684210526315797
2026-09-30T02:02:19.389 0.8,0.0,0.0,0.0,0.0,0.03684210526315797
2026-09-30T02:02:19.439 0.8,0.0,0.0,0.0,0.0,0.03684210526315797
2026-09-30T02:02:19.489 0.8,0.0,0.0,0.0,0.0,0.03684210526315797
2026-09-30T02:02:19.539 0.8,0.0,0.0,0.0,0.0,0.03684210526315797
2026-09-30T02:02:19.589 0.8,0.0,0.0,0.0,0.0,0.0
2026-09-30T02:02:19.640 0.8,0.0,0.0,0.0,0.0,0.0
2026-09-30T02:02:19.690 0.8,0.0,0.0,0.0,0.0,-0.036842105263157815
2026-09-30T02:02:19.740 0.8,0.0,0.0,0.0,0.0,-0.036842105263157815
2026-09-30T02:02:19.790 0.8,0.0,0.0,0.0,0.0,-0.036842105263157815
2026-09-30T02:02:19.840 0.8,0.0,0.0,0.0,0.0,-0.036842105263157815
2026-09-30T02:02:19.889 0.8,0.0,0.0,0.0,0.0,-0.036842105263157815
2026-09-30T02:02:19.940 0.8,0.0,0.0,0.0,0.0,-0.036842105263157815
2026-09-30T02:02:19.989 0.8,0.0,0.0,0.0,0.0,-0.036842105263157815
2026-09-30T02:02:20.040 0.8,0.0,0.0,0.0,0.0,-0.036842105263157815
2026-09-30T02:02:20.089 0.8,0.0,0.0,0.0,0.0,-0.036842105263157815
2026-09-30T02:02:20.140 0.8,0.0,0.0,0.0,0.0,-0.036842105263157815
2026-09-30T02:02:20.190 0.8,0.0,0.0,0.0,0.0,-0.036842105263157815
2026-09-30T02:02:20.240 0.8,0.0,0.0,0.0,0.0,-0.036842105263157815
2026-09-30T02:02:20.290 0.8,0.0,0.0,0.0,0.0,-0.036842105263157815
2026-09-30T02:02:20.340 0.8,0.0,0.0,0.0,0.0,-0.036842105263157815
2026-09-30T02:02:20.389 0.8,0.0,0.0,0.0,0.0,-0.036842105263157815
2026-09-30T02:02:20.439 0.8,0.0,0.0,0.0,0.0,-0.036842105263157815
2026-09-30T02:02:20.490 0.8,0.0,0.0,0.0,0.0,-0.1105263157894736
2026-09-30T02:02:20.540 0.8,0.0,0.0,0.0,0.0,-0.036842105263157815
2026-09-30T02:02:20.591 0.8,0.0,0.0,0.0,0.0,0.0
2026-09-30T02:02:20.640 0.8,0.0,0.0,0.0,0.0,0.0
2026-09-30T02:02:20.689 0.8,0.0,0.0,0.0,0.0,0.0
2026-09-30T02:02:20.739 0.8,0.0,0.0,0.0,0.0,0.0
2026-09-30T02:02:20.800 0.8,0.0,0.0,0.0,0.0,-0.036842105263157815
2026-09-30T02:02:20.840 0.8,0.0,0.0,0.0,0.0,-0.036842105263157815
2026-09-30T02:02:20.889 0.8,0.0,0.0,0.0,0.0,-0.036842105263157815
2026-09-30T02:02:20.940 0.8,0.0,0.0,0.0,0.0,-0.036842105263157815
2026-09-30T02:02:20.989 0.8,0.0,0.0,0.0,0.0,-0.036842105263157815
2026-09-30T02:02:21.039 0.8,0.0,0.0,0.0,0.0,-0.036842105263157815
2026-09-30T02:02:21.089 0.8,0.0,0.0,0.0,0.0,-0.036842105263157815
2026-09-30T02:02:21.139 0.8,0.0,0.0,0.0,0.0,-0.036842105263157815
2026-09-30T02:02:21.190 0.8,0.0,0.0,0.0,0.0,-0.036842105263157815
2026-09-30T02:02:21.240 0.8,0.0,0.0,0.0,0.0,-0.036842105263157815
2026-09-30T02:02:21.289 0.8,0.0,0.0,0.0,0.0,-0.036842105263157815
2026-09-30T02:02:21.340 0.8,0.0,0.0,0.0,0.0,-0.036842105263157815
2026-09-30T02:02:21.389 0.8,0.0,0.0,0.0,0.0,-0.036842105263157815
2026-09-30T02:02:21.440 0.8,0.0,0.0,0.0,0.0,-0.036842105263157815
2026-09-30T02:02:21.489 0.8,0.0,0.0,0.0,0.0,-0.1105263157894736
2026-09-30T02:02:21.540 0.8,0.0,0.0,0.0,0.0,-0.1105263157894736
2026-09-30T02:02:21.589 0.8,0.0,0.0,0.0,0.0,-0.1105263157894736
2026-09-30T02:02:21.640 0.8,0.0,0.0,0.0,0.0,-0.036842105263157815
2026-09-30T02:02:21.689 0.8,0.0,0.0,0.0,0.0,-0.036842105263157815
2026-09-30T02:02:21.740 0.8,0.0,0.0,0.0,0.0,-0.1105263157894736
2026-09-30T02:02:21.789 0.8,0.0,0.0,0.0,0.0,-0.1105263157894736
2026-09-30T02:02:21.840 0.8,0.0,0.0,0.0,0.0,0.049473684210526406
2026-09-30T02:02:21.890 0.8,0.0,0.0,0.0,0.0,0.11052631578947375
2026-09-30T02:02:21.940 0.8,0.0,0.0,0.0,0.0,0.11052631578947375
2026-09-30T02:02:21.990 0.8,0.0,0.0,0.0,0.0,0.11052631578947375
2026-09-30T02:02:22.040 0.8,0.0,0.0,0.0,0.0,0.11052631578947375
2026-09-30T02:02:22.090 0.8,0.0,0.0,0.0,0.0,0.11052631578947375
2026-09-30T02:02:22.140 0.8,0.0,0.0,0.0,0.0,0.11052631578947375
2026-09-30T02:02:22.189 0.8,0.0,0.0,0.0,0.0,0.11052631578947375
2026-09-30T02:02:22.240 0.8,0.0,0.0,0.0,0.0,0.11052631578947375
2026-09-30T02:02:22.290 0.8,0.0,0.0,0.0,0.0,0.11052631578947375
2026-09-30T02:02:22.340 0.8,0.0,0.0,0.0,0.0,0.11052631578947375
2026-09-30T02:02:22.390 0.8,0.0,0.0,0.0,0.0,0.11052631578947375
2026-09-30T02:02:22.439 0.8,0.0,0.0,0.0,0.0,0.11052631578947375
2026-09-30T02:02:22.490 0.8,0.0,0.0,0.0,0.0,0.11052631578947375
2026-09-30T02:02:22.540 0.8,0.0,0.0,0.0,0.0,0.11052631578947375
2026-09-30T02:02:22.589 0.8,0.0,0.0,0.0,0.0,0.11052631578947375
2026-09-30T02:02:22.640 0.8,0.0,0.0,0.0,0.0,0.11052631578947375
2026-09-30T02:02:22.689 0.8,0.0,0.0,0.0,0.0,0.11052631578947375
2026-09-30T02:02:22.739 0.8,0.0,0.0,0.0,0.0,0.11052631578947375
2026-09-30T02:02:22.789 0.8,0.0,0.0,0.0,0.0,0.11052631578947375
2026-09-30T02:02:22.840 0.8,0.0,0.0,0.0,0.0,0.11052631578947375
2026-09-30T02:02:22.889 0.8,0.0,0.0,0.0,0.0,0.11052631578947375
2026-09-30T02:02:22.950 0.8,0.0,0.0,0.0,0.0,0.11052631578947375
2026-09-30T02:02:22.989 0.8,0.0,0.0,0.0,0.0,0.11052631578947375
2026-09-30T02:02:23.040 0.8,0.0,0.0,0.0,0.0,0.11052631578947375
2026-09-30T02:02:23.100 0.8,0.0,0.0,0.0,0.0,0.11052631578947375
2026-09-30T02:02:23.140 0.8,0.0,0.0,0.0,0.0,0.11052631578947375
2026-09-30T02:02:23.190 0.8,0.0,0.0,0.0,0.0,0.11052631578947375
2026-09-30T02:02:23.240 0.8,0.0,0.0,0.0,0.0,0.11052631578947375
2026-09-30T02:02:23.289 0.8,0.0,0.0,0.0,0.0,0.11052631578947375
2026-09-30T02:02:23.339 0.8,0.0,0.0,0.0,0.0,0.11052631578947375
2026-09-30T02:02:23.390 0.8,0.0,0.0,0.0,0.0,0.11052631578947375
2026-09-30T02:02:23.439 0.8,0.0,0.0,0.0,0.0,0.11052631578947375
2026-09-30T02:02:23.489 0.8,0.0,0.0,0.0,0.0,0.11052631578947375
2026-09-30T02:02:23.540 0.8,0.0,0.0,0.0,0.0,0.11052631578947375
2026-09-30T02:02:23.589 0.8,0.0,0.0,0.0,0.0,0.11052631578947375
2026-09-30T02:02:23.639 0.8,0.0,0.0,0.0,0.0,0.11052631578947375
2026-09-30T02:02:23.689 0.8,0.0,0.0,0.0,0.0,0.03684210526315797
2026-09-30T02:02:23.740 0.8,0.0,0.0,0.0,0.0,0.03684210526315797
2026-09-30T02:02:23.789 0.8,0.0,0.0,0.0,0.0,0.03684210526315797
2026-09-30T02:02:23.840 0.8,0.0,0.0,0.0,0.0,0.03684210526315797
2026-09-30T02:02:23.889 0.8,0.0,0.0,0.0,0.0,0.03684210526315797
2026-09-30T02:02:23.939 0.8,0.0,0.0,0.0,0.0,0.03684210526315797
2026-09-30T02:02:23.990 0.8,0.0,0.0,0.0,0.0,0.03684210526315797
2026-09-30T02:02:24.040 0.8,0.0,0.0,0.0,0.0,0.03684210526315797
2026-09-30T02:02:24.090 0.8,0.0,0.0,0.0,0.0,0.03684210526315797
2026-09-30T02:02:24.140 0.8,0.0,0.0,0.0,0.0,0.03684210526315797
2026-09-30T02:02:24.190 0.8,0.0,0.0,0.0,0.0,0.03684210526315797
2026-09-30T02:02:24.240 0.8,0.0,0.0,0.0,0.0,0.03684210526315797
2026-09-30T02:02:24.289 0.8,0.0,0.0,0.0,0.0,0.03684210526315797
2026-09-30T02:02:24.340 0.8,0.0,0.0,0.0,0.0,0.03684210526315797
2026-09-30T02:02:24.389 0.8,0.0,0.0,0.0,0.0,0.03684210526315797
2026-09-30T02:02:24.440 0.8,0.0,0.0,0.0,0.0,0.03684210526315797
2026-09-30T02:02:24.489 0.8,0.0,0.0,0.0,0.0,0.03684210526315797
2026-09-30T02:02:24.540 0.8,0.0,0.0,0.0,0.0,0.03684210526315797
2026-09-30T02:02:24.589 0.8,0.0,0.0,0.0,0.0,0.03684210526315797
2026-09-30T02:02:24.640 0.8,0.0,0.0,0.0,0.0,0.03684210526315797
2026-09-30T02:02:24.701 0.8,0.0,0.0,0.0,0.0,0.11052631578947375
2026-09-30T02:02:24.739 0.8,0.0,0.0,0.0,0.0,0.11052631578947375
2026-09-30T02:02:24.789 0.8,0.0,0.0,0.0,0.0,0.11052631578947375
2026-09-30T02:02:24.839 0.8,0.0,0.0,0.0,0.0,0.11052631578947375
2026-09-30T02:02:24.889 0.8,0.0,0.0,0.0,0.0,0.11052631578947375
2026-09-30T02:02:24.940 0.8,0.0,0.0,0.0,0.0,0.11052631578947375
2026-09-30T02:02:24.990 0.8,0.0,0.0,0.0,0.0,0.11052631578947375
2026-09-30T02:02:25.040 0.8,0.0,0.0,0.0,0.0,0.11052631578947375
2026-09-30T02:02:25.089 0.8,0.0,0.0,0.0,0.0,0.11052631578947375
2026-09-30T02:02:25.140 0.8,0.0,0.0,0.0,0.0,0.11052631578947375
2026-09-30T02:02:25.189 0.8,0.0,0.0,0.0,0.0,0.11052631578947375
2026-09-30T02:02:25.240 0.8,0.0,0.0,0.0,0.0,0.11052631578947375
2026-09-30T02:02:25.289 0.8,0.0,0.0,0.0,0.0,0.11052631578947375
2026-09-30T02:02:25.340 0.8,0.0,0.0,0.0,0.0,0.11052631578947375
2026-09-30T02:02:25.389 0.8,0.0,0.0,0.0,0.0,0.11052631578947375
2026-09-30T02:02:25.440 0.8,0.0,0.0,0.0,0.0,0.11052631578947375
2026-09-30T02:02:25.489 0.8,0.0,0.0,0.0,0.0,0.11052631578947375
2026-09-30T02:02:25.539 0.8,0.0,0.0,0.0,0.0,0.03684210526315797
2026-09-30T02:02:25.590 0.8,0.0,0.0,0.0,0.0,0.03684210526315797
2026-09-30T02:02:25.640 0.8,0.0,0.0,0.0,0.0,0.03684210526315797
2026-09-30T02:02:25.699 0.8,0.0,0.0,0.0,0.0,0.03684210526315797
2026-09-30T02:02:25.739 0.8,0.0,0.0,0.0,0.0,-0.12315789473684204
2026-09-30T02:02:25.790 0.8,0.0,0.0,0.0,0.0,-0.18421052631578938
2026-09-30T02:02:25.839 0.8,0.0,0.0,0.0,0.0,-0.18421052631578938
2026-09-30T02:02:25.890 0.7578947368421055,0.0,0.0,0.0,0.0,-0.18421052631578938
2026-09-30T02:02:25.940 0.7578947368421055,0.0,0.0,0.0,0.0,-0.18421052631578938
2026-09-30T02:02:25.989 0.7578947368421055,0.0,0.0,0.0,0.0,-0.18421052631578938
2026-09-30T02:02:26.040 0.7578947368421055,0.0,0.0,0.0,0.0,-0.18421052631578938
2026-09-30T02:02:26.089 0.7578947368421055,0.0,0.0,0.0,0.0,-0.18421052631578938
2026-09-30T02:02:26.140 0.8,0.0,0.0,0.0,0.0,-0.18421052631578938
2026-09-30T02:02:26.189 0.8,0.0,0.0,0.0,0.0,-0.18421052631578938
2026-09-30T02:02:26.241 0.8,0.0,0.0,0.0,0.0,-0.18421052631578938
2026-09-30T02:02:26.289 0.8,0.0,0.0,0.0,0.0,-0.18421052631578938
2026-09-30T02:02:26.340 0.8,0.0,0.0,0.0,0.0,-0.18421052631578938
2026-09-30T02:02:26.389 0.8,0.0,0.0,0.0,0.0,-0.18421052631578938
2026-09-30T02:02:26.439 0.8,0.0,0.0,0.0,0.0,-0.18421052631578938
2026-09-30T02:02:26.489 0.8,0.0,0.0,0.0,0.0,-0.18421052631578938
2026-09-30T02:02:26.539 0.8,0.0,0.0,0.0,0.0,-0.18421052631578938
2026-09-30T02:02:26.589 0.8,0.0,0.0,0.0,0.0,-0.18421052631578938
2026-09-30T02:02:26.639 0.8,0.0,0.0,0.0,0.0,-0.18421052631578938
2026-09-30T02:02:26.689 0.8,0.0,0.0,0.0,0.0,-0.18421052631578938
2026-09-30T02:02:26.740 0.8,0.0,0.0,0.0,0.0,-0.1105263157894736
2026-09-30T02:02:26.789 0.8,0.0,0.0,0.0,0.0,-0.1105263157894736
2026-09-30T02:02:26.850 0.8,0.0,0.0,0.0,0.0,-0.1105263157894736
2026-09-30T02:02:26.889 0.8,0.0,0.0,0.0,0.0,-0.036842105263157815
2026-09-30T02:02:26.939 0.8,0.0,0.0,0.0,0.0,-0.036842105263157815
2026-09-30T02:02:26.990 0.8,0.0,0.0,0.0,0.0,-0.036842105263157815
2026-09-30T02:02:27.040 0.8,0.0,0.0,0.0,0.0,-0.036842105263157815
2026-09-30T02:02:27.089 0.8,0.0,0.0,0.0,0.0,-0.036842105263157815
2026-09-30T02:02:27.140 0.8,0.0,0.0,0.0,0.0,-0.036842105263157815
2026-09-30T02:02:27.190 0.8,0.0,0.0,0.0,0.0,-0.036842105263157815
2026-09-30T02:02:27.240 0.8,0.0,0.0,0.0,0.0,-0.036842105263157815
2026-09-30T02:02:27.290 0.8,0.0,0.0,0.0,0.0,-0.036842105263157815
2026-09-30T02:02:27.340 0.8,0.0,0.0,0.0,0.0,-0.036842105263157815
2026-09-30T02:02:27.390 0.8,0.0,0.0,0.0,0.0,-0.036842105263157815
2026-09-30T02:02:27.439 0.8,0.0,0.0,0.0,0.0,-0.036842105263157815
2026-09-30T02:02:27.489 0.8,0.0,0.0,0.0,0.0,-0.036842105263157815
2026-09-30T02:02:27.540 0.8,0.0,0.0,0.0,0.0,-0.036842105263157815
2026-09-30T02:02:27.589 0.8,0.0,0.0,0.0,0.0,-0.036842105263157815
2026-09-30T02:02:27.639 0.8,0.0,0.0,0.0,0.0,-0.036842105263157815
2026-09-30T02:02:27.699 0.8,0.0,0.0,0.0,0.0,-0.036842105263157815
2026-09-30T02:02:27.741 0.8,0.0,0.0,0.0,0.0,-0.036842105263157815
2026-09-30T02:02:27.789 0.8,0.0,0.0,0.0,0.0,-0.036842105263157815
2026-09-30T02:02:27.840 0.8,0.0,0.0,0.0,0.0,-0.036842105263157815
2026-09-30T02:02:27.899 0.8,0.0,0.0,0.0,0.0,-0.036842105263157815
2026-09-30T02:02:27.940 0.8,0.0,0.0,0.0,0.0,-0.036842105263157815
2026-09-30T02:02:28.002 0.8,0.0,0.0,0.0,0.0,0.0
2026-09-30T02:02:28.039 0.8,0.0,0.0,0.0,0.0,0.0
2026-09-30T02:02:28.089 0.8,0.0,0.0,0.0,0.0,0.0
2026-09-30T02:02:28.140 0.8,0.0,0.0,0.0,0.0,0.0
2026-09-30T02:02:28.190 0.8,0.0,0.0,0.0,0.0,0.0
2026-09-30T02:02:28.239 0.8,0.0,0.0,0.0,0.0,0.0
2026-09-30T02:02:28.289 0.8,0.0,0.0,0.0,0.0,0.0
2026-09-30T02:02:28.340 0.8,0.0,0.0,0.0,0.0,0.0
2026-09-30T02:02:28.389 0.8,0.0,0.0,0.0,0.0,0.0
2026-09-30T02:02:28.440 0.8,0.0,0.0,0.0,0.0,-0.036842105263157815
2026-09-30T02:02:28.489 0.8,0.0,0.0,0.0,0.0,-0.036842105263157815
2026-09-30T02:02:28.539 0.8,0.0,0.0,0.0,0.0,-0.036842105263157815
2026-09-30T02:02:28.589 0.8,0.0,0.0,0.0,0.0,-0.036842105263157815
2026-09-30T02:02:28.640 0.8,0.0,0.0,0.0,0.0,-0.036842105263157815
2026-09-30T02:02:28.690 0.8,0.0,0.0,0.0,0.0,-0.036842105263157815
2026-09-30T02:02:28.739 0.8,0.0,0.0,0.0,0.0,-0.036842105263157815
2026-09-30T02:02:28.789 0.8,0.0,0.0,0.0,0.0,-0.036842105263157815
2026-09-30T02:02:28.840 0.8,0.0,0.0,0.0,0.0,-0.036842105263157815
2026-09-30T02:02:28.889 0.8,0.0,0.0,0.0,0.0,-0.036842105263157815
2026-09-30T02:02:28.940 0.8,0.0,0.0,0.0,0.0,-0.036842105263157815
2026-09-30T02:02:28.989 0.8,0.0,0.0,0.0,0.0,-0.036842105263157815
2026-09-30T02:02:29.040 0.8,0.0,0.0,0.0,0.0,-0.036842105263157815
2026-09-30T02:02:29.100 0.8,0.0,0.0,0.0,0.0,-0.036842105263157815
2026-09-30T02:02:29.140 0.8,0.0,0.0,0.0,0.0,-0.036842105263157815
2026-09-30T02:02:29.189 0.8,0.0,0.0,0.0,0.0,-0.036842105263157815
2026-09-30T02:02:29.239 0.8,0.0,0.0,0.0,0.0,-0.036842105263157815
2026-09-30T02:02:29.290 0.8,0.0,0.0,0.0,0.0,-0.036842105263157815
2026-09-30T02:02:29.340 0.8,0.0,0.0,0.0,0.0,-0.036842105263157815
2026-09-30T02:02:29.390 0.8,0.0,0.0,0.0,0.0,-0.036842105263157815
2026-09-30T02:02:29.439 0.8,0.0,0.0,0.0,0.0,-0.036842105263157815
2026-09-30T02:02:29.489 0.8,0.0,0.0,0.0,0.0,-0.036842105263157815
2026-09-30T02:02:29.539 0.8,0.0,0.0,0.0,0.0,-0.036842105263157815
2026-09-30T02:02:29.590 0.8,0.0,0.0,0.0,0.0,-0.036842105263157815
2026-09-30T02:02:29.650 0.8,0.0,0.0,0.0,0.0,-0.036842105263157815
2026-09-30T02:02:29.690 0.8,0.0,0.0,0.0,0.0,-0.036842105263157815
2026-09-30T02:02:29.740 0.8,0.0,0.0,0.0,0.0,-0.036842105263157815
2026-09-30T02:02:29.790 0.8,0.0,0.0,0.0,0.0,-0.036842105263157815
2026-09-30T02:02:29.840 0.8,0.0,0.0,0.0,0.0,-0.036842105263157815
2026-09-30T02:02:29.890 0.8,0.0,0.0,0.0,0.0,-0.036842105263157815
2026-09-30T02:02:29.940 0.8,0.0,0.0,0.0,0.0,-0.036842105263157815
2026-09-30T02:02:29.989 0.8,0.0,0.0,0.0,0.0,-0.036842105263157815
2026-09-30T02:02:30.040 0.8,0.0,0.0,0.0,0.0,-0.036842105263157815
2026-09-30T02:02:30.089 0.8,0.0,0.0,0.0,0.0,-0.036842105263157815
2026-09-30T02:02:30.140 0.8,0.0,0.0,0.0,0.0,-0.036842105263157815
2026-09-30T02:02:30.189 0.8,0.0,0.0,0.0,0.0,-0.036842105263157815
2026-09-30T02:02:30.240 0.8,0.0,0.0,0.0,0.0,-0.036842105263157815
2026-09-30T02:02:30.289 0.8,0.0,0.0,0.0,0.0,-0.1105263157894736
2026-09-30T02:02:30.340 0.8,0.0,0.0,0.0,0.0,-0.1105263157894736
2026-09-30T02:02:30.389 0.8,0.0,0.0,0.0,0.0,-0.18421052631578938
2026-09-30T02:02:30.440 0.8,0.0,0.0,0.0,0.0,-0.18421052631578938
2026-09-30T02:02:30.489 0.8,0.0,0.0,0.0,0.0,-0.18421052631578938
2026-09-30T02:02:30.539 0.8,0.0,0.0,0.0,0.0,-0.1105263157894736
2026-09-30T02:02:30.590 0.8,0.0,0.0,0.0,0.0,-0.1105263157894736
2026-09-30T02:02:30.640 0.8,0.0,0.0,0.0,0.0,-0.18421052631578938
2026-09-30T02:02:30.700 0.8,0.0,0.0,0.0,0.0,-0.18421052631578938
2026-09-30T02:02:30.740 0.8,0.0,0.0,0.0,0.0,-0.1105263157894736
2026-09-30T02:02:30.789 0.8,0.0,0.0,0.0,0.0,-0.1105263157894736
2026-09-30T02:02:30.850 0.8,0.0,0.0,0.0,0.0,-0.1105263157894736
2026-09-30T02:02:30.890 0.8,0.0,0.0,0.0,0.0,-0.1105263157894736
2026-09-30T02:02:30.940 0.8,0.0,0.0,0.0,0.0,-0.1105263157894736
2026-09-30T02:02:30.990 0.8,0.0,0.0,0.0,0.0,-0.1105263157894736
2026-09-30T02:02:31.040 0.8,0.0,0.0,0.0,0.0,-0.1105263157894736
2026-09-30T02:02:31.089 0.8,0.0,0.0,0.0,0.0,-0.1105263157894736
2026-09-30T02:02:31.140 0.8,0.0,0.0,0.0,0.0,-0.1105263157894736
2026-09-30T02:02:31.189 0.8,0.0,0.0,0.0,0.0,-0.1105263157894736
2026-09-30T02:02:31.239 0.8,0.0,0.0,0.0,0.0,-0.1105263157894736
2026-09-30T02:02:31.290 0.8,0.0,0.0,0.0,0.0,-0.1105263157894736
2026-09-30T02:02:31.339 0.8,0.0,0.0,0.0,0.0,-0.1105263157894736
2026-09-30T02:02:31.389 0.8,0.0,0.0,0.0,0.0,-0.1105263157894736
2026-09-30T02:02:31.439 0.8,0.0,0.0,0.0,0.0,-0.1105263157894736
2026-09-30T02:02:31.489 0.8,0.0,0.0,0.0,0.0,-0.1105263157894736
2026-09-30T02:02:31.550 0.8,0.0,0.0,0.0,0.0,-0.1105263157894736
2026-09-30T02:02:31.589 0.8,0.0,0.0,0.0,0.0,-0.1105263157894736
2026-09-30T02:02:31.640 0.8,0.0,0.0,0.0,0.0,-0.1105263157894736
2026-09-30T02:02:31.690 0.8,0.0,0.0,0.0,0.0,-0.1105263157894736
2026-09-30T02:02:31.740 0.8,0.0,0.0,0.0,0.0,-0.1105263157894736
2026-09-30T02:02:31.790 0.8,0.0,0.0,0.0,0.0,-0.1105263157894736
2026-09-30T02:02:31.840 0.8,0.0,0.0,0.0,0.0,-0.1105263157894736
2026-09-30T02:02:31.889 0.8,0.0,0.0,0.0,0.0,-0.1105263157894736
2026-09-30T02:02:31.939 0.8,0.0,0.0,0.0,0.0,-0.1105263157894736
2026-09-30T02:02:32.845 0.8,0.0,0.0,0.0,0.0,-0.1105263157894736
2026-09-30T02:02:32.895 0.8,0.0,0.0,0.0,0.0,-0.1105263157894736
2026-09-30T02:02:34.150 0.8,0.0,0.0,0.0,0.0,-0.1105263157894736
2026-09-30T02:02:34.200 0.8,0.0,0.0,0.0,0.0,-0.1105263157894736
2026-09-30T02:02:34.249 0.8,0.0,0.0,0.0,0.0,-0.1105263157894736
2026-09-30T02:02:34.300 0.8,0.0,0.0,0.0,0.0,-0.036842105263157815
2026-09-30T02:02:34.350 0.8,0.0,0.0,0.0,0.0,-0.1105263157894736
2026-09-30T02:02:34.400 0.8,0.0,0.0,0.0,0.0,-0.1105263157894736
2026-09-30T02:02:34.450 0.8,0.0,0.0,0.0,0.0,-0.1105263157894736
2026-09-30T02:02:34.500 0.8,0.0,0.0,0.0,0.0,-0.1105263157894736
2026-09-30T02:02:34.550 0.8,0.0,0.0,0.0,0.0,-0.1105263157894736
2026-09-30T02:02:34.600 0.8,0.0,0.0,0.0,0.0,-0.1105263157894736
2026-09-30T02:02:34.650 0.8,0.0,0.0,0.0,0.0,-0.1105263157894736
2026-09-30T02:02:34.700 0.8,0.0,0.0,0.0,0.0,-0.1105263157894736
2026-09-30T02:02:34.750 0.8,0.0,0.0,0.0,0.0,-0.036842105263157815
2026-09-30T02:02:34.800 0.8,0.0,0.0,0.0,0.0,-0.036842105263157815
2026-09-30T02:02:34.850 0.8,0.0,0.0,0.0,0.0,-0.036842105263157815
2026-09-30T02:02:34.901 0.8,0.0,0.0,0.0,0.0,-0.1105263157894736
2026-09-30T02:02:34.960 0.8,0.0,0.0,0.0,0.0,-0.1105263157894736
2026-09-30T02:02:35.000 0.8,0.0,0.0,0.0,0.0,-0.036842105263157815
2026-09-30T02:02:35.050 0.8,0.0,0.0,0.0,0.0,-0.036842105263157815
2026-09-30T02:02:35.100 0.8,0.0,0.0,0.0,0.0,-0.036842105263157815
2026-09-30T02:02:35.150 0.8,0.0,0.0,0.0,0.0,-0.036842105263157815
2026-09-30T02:02:35.200 0.8,0.0,0.0,0.0,0.0,-0.036842105263157815
2026-09-30T02:02:35.250 0.8,0.0,0.0,0.0,0.0,-0.036842105263157815
2026-09-30T02:02:35.301 0.8,0.0,0.0,0.0,0.0,-0.036842105263157815
2026-09-30T02:02:35.360 0.8,0.0,0.0,0.0,0.0,-0.036842105263157815
2026-09-30T02:02:35.400 0.8,0.0,0.0,0.0,0.0,-0.036842105263157815
2026-09-30T02:02:35.450 0.8,0.0,0.0,0.0,0.0,-0.036842105263157815
2026-09-30T02:02:35.499 0.8,0.0,0.0,0.0,0.0,-0.036842105263157815
2026-09-30T02:02:35.550 0.8,0.0,0.0,0.0,0.0,-0.036842105263157815
2026-09-30T02:02:35.600 0.8,0.0,0.0,0.0,0.0,-0.036842105263157815
2026-09-30T02:02:35.650 0.8,0.0,0.0,0.0,0.0,-0.036842105263157815
2026-09-30T02:02:35.700 0.8,0.0,0.0,0.0,0.0,-0.036842105263157815
2026-09-30T02:02:35.750 0.8,0.0,0.0,0.0,0.0,-0.036842105263157815
2026-09-30T02:02:35.800 0.8,0.0,0.0,0.0,0.0,-0.036842105263157815
2026-09-30T02:02:35.850 0.8,0.0,0.0,0.0,0.0,-0.036842105263157815
2026-09-30T02:02:35.900 0.8,0.0,0.0,0.0,0.0,-0.036842105263157815
2026-09-30T02:02:35.950 0.8,0.0,0.0,0.0,0.0,-0.036842105263157815
2026-09-30T02:02:36.000 0.8,0.0,0.0,0.0,0.0,-0.036842105263157815
2026-09-30T02:02:36.050 0.8,0.0,0.0,0.0,0.0,-0.036842105263157815
2026-09-30T02:02:36.100 0.8,0.0,0.0,0.0,0.0,-0.036842105263157815
2026-09-30T02:02:36.150 0.8,0.0,0.0,0.0,0.0,-0.036842105263157815
2026-09-30T02:02:36.200 0.8,0.0,0.0,0.0,0.0,-0.036842105263157815
2026-09-30T02:02:36.260 0.8,0.0,0.0,0.0,0.0,-0.036842105263157815
2026-09-30T02:02:36.300 0.8,0.0,0.0,0.0,0.0,-0.036842105263157815
2026-09-30T02:02:36.350 0.8,0.0,0.0,0.0,0.0,-0.036842105263157815
2026-09-30T02:02:36.400 0.8,0.0,0.0,0.0,0.0,-0.036842105263157815
2026-09-30T02:02:36.450 0.7578947368421055,0.0,0.0,0.0,0.0,-0.036842105263157815
2026-09-30T02:02:36.501 0.7578947368421055,0.0,0.0,0.0,0.0,-0.036842105263157815
2026-09-30T02:02:36.550 0.7578947368421055,0.0,0.0,0.0,0.0,-0.1105263157894736
2026-09-30T02:02:36.600 0.7578947368421055,0.0,0.0,0.0,0.0,-0.1105263157894736
2026-09-30T02:02:36.650 0.7578947368421055,0.0,0.0,0.0,0.0,-0.1105263157894736
2026-09-30T02:02:36.700 0.7578947368421055,0.0,0.0,0.0,0.0,-0.036842105263157815
2026-09-30T02:02:36.750 0.7578947368421055,0.0,0.0,0.0,0.0,-0.1105263157894736
2026-09-30T02:02:36.800 0.8,0.0,0.0,0.0,0.0,-0.036842105263157815
2026-09-30T02:02:36.850 0.8,0.0,0.0,0.0,0.0,-0.036842105263157815
2026-09-30T02:02:36.900 0.8,0.0,0.0,0.0,0.0,-0.036842105263157815
2026-09-30T02:02:36.950 0.8,0.0,0.0,0.0,0.0,-0.036842105263157815
2026-09-30T02:02:37.010 0.7578947368421055,0.0,0.0,0.0,0.0,-0.036842105263157815
2026-09-30T02:02:37.050 0.7578947368421055,0.0,0.0,0.0,0.0,-0.036842105263157815
2026-09-30T02:02:37.100 0.7578947368421055,0.0,0.0,0.0,0.0,-0.036842105263157815
2026-09-30T02:02:37.150 0.7578947368421055,0.0,0.0,0.0,0.0,-0.036842105263157815
2026-09-30T02:02:37.200 0.7578947368421055,0.0,0.0,0.0,0.0,-0.036842105263157815
2026-09-30T02:02:37.250 0.7157894736842108,0.0,0.0,0.0,0.0,-0.036842105263157815
2026-09-30T02:02:37.300 0.7157894736842108,0.0,0.0,0.0,0.0,-0.036842105263157815
2026-09-30T02:02:37.350 0.7157894736842108,0.0,0.0,0.0,0.0,-0.036842105263157815
2026-09-30T02:02:37.401 0.673684210526316,0.0,0.0,0.0,0.0,-0.036842105263157815
2026-09-30T02:02:37.450 0.673684210526316,0.0,0.0,0.0,0.0,-0.036842105263157815
2026-09-30T02:02:37.500 0.673684210526316,0.0,0.0,0.0,0.0,-0.036842105263157815
2026-09-30T02:02:37.550 0.673684210526316,0.0,0.0,0.0,0.0,-0.036842105263157815
2026-09-30T02:02:37.610 0.673684210526316,0.0,0.0,0.0,0.0,-0.036842105263157815
2026-09-30T02:02:37.650 0.6315789473684212,0.0,0.0,0.0,0.0,-0.036842105263157815
2026-09-30T02:02:37.700 0.6315789473684212,0.0,0.0,0.0,0.0,-0.036842105263157815
2026-09-30T02:02:37.751 0.6315789473684212,0.0,0.0,0.0,0.0,-0.036842105263157815
2026-09-30T02:02:37.800 0.6315789473684212,0.0,0.0,0.0,0.0,-0.036842105263157815
2026-09-30T02:02:37.850 0.6315789473684212,0.0,0.0,0.0,0.0,-0.036842105263157815
2026-09-30T02:02:37.900 0.5894736842105265,0.0,0.0,0.0,0.0,-0.036842105263157815
2026-09-30T02:02:37.960 0.5894736842105265,0.0,0.0,0.0,0.0,-0.036842105263157815
2026-09-30T02:02:38.000 0.5894736842105265,0.0,0.0,0.0,0.0,-0.036842105263157815
2026-09-30T02:02:38.049 0.5894736842105265,0.0,0.0,0.0,0.0,-0.036842105263157815
2026-09-30T02:02:38.101 0.5473684210526317,0.0,0.0,0.0,0.0,-0.036842105263157815
2026-09-30T02:02:38.150 0.5473684210526317,0.0,0.0,0.0,0.0,-0.036842105263157815
2026-09-30T02:02:38.200 0.5473684210526317,0.0,0.0,0.0,0.0,-0.036842105263157815
2026-09-30T02:02:38.250 0.5473684210526317,0.0,0.0,0.0,0.0,-0.036842105263157815
2026-09-30T02:02:38.310 0.5894736842105265,0.0,0.0,0.0,0.0,-0.036842105263157815
2026-09-30T02:02:38.349 0.5473684210526317,0.0,0.0,0.0,0.0,-0.036842105263157815
2026-09-30T02:02:38.400 0.5473684210526317,0.0,0.0,0.0,0.0,-0.036842105263157815
2026-09-30T02:02:38.450 0.505263157894737,0.0,0.0,0.0,0.0,-0.036842105263157815
2026-09-30T02:02:38.500 0.505263157894737,0.0,0.0,0.0,0.0,-0.036842105263157815
2026-09-30T02:02:38.550 0.505263157894737,0.0,0.0,0.0,0.0,-0.036842105263157815
2026-09-30T02:02:38.600 0.5473684210526317,0.0,0.0,0.0,0.0,0.0
2026-09-30T02:02:38.649 0.5473684210526317,0.0,0.0,0.0,0.0,-0.036842105263157815
2026-09-30T02:02:38.700 0.505263157894737,0.0,0.0,0.0,0.0,-0.036842105263157815
2026-09-30T02:02:38.750 0.505263157894737,0.0,0.0,0.0,0.0,-0.036842105263157815
2026-09-30T02:02:38.800 0.4631578947368422,0.0,0.0,0.0,0.0,-0.036842105263157815
2026-09-30T02:02:38.860 0.4631578947368422,0.0,0.0,0.0,0.0,-0.036842105263157815
2026-09-30T02:02:38.900 0.4631578947368422,0.0,0.0,0.0,0.0,-0.036842105263157815
2026-09-30T02:02:38.949 0.4631578947368422,0.0,0.0,0.0,0.0,-0.036842105263157815
2026-09-30T02:02:39.000 0.4631578947368422,0.0,0.0,0.0,0.0,-0.036842105263157815
2026-09-30T02:02:39.050 0.505263157894737,0.0,0.0,0.0,0.0,-0.036842105263157815
2026-09-30T02:02:39.100 0.505263157894737,0.0,0.0,0.0,0.0,-0.036842105263157815
2026-09-30T02:02:39.150 0.4631578947368422,0.0,0.0,0.0,0.0,0.0
2026-09-30T02:02:39.200 0.4631578947368422,0.0,0.0,0.0,0.0,0.0
2026-09-30T02:02:39.250 0.42105263157894746,0.0,0.0,0.0,0.0,-0.036842105263157815
2026-09-30T02:02:39.300 0.42105263157894746,0.0,0.0,0.0,0.0,-0.036842105263157815
2026-09-30T02:02:39.350 0.4631578947368422,0.0,0.0,0.0,0.0,0.0
2026-09-30T02:02:39.400 0.4631578947368422,0.0,0.0,0.0,0.0,0.0
2026-09-30T02:02:39.450 0.4631578947368422,0.0,0.0,0.0,0.0,0.0
2026-09-30T02:02:39.500 0.42105263157894746,0.0,0.0,0.0,0.0,0.0
2026-09-30T02:02:39.550 0.42105263157894746,0.0,0.0,0.0,0.0,0.0
2026-09-30T02:02:39.600 0.42105263157894746,0.0,0.0,0.0,0.0,0.0
2026-09-30T02:02:39.650 0.42105263157894746,0.0,0.0,0.0,0.0,0.0
2026-09-30T02:02:39.700 0.42105263157894746,0.0,0.0,0.0,0.0,0.0
2026-09-30T02:02:39.750 0.42105263157894746,0.0,0.0,0.0,0.0,0.0
2026-09-30T02:02:39.800 0.42105263157894746,0.0,0.0,0.0,0.0,0.0
2026-09-30T02:02:39.850 0.42105263157894746,0.0,0.0,0.0,0.0,0.0
2026-09-30T02:02:39.900 0.42105263157894746,0.0,0.0,0.0,0.0,0.0
2026-09-30T02:02:39.950 0.42105263157894746,0.0,0.0,0.0,0.0,0.0
2026-09-30T02:02:40.010 0.42105263157894746,0.0,0.0,0.0,0.0,-0.036842105263157815
2026-09-30T02:02:40.050 0.3789473684210527,0.0,0.0,0.0,0.0,-0.036842105263157815
2026-09-30T02:02:40.100 0.3789473684210527,0.0,0.0,0.0,0.0,0.0
2026-09-30T02:02:40.160 0.3789473684210527,0.0,0.0,0.0,0.0,0.0
2026-09-30T02:02:40.200 0.3789473684210527,0.0,0.0,0.0,0.0,0.0
2026-09-30T02:02:40.250 0.3789473684210527,0.0,0.0,0.0,0.0,0.0
2026-09-30T02:02:40.299 0.3789473684210527,0.0,0.0,0.0,0.0,0.03684210526315797
2026-09-30T02:02:40.350 0.33684210526315794,0.0,0.0,0.0,0.0,0.0
2026-09-30T02:02:40.400 0.33684210526315794,0.0,0.0,0.0,0.0,0.0
2026-09-30T02:02:40.450 0.33684210526315794,0.0,0.0,0.0,0.0,0.0
2026-09-30T02:02:40.510 0.33684210526315794,0.0,0.0,0.0,0.0,0.0
2026-09-30T02:02:40.550 0.33684210526315794,0.0,0.0,0.0,0.0,-0.036842105263157815
2026-09-30T02:02:40.600 0.33684210526315794,0.0,0.0,0.0,0.0,-0.036842105263157815
2026-09-30T02:02:40.650 0.33684210526315794,0.0,0.0,0.0,0.0,0.0
2026-09-30T02:02:40.700 0.33684210526315794,0.0,0.0,0.0,0.0,0.0
2026-09-30T02:02:40.749 0.2947368421052632,0.0,0.0,0.0,0.0,0.0
2026-09-30T02:02:40.800 0.2947368421052632,0.0,0.0,0.0,0.0,0.0
2026-09-30T02:02:40.850 0.2947368421052632,0.0,0.0,0.0,0.0,-0.1105263157894736
2026-09-30T02:02:40.900 0.2947368421052632,0.0,0.0,0.0,0.0,-0.1105263157894736
2026-09-30T02:02:40.949 0.2947368421052632,0.0,0.0,0.0,0.0,0.0
2026-09-30T02:02:41.000 0.33684210526315794,0.0,0.0,0.0,0.0,-0.036842105263157815
2026-09-30T02:02:41.050 0.33684210526315794,0.0,0.0,0.0,0.0,-0.036842105263157815
2026-09-30T02:02:41.100 0.2947368421052632,0.0,0.0,0.0,0.0,0.0
2026-09-30T02:02:41.150 0.2947368421052632,0.0,0.0,0.0,0.0,0.0
2026-09-30T02:02:41.210 0.2947368421052632,0.0,0.0,0.0,0.0,0.0
2026-09-30T02:02:41.250 0.2947368421052632,0.0,0.0,0.0,0.0,-0.036842105263157815
2026-09-30T02:02:41.300 0.2947368421052632,0.0,0.0,0.0,0.0,0.0
2026-09-30T02:02:41.350 0.2947368421052632,0.0,0.0,0.0,0.0,0.03684210526315797
2026-09-30T02:02:41.400 0.2947368421052632,0.0,0.0,0.0,0.0,0.03684210526315797
2026-09-30T02:02:41.450 0.25263157894736843,0.0,0.0,0.0,0.0,0.0
2026-09-30T02:02:41.499 0.25263157894736843,0.0,0.0,0.0,0.0,0.0
2026-09-30T02:02:41.550 0.25263157894736843,0.0,0.0,0.0,0.0,-0.1105263157894736
2026-09-30T02:02:41.600 0.25263157894736843,0.0,0.0,0.0,0.0,-0.1105263157894736
2026-09-30T02:02:41.660 0.25263157894736843,0.0,0.0,0.0,0.0,0.0
2026-09-30T02:02:41.700 0.2947368421052632,0.0,0.0,0.0,0.0,0.03684210526315797
2026-09-30T02:02:41.750 0.2947368421052632,0.0,0.0,0.0,0.0,0.03684210526315797
2026-09-30T02:02:41.800 0.2947368421052632,0.0,0.0,0.0,0.0,-0.036842105263157815
2026-09-30T02:02:41.850 0.2947368421052632,0.0,0.0,0.0,0.0,-0.036842105263157815
2026-09-30T02:02:41.900 0.25263157894736843,0.0,0.0,0.0,0.0,0.0
2026-09-30T02:02:41.950 0.25263157894736843,0.0,0.0,0.0,0.0,0.0
2026-09-30T02:02:42.000 0.25263157894736843,0.0,0.0,0.0,0.0,0.0
2026-09-30T02:02:42.050 0.25263157894736843,0.0,0.0,0.0,0.0,-0.036842105263157815
2026-09-30T02:02:42.100 0.25263157894736843,0.0,0.0,0.0,0.0,-0.19684210526315782
2026-09-30T02:02:42.149 0.25263157894736843,0.0,0.0,0.0,0.0,-0.331578947368421
2026-09-30T02:02:42.200 0.25263157894736843,0.0,0.0,0.0,0.0,-0.331578947368421
2026-09-30T02:02:42.250 0.25263157894736843,0.0,0.0,0.0,0.0,-0.331578947368421
2026-09-30T02:02:42.300 0.25263157894736843,0.0,0.0,0.0,0.0,-0.2578947368421052
2026-09-30T02:02:42.350 0.25263157894736843,0.0,0.0,0.0,0.0,-0.2578947368421052
2026-09-30T02:02:42.400 0.25263157894736843,0.0,0.0,0.0,0.0,-0.2578947368421052
2026-09-30T02:02:42.460 0.25263157894736843,0.0,0.0,0.0,0.0,-0.2578947368421052
2026-09-30T02:02:42.500 0.21052631578947367,0.0,0.0,0.0,0.0,-0.40526315789473677
2026-09-30T02:02:42.550 0.21052631578947367,0.0,0.0,0.0,0.0,-0.40526315789473677
2026-09-30T02:02:42.599 0.21052631578947367,0.0,0.0,0.0,0.0,-0.40526315789473677
2026-09-30T02:02:42.650 0.21052631578947367,0.0,0.0,0.0,0.0,-0.40526315789473677
2026-09-30T02:02:42.700 0.21052631578947367,0.0,0.0,0.0,0.0,-0.40526315789473677
2026-09-30T02:02:42.750 0.21052631578947367,0.0,0.0,0.0,0.0,-0.40526315789473677
2026-09-30T02:02:42.800 0.21052631578947367,0.0,0.0,0.0,0.0,-0.40526315789473677
2026-09-30T02:02:42.850 0.21052631578947367,0.0,0.0,0.0,0.0,-0.331578947368421
2026-09-30T02:02:42.900 0.21052631578947367,0.0,0.0,0.0,0.0,-0.331578947368421
2026-09-30T02:02:42.950 0.21052631578947367,0.0,0.0,0.0,0.0,-0.331578947368421
2026-09-30T02:02:43.000 0.21052631578947367,0.0,0.0,0.0,0.0,-0.331578947368421
2026-09-30T02:02:43.050 0.21052631578947367,0.0,0.0,0.0,0.0,-0.331578947368421
2026-09-30T02:02:43.100 0.21052631578947367,0.0,0.0,0.0,0.0,-0.331578947368421
2026-09-30T02:02:43.149 0.21052631578947367,0.0,0.0,0.0,0.0,-0.331578947368421
2026-09-30T02:02:43.199 0.21052631578947367,0.0,0.0,0.0,0.0,-0.331578947368421
2026-09-30T02:02:43.250 0.21052631578947367,0.0,0.0,0.0,0.0,-0.331578947368421
2026-09-30T02:02:43.300 0.21052631578947367,0.0,0.0,0.0,0.0,-0.331578947368421
2026-09-30T02:02:43.350 0.21052631578947367,0.0,0.0,0.0,0.0,-0.331578947368421
2026-09-30T02:02:43.400 0.21052631578947367,0.0,0.0,0.0,0.0,-0.331578947368421
2026-09-30T02:02:43.450 0.21052631578947367,0.0,0.0,0.0,0.0,-0.331578947368421
2026-09-30T02:02:43.500 0.16842105263157894,0.0,0.0,0.0,0.0,-0.47894736842105257
2026-09-30T02:02:43.550 0.16842105263157894,0.0,0.0,0.0,0.0,-0.47894736842105257
2026-09-30T02:02:43.600 0.16842105263157894,0.0,0.0,0.0,0.0,-0.47894736842105257
2026-09-30T02:02:43.650 0.16842105263157894,0.0,0.0,0.0,0.0,-0.40526315789473677
2026-09-30T02:02:43.701 0.16842105263157894,0.0,0.0,0.0,0.0,-0.40526315789473677
2026-09-30T02:02:43.750 0.16842105263157894,0.0,0.0,0.0,0.0,-0.40526315789473677
2026-09-30T02:02:43.800 0.16842105263157894,0.0,0.0,0.0,0.0,-0.40526315789473677
2026-09-30T02:02:43.850 0.16842105263157894,0.0,0.0,0.0,0.0,-0.40526315789473677
2026-09-30T02:02:43.900 0.16842105263157894,0.0,0.0,0.0,0.0,-0.40526315789473677
2026-09-30T02:02:43.949 0.16842105263157894,0.0,0.0,0.0,0.0,-0.40526315789473677
2026-09-30T02:02:44.000 0.16842105263157894,0.0,0.0,0.0,0.0,-0.331578947368421
2026-09-30T02:02:44.050 0.16842105263157894,0.0,0.0,0.0,0.0,-0.331578947368421
2026-09-30T02:02:44.100 0.16842105263157894,0.0,0.0,0.0,0.0,-0.331578947368421
2026-09-30T02:02:44.150 0.16842105263157894,0.0,0.0,0.0,0.0,-0.331578947368421
2026-09-30T02:02:44.200 0.16842105263157894,0.0,0.0,0.0,0.0,-0.331578947368421
2026-09-30T02:02:44.250 0.16842105263157894,0.0,0.0,0.0,0.0,-0.331578947368421
2026-09-30T02:02:44.300 0.16842105263157894,0.0,0.0,0.0,0.0,-0.331578947368421
2026-09-30T02:02:44.350 0.16842105263157894,0.0,0.0,0.0,0.0,-0.331578947368421
2026-09-30T02:02:44.400 0.16842105263157894,0.0,0.0,0.0,0.0,-0.331578947368421
2026-09-30T02:02:44.451 0.16842105263157894,0.0,0.0,0.0,0.0,-0.2578947368421052
2026-09-30T02:02:44.500 0.16842105263157894,0.0,0.0,0.0,0.0,-0.2578947368421052
2026-09-30T02:02:44.550 0.16842105263157894,0.0,0.0,0.0,0.0,-0.2578947368421052
2026-09-30T02:02:44.600 0.16842105263157894,0.0,0.0,0.0,0.0,-0.2578947368421052
2026-09-30T02:02:44.650 0.16842105263157894,0.0,0.0,0.0,0.0,-0.2578947368421052
2026-09-30T02:02:44.699 0.16842105263157894,0.0,0.0,0.0,0.0,-0.2578947368421052
2026-09-30T02:02:44.750 0.16842105263157894,0.0,0.0,0.0,0.0,-0.2578947368421052
2026-09-30T02:02:44.800 0.16842105263157894,0.0,0.0,0.0,0.0,-0.2578947368421052
2026-09-30T02:02:44.850 0.16842105263157894,0.0,0.0,0.0,0.0,-0.2578947368421052
2026-09-30T02:02:44.900 0.16842105263157894,0.0,0.0,0.0,0.0,-0.40526315789473677
2026-09-30T02:02:44.950 0.12631578947368421,0.0,0.0,0.0,0.0,-0.40526315789473677
2026-09-30T02:02:45.000 0.12631578947368421,0.0,0.0,0.0,0.0,-0.40526315789473677
2026-09-30T02:02:45.050 0.12631578947368421,0.0,0.0,0.0,0.0,-0.40526315789473677
2026-09-30T02:02:45.100 0.12631578947368421,0.0,0.0,0.0,0.0,-0.40526315789473677
2026-09-30T02:02:45.149 0.12631578947368421,0.0,0.0,0.0,0.0,-0.40526315789473677
2026-09-30T02:02:45.200 0.12631578947368421,0.0,0.0,0.0,0.0,-0.40526315789473677
2026-09-30T02:02:45.249 0.12631578947368421,0.0,0.0,0.0,0.0,-0.331578947368421
2026-09-30T02:02:45.300 0.12631578947368421,0.0,0.0,0.0,0.0,-0.331578947368421
2026-09-30T02:02:45.350 0.0013157894736842146,0.0,0.0,0.0,0.0,-0.17157894736842097
2026-09-30T02:02:45.400 0.0,0.0,0.0,0.0,0.0,-0.011578947368420967
2026-09-30T02:02:45.450 0.0,0.0,0.0,0.0,0.0,0.14842105263157904
2026-09-30T02:02:45.500 0.0,0.0,0.0,0.0,0.0,0.30842105263157904
2026-09-30T02:02:45.550 0.0,0.0,0.0,0.0,0.0,0.33157894736842114
2026-09-30T02:02:45.600 0.0,0.0,0.0,0.0,0.0,0.33157894736842114
2026-09-30T02:02:45.651 0.0,0.0,0.0,0.0,0.0,0.33157894736842114
2026-09-30T02:02:45.700 0.0,0.0,0.0,0.0,0.0,0.33157894736842114
2026-09-30T02:02:45.750 0.0,0.0,0.0,0.0,0.0,0.33157894736842114
2026-09-30T02:02:45.810 0.0,0.0,0.0,0.0,0.0,0.33157894736842114
2026-09-30T02:02:45.850 0.0,0.0,0.0,0.0,0.0,0.33157894736842114
2026-09-30T02:02:45.900 0.0,0.0,0.0,0.0,0.0,0.33157894736842114
2026-09-30T02:02:45.950 0.0,0.0,0.0,0.0,0.0,0.33157894736842114
2026-09-30T02:02:46.010 0.0,0.0,0.0,0.0,0.0,0.33157894736842114
2026-09-30T02:02:46.050 0.0,0.0,0.0,0.0,0.0,0.33157894736842114
2026-09-30T02:02:46.100 0.0,0.0,0.0,0.0,0.0,0.33157894736842114
2026-09-30T02:02:46.150 0.0,0.0,0.0,0.0,0.0,0.33157894736842114
2026-09-30T02:02:46.200 0.0,0.0,0.0,0.0,0.0,0.33157894736842114
2026-09-30T02:02:46.250 0.0,0.0,0.0,0.0,0.0,0.33157894736842114
2026-09-30T02:02:46.300 0.0,0.0,0.0,0.0,0.0,0.33157894736842114
2026-09-30T02:02:46.360 0.0,0.0,0.0,0.0,0.0,0.33157894736842114
2026-09-30T02:02:46.400 0.0,0.0,0.0,0.0,0.0,0.33157894736842114
2026-09-30T02:02:46.449 0.0,0.0,0.0,0.0,0.0,0.33157894736842114
2026-09-30T02:02:46.500 0.0,0.0,0.0,0.0,0.0,0.33157894736842114
2026-09-30T02:02:46.550 0.0,0.0,0.0,0.0,0.0,0.33157894736842114
2026-09-30T02:02:46.600 0.0,0.0,0.0,0.0,0.0,0.33157894736842114
2026-09-30T02:02:46.650 0.0,0.0,0.0,0.0,0.0,0.33157894736842114
2026-09-30T02:02:46.700 0.0,0.0,0.0,0.0,0.0,0.33157894736842114
2026-09-30T02:02:46.750 0.0,0.0,0.0,0.0,0.0,0.33157894736842114
2026-09-30T02:02:46.800 0.0,0.0,0.0,0.0,0.0,0.33157894736842114
2026-09-30T02:02:46.850 0.0,0.0,0.0,0.0,0.0,0.33157894736842114
2026-09-30T02:02:46.900 0.0,0.0,0.0,0.0,0.0,0.33157894736842114
2026-09-30T02:02:46.950 0.0,0.0,0.0,0.0,0.0,0.33157894736842114
2026-09-30T02:02:47.000 0.0,0.0,0.0,0.0,0.0,0.33157894736842114
2026-09-30T02:02:47.050 0.0,0.0,0.0,0.0,0.0,0.33157894736842114
2026-09-30T02:02:47.110 0.0,0.0,0.0,0.0,0.0,0.33157894736842114
2026-09-30T02:02:47.150 0.0,0.0,0.0,0.0,0.0,0.33157894736842114
2026-09-30T02:02:47.200 0.0,0.0,0.0,0.0,0.0,0.33157894736842114
2026-09-30T02:02:47.249 0.0,0.0,0.0,0.0,0.0,0.33157894736842114
2026-09-30T02:02:47.310 0.0,0.0,0.0,0.0,0.0,0.33157894736842114
2026-09-30T02:02:47.350 0.0,0.0,0.0,0.0,0.0,0.33157894736842114
2026-09-30T02:02:47.400 0.0,0.0,0.0,0.0,0.0,0.33157894736842114
2026-09-30T02:02:47.450 0.0,0.0,0.0,0.0,0.0,0.33157894736842114
2026-09-30T02:02:47.499 0.0,0.0,0.0,0.0,0.0,0.33157894736842114
2026-09-30T02:02:47.550 0.0,0.0,0.0,0.0,0.0,0.33157894736842114
2026-09-30T02:02:47.600 0.0,0.0,0.0,0.0,0.0,0.33157894736842114
2026-09-30T02:02:47.650 0.0,0.0,0.0,0.0,0.0,0.33157894736842114
2026-09-30T02:02:47.700 0.0,0.0,0.0,0.0,0.0,0.33157894736842114
2026-09-30T02:02:47.749 0.0,0.0,0.0,0.0,0.0,0.33157894736842114
2026-09-30T02:02:47.799 0.0,0.0,0.0,0.0,0.0,0.33157894736842114
2026-09-30T02:02:47.850 0.0,0.0,0.0,0.0,0.0,0.33157894736842114
2026-09-30T02:02:47.900 0.0,0.0,0.0,0.0,0.0,0.33157894736842114
2026-09-30T02:02:47.950 0.0,0.0,0.0,0.0,0.0,0.33157894736842114
2026-09-30T02:02:48.000 0.0,0.0,0.0,0.0,0.0,0.33157894736842114
2026-09-30T02:02:48.050 0.0,0.0,0.0,0.0,0.0,0.33157894736842114
2026-09-30T02:02:48.100 0.0,0.0,0.0,0.0,0.0,0.33157894736842114
2026-09-30T02:02:48.150 0.0,0.0,0.0,0.0,0.0,0.33157894736842114
2026-09-30T02:02:48.200 0.0,0.0,0.0,0.0,0.0,0.33157894736842114
2026-09-30T02:02:48.250 0.0,0.0,0.0,0.0,0.0,0.33157894736842114
2026-09-30T02:02:48.300 0.0,0.0,0.0,0.0,0.0,0.33157894736842114
2026-09-30T02:02:48.350 0.0,0.0,0.0,0.0,0.0,0.33157894736842114
2026-09-30T02:02:48.400 0.0,0.0,0.0,0.0,0.0,0.33157894736842114
2026-09-30T02:02:48.450 0.0,0.0,0.0,0.0,0.0,0.33157894736842114
2026-09-30T02:02:48.501 0.0,0.0,0.0,0.0,0.0,0.33157894736842114
2026-09-30T02:02:48.549 0.0,0.0,0.0,0.0,0.0,0.33157894736842114
2026-09-30T02:02:48.600 0.0,0.0,0.0,0.0,0.0,0.33157894736842114
2026-09-30T02:02:48.650 0.0,0.0,0.0,0.0,0.0,0.33157894736842114
2026-09-30T02:02:48.700 0.0,0.0,0.0,0.0,0.0,0.33157894736842114
2026-09-30T02:02:48.750 0.0,0.0,0.0,0.0,0.0,0.25789473684210534
2026-09-30T02:02:48.810 0.0,0.0,0.0,0.0,0.0,0.25789473684210534
2026-09-30T02:02:48.851 0.0,0.0,0.0,0.0,0.0,0.25789473684210534
2026-09-30T02:02:48.900 0.0,0.0,0.0,0.0,0.0,0.25789473684210534
2026-09-30T02:02:48.949 0.0,0.0,0.0,0.0,0.0,0.25789473684210534
2026-09-30T02:02:49.000 0.0,0.0,0.0,0.0,0.0,0.25789473684210534
2026-09-30T02:02:49.050 0.0,0.0,0.0,0.0,0.0,0.25789473684210534
2026-09-30T02:02:49.100 0.0,0.0,0.0,0.0,0.0,0.25789473684210534
2026-09-30T02:02:49.150 0.0,0.0,0.0,0.0,0.0,0.25789473684210534
2026-09-30T02:02:49.199 0.0,0.0,0.0,0.0,0.0,0.25789473684210534
2026-09-30T02:02:49.250 0.0,0.0,0.0,0.0,0.0,0.25789473684210534
2026-09-30T02:02:49.310 0.0,0.0,0.0,0.0,0.0,0.25789473684210534
2026-09-30T02:02:49.349 0.0,0.0,0.0,0.0,0.0,0.25789473684210534
2026-09-30T02:02:49.401 0.0,0.0,0.0,0.0,0.0,0.25789473684210534
2026-09-30T02:02:49.450 0.0,0.0,0.0,0.0,0.0,0.25789473684210534
2026-09-30T02:02:49.500 0.0,0.0,0.0,0.0,0.0,0.25789473684210534
2026-09-30T02:02:49.550 0.0,0.0,0.0,0.0,0.0,0.25789473684210534
2026-09-30T02:02:49.600 0.0,0.0,0.0,0.0,0.0,0.25789473684210534
2026-09-30T02:02:49.650 0.0,0.0,0.0,0.0,0.0,0.25789473684210534
2026-09-30T02:02:49.700 0.0,0.0,0.0,0.0,0.0,0.25789473684210534
2026-09-30T02:02:49.750 0.0,0.0,0.0,0.0,0.0,0.25789473684210534
2026-09-30T02:02:49.800 0.0,0.0,0.0,0.0,0.0,0.25789473684210534
2026-09-30T02:02:49.850 0.0,0.0,0.0,0.0,0.0,0.25789473684210534
2026-09-30T02:02:49.899 0.0,0.0,0.0,0.0,0.0,0.25789473684210534
2026-09-30T02:02:49.950 0.0,0.0,0.0,0.0,0.0,0.25789473684210534
2026-09-30T02:02:50.000 0.0,0.0,0.0,0.0,0.0,0.25789473684210534
2026-09-30T02:02:50.050 0.0,0.0,0.0,0.0,0.0,0.25789473684210534
2026-09-30T02:02:50.100 0.0,0.0,0.0,0.0,0.0,0.25789473684210534
2026-09-30T02:02:50.150 0.0,0.0,0.0,0.0,0.0,0.25789473684210534
2026-09-30T02:02:50.200 0.0,0.0,0.0,0.0,0.0,0.25789473684210534
2026-09-30T02:02:50.250 0.0,0.0,0.0,0.0,0.0,0.25789473684210534
2026-09-30T02:02:50.300 0.0,0.0,0.0,0.0,0.0,0.25789473684210534
2026-09-30T02:02:50.350 0.0,0.0,0.0,0.0,0.0,0.25789473684210534
2026-09-30T02:02:50.410 0.0,0.0,0.0,0.0,0.0,0.25789473684210534
2026-09-30T02:02:50.450 0.0,0.0,0.0,0.0,0.0,0.25789473684210534
2026-09-30T02:02:50.500 0.0,0.0,0.0,0.0,0.0,0.25789473684210534
2026-09-30T02:02:50.549 0.0,0.0,0.0,0.0,0.0,0.25789473684210534
2026-09-30T02:02:50.600 0.0,0.0,0.0,0.0,0.0,0.25789473684210534
2026-09-30T02:02:50.650 0.0,0.0,0.0,0.0,0.0,0.25789473684210534
2026-09-30T02:02:50.700 0.0,0.0,0.0,0.0,0.0,0.25789473684210534
2026-09-30T02:02:50.750 0.0,0.0,0.0,0.0,0.0,0.25789473684210534
2026-09-30T02:02:50.800 0.0,0.0,0.0,0.0,0.0,0.25789473684210534
2026-09-30T02:02:50.850 0.0,0.0,0.0,0.0,0.0,0.25789473684210534
2026-09-30T02:02:50.900 0.0,0.0,0.0,0.0,0.0,0.25789473684210534
2026-09-30T02:02:50.950 0.0,0.0,0.0,0.0,0.0,0.18421052631578955
2026-09-30T02:02:51.000 0.0,0.0,0.0,0.0,0.0,0.18421052631578955
2026-09-30T02:02:51.050 0.0,0.0,0.0,0.0,0.0,0.18421052631578955
2026-09-30T02:02:51.100 0.0,0.0,0.0,0.0,0.0,0.18421052631578955
2026-09-30T02:02:51.150 0.0,0.0,0.0,0.0,0.0,0.18421052631578955
2026-09-30T02:02:51.200 0.0,0.0,0.0,0.0,0.0,0.18421052631578955
2026-09-30T02:02:51.250 0.0,0.0,0.0,0.0,0.0,0.18421052631578955
2026-09-30T02:02:51.300 0.0,0.0,0.0,0.0,0.0,0.18421052631578955
2026-09-30T02:02:51.350 0.0,0.0,0.0,0.0,0.0,0.18421052631578955
2026-09-30T02:02:51.400 0.0,0.0,0.0,0.0,0.0,0.18421052631578955
2026-09-30T02:02:51.450 0.0,0.0,0.0,0.0,0.0,0.18421052631578955
2026-09-30T02:02:51.500 0.0,0.0,0.0,0.0,0.0,0.18421052631578955
2026-09-30T02:02:51.550 0.0,0.0,0.0,0.0,0.0,0.18421052631578955
2026-09-30T02:02:51.600 0.0,0.0,0.0,0.0,0.0,0.18421052631578955
2026-09-30T02:02:51.650 0.0,0.0,0.0,0.0,0.0,0.18421052631578955
2026-09-30T02:02:51.700 0.0,0.0,0.0,0.0,0.0,0.18421052631578955
2026-09-30T02:02:51.749 0.0,0.0,0.0,0.0,0.0,0.18421052631578955
2026-09-30T02:02:51.800 0.0,0.0,0.0,0.0,0.0,0.18421052631578955
2026-09-30T02:02:51.850 0.0,0.0,0.0,0.0,0.0,0.18421052631578955
2026-09-30T02:02:51.900 0.0,0.0,0.0,0.0,0.0,0.18421052631578955
2026-09-30T02:02:51.950 0.0,0.0,0.0,0.0,0.0,0.18421052631578955
2026-09-30T02:02:52.000 0.0,0.0,0.0,0.0,0.0,0.18421052631578955
2026-09-30T02:02:52.049 0.0,0.0,0.0,0.0,0.0,0.18421052631578955
2026-09-30T02:02:52.100 0.0,0.0,0.0,0.0,0.0,0.18421052631578955
2026-09-30T02:02:52.149 0.0,0.0,0.0,0.0,0.0,0.18421052631578955
2026-09-30T02:02:52.199 0.0,0.0,0.0,0.0,0.0,0.18421052631578955
2026-09-30T02:02:52.250 0.0,0.0,0.0,0.0,0.0,0.18421052631578955
2026-09-30T02:02:52.299 0.0,0.0,0.0,0.0,0.0,0.18421052631578955
2026-09-30T02:02:52.350 0.0,0.0,0.0,0.0,0.0,0.18421052631578955
2026-09-30T02:02:52.400 0.0,0.0,0.0,0.0,0.0,0.18421052631578955
2026-09-30T02:02:52.450 0.0,0.0,0.0,0.0,0.0,0.18421052631578955
2026-09-30T02:02:52.510 0.0,0.0,0.0,0.0,0.0,0.18421052631578955
2026-09-30T02:02:52.549 0.0,0.0,0.0,0.0,0.0,0.18421052631578955
2026-09-30T02:02:52.600 0.0,0.0,0.0,0.0,0.0,0.18421052631578955
2026-09-30T02:02:52.649 0.0,0.0,0.0,0.0,0.0,0.18421052631578955
2026-09-30T02:02:52.700 0.0,0.0,0.0,0.0,0.0,0.18421052631578955
2026-09-30T02:02:52.750 0.0,0.0,0.0,0.0,0.0,0.18421052631578955
2026-09-30T02:02:52.800 0.0,0.0,0.0,0.0,0.0,0.18421052631578955
2026-09-30T02:02:52.850 0.0,0.0,0.0,0.0,0.0,0.18421052631578955
2026-09-30T02:02:52.900 0.0,0.0,0.0,0.0,0.0,0.18421052631578955
2026-09-30T02:02:52.950 0.0,0.0,0.0,0.0,0.0,0.18421052631578955
2026-09-30T02:02:53.000 0.0,0.0,0.0,0.0,0.0,0.18421052631578955
2026-09-30T02:02:53.050 0.0,0.0,0.0,0.0,0.0,0.18421052631578955
2026-09-30T02:02:53.100 0.0,0.0,0.0,0.0,0.0,0.18421052631578955
2026-09-30T02:02:53.150 0.0,0.0,0.0,0.0,0.0,0.18421052631578955
2026-09-30T02:02:53.200 0.0,0.0,0.0,0.0,0.0,0.18421052631578955
2026-09-30T02:02:53.250 0.0,0.0,0.0,0.0,0.0,0.18421052631578955
2026-09-30T02:02:53.300 0.0,0.0,0.0,0.0,0.0,0.18421052631578955
2026-09-30T02:02:53.350 0.0,0.0,0.0,0.0,0.0,0.18421052631578955
2026-09-30T02:02:53.400 0.0,0.0,0.0,0.0,0.0,0.18421052631578955
2026-09-30T02:02:53.450 0.0,0.0,0.0,0.0,0.0,0.024210526315789543
2026-09-30T02:02:53.500 0.0,0.0,0.0,0.0,0.0,0.0
2026-09-30T02:02:53.550 0.0,0.0,0.0,0.0,0.0,0.0
2026-09-30T02:02:53.600 0.0,0.0,0.0,0.0,0.0,0.0
2026-09-30T02:02:53.650 0.0,0.0,0.0,0.0,0.0,0.0
2026-09-30T02:02:53.700 0.0,0.0,0.0,0.0,0.0,0.0
2026-09-30T02:02:53.750 0.0,0.0,0.0,0.0,0.0,0.0
2026-09-30T02:02:53.800 0.0,0.0,0.0,0.0,0.0,0.0
2026-09-30T02:02:53.851 0.0,0.0,0.0,0.0,0.0,0.0
2026-09-30T02:02:53.900 0.0,0.0,0.0,0.0,0.0,0.0
2026-09-30T02:02:53.950 0.0,0.0,0.0,0.0,0.0,0.0
2026-09-30T02:02:54.000 0.0,0.0,0.0,0.0,0.0,0.0
2026-09-30T02:02:54.050 0.0,0.0,0.0,0.0,0.0,0.0
2026-09-30T02:02:54.100 0.0,0.0,0.0,0.0,0.0,0.0
2026-09-30T02:02:54.150 0.0,0.0,0.0,0.0,0.0,0.0
2026-09-30T02:02:54.200 0.0,0.0,0.0,0.0,0.0,0.0
2026-09-30T02:02:54.250 0.0,0.0,0.0,0.0,0.0,0.0
2026-09-30T02:02:54.300 0.0,0.0,0.0,0.0,0.0,0.0
2026-09-30T02:02:54.350 0.0,0.0,0.0,0.0,0.0,0.0
2026-09-30T02:02:54.400 0.0,0.0,0.0,0.0,0.0,0.0
2026-09-30T02:02:54.450 0.0,0.0,0.0,0.0,0.0,0.0
2026-09-30T02:02:54.500 0.0,0.0,0.0,0.0,0.0,0.0
2026-09-30T02:02:54.549 0.0,0.0,0.0,0.0,0.0,0.0
2026-09-30T02:02:54.600 0.0,0.0,0.0,0.0,0.0,0.0
2026-09-30T02:02:54.649 0.0,0.0,0.0,0.0,0.0,0.0
2026-09-30T02:02:54.700 0.0,0.0,0.0,0.0,0.0,0.0
2026-09-30T02:02:54.760 0.0,0.0,0.0,0.0,0.0,0.0
2026-09-30T02:02:54.800 0.0,0.0,0.0,0.0,0.0,0.0
2026-09-30T02:02:54.850 0.0,0.0,0.0,0.0,0.0,0.0
2026-09-30T02:02:54.900 0.0,0.0,0.0,0.0,0.0,0.0
2026-09-30T02:02:54.950 0.0,0.0,0.0,0.0,0.0,0.0
2026-09-30T02:02:55.000 0.0,0.0,0.0,0.0,0.0,0.0
2026-09-30T02:02:55.050 0.0,0.0,0.0,0.0,0.0,0.0
2026-09-30T02:02:55.100 0.0,0.0,0.0,0.0,0.0,0.0
2026-09-30T02:02:55.150 0.0,0.0,0.0,0.0,0.0,0.0
2026-09-30T02:02:55.200 0.0,0.0,0.0,0.0,0.0,0.0
2026-09-30T02:02:55.251 0.0,0.0,0.0,0.0,0.0,0.0
2026-09-30T02:02:55.300 0.0,0.0,0.0,0.0,0.0,0.0
2026-09-30T02:02:55.350 0.0,0.0,0.0,0.0,0.0,0.0
2026-09-30T02:02:55.400 0.0,0.0,0.0,0.0,0.0,0.0
2026-09-30T02:02:55.450 0.0,0.0,0.0,0.0,0.0,0.0
2026-09-30T02:02:55.500 0.0,0.0,0.0,0.0,0.0,0.0
2026-09-30T02:02:55.550 0.0,0.0,0.0,0.0,0.0,0.0
2026-09-30T02:02:55.600 0.0,0.0,0.0,0.0,0.0,0.0
2026-09-30T02:02:55.650 0.0,0.0,0.0,0.0,0.0,0.0
2026-09-30T02:02:55.700 0.0,0.0,0.0,0.0,0.0,0.0
2026-09-30T02:02:55.749 0.0,0.0,0.0,0.0,0.0,0.0
2026-09-30T02:02:55.800 0.0,0.0,0.0,0.0,0.0,0.0
2026-09-30T02:02:55.849 0.0,0.0,0.0,0.0,0.0,0.0
2026-09-30T02:02:55.900 0.0,0.0,0.0,0.0,0.0,0.0
2026-09-30T02:02:55.950 0.0,0.0,0.0,0.0,0.0,0.0
2026-09-30T02:02:56.000 0.0,0.0,0.0,0.0,0.0,0.0
2026-09-30T02:02:56.051 0.0,0.0,0.0,0.0,0.0,0.0
2026-09-30T02:02:56.100 0.0,0.0,0.0,0.0,0.0,0.0
2026-09-30T02:02:56.160 0.0,0.0,0.0,0.0,0.0,0.0
2026-09-30T02:02:56.200 0.0,0.0,0.0,0.0,0.0,0.0
2026-09-30T02:02:56.250 0.0,0.0,0.0,0.0,0.0,0.0
2026-09-30T02:02:56.300 0.0,0.0,0.0,0.0,0.0,0.0
2026-09-30T02:02:56.350 0.0,0.0,0.0,0.0,0.0,0.0
2026-09-30T02:02:56.400 0.0,0.0,0.0,0.0,0.0,0.0
2026-09-30T02:02:56.449 0.0,0.0,0.0,0.0,0.0,0.0
2026-09-30T02:02:56.500 0.0,0.0,0.0,0.0,0.0,0.0
2026-09-30T02:02:56.550 0.0,0.0,0.0,0.0,0.0,0.0
2026-09-30T02:02:56.600 0.0,0.0,0.0,0.0,0.0,0.0
2026-09-30T02:02:56.650 0.0,0.0,0.0,0.0,0.0,0.0
2026-09-30T02:02:56.700 0.0,0.0,0.0,0.0,0.0,0.0
2026-09-30T02:02:56.750 0.0,0.0,0.0,0.0,0.0,0.0
2026-09-30T02:02:56.800 0.0,0.0,0.0,0.0,0.0,0.0
2026-09-30T02:02:56.851 0.0,0.0,0.0,0.0,0.0,0.0
2026-09-30T02:02:56.900 0.0,0.0,0.0,0.0,0.0,0.0
2026-09-30T02:02:56.950 0.0,0.0,0.0,0.0,0.0,0.0
