2026-09-30T02:31:52.487 0.0,0.0,0.0,0.0,0.0,-0.2578947368421052
2026-09-30T02:31:52.535 0.0,0.0,0.0,0.0,0.0,-0.2578947368421052
2026-09-30T02:31:52.585 0.0,0.0,0.0,0.0,0.0,-0.2578947368421052
2026-09-30T02:31:52.635 0.0,0.0,0.0,0.0,0.0,-0.2578947368421052
2026-09-30T02:31:52.685 0.0,0.0,0.0,0.0,0.0,-0.2578947368421052
2026-09-30T02:31:52.735 0.0,0.0,0.0,0.0,0.0,-0.2578947368421052
2026-09-30T02:31:52.795 0.0,0.0,0.0,0.0,0.0,-0.2578947368421052
2026-09-30T02:31:52.835 0.0,0.0,0.0,0.0,0.0,-0.2578947368421052
2026-09-30T02:31:52.885 0.0,0.0,0.0,0.0,0.0,-0.2578947368421052
2026-09-30T02:31:52.934 0.0,0.0,0.0,0.0,0.0,-0.2578947368421052
2026-09-30T02:31:52.985 0.0,0.0,0.0,0.0,0.0,-0.2578947368421052
2026-09-30T02:31:53.035 0.0,0.0,0.0,0.0,0.0,-0.4178947368421052
2026-09-30T02:31:53.085 0.0,0.0,0.0,0.0,0.0,-0.5778947368421052
2026-09-30T02:31:53.136 0.0,0.0,0.0,0.0,0.0,-0.7
2026-09-30T02:31:53.185 0.0,0.0,0.0,0.0,0.0,-0.7
2026-09-30T02:31:53.235 0.0,0.0,0.0,0.0,0.0,-0.7
2026-09-30T02:31:53.285 0.0,0.0,0.0,0.0,0.0,-0.7
2026-09-30T02:31:53.335 0.0,0.0,0.0,0.0,0.0,-0.7
2026-09-30T02:31:53.385 0.0,0.0,0.0,0.0,0.0,-0.7
2026-09-30T02:31:53.435 0.0,0.0,0.0,0.0,0.0,-0.7
2026-09-30T02:31:53.485 0.0,0.0,0.0,0.0,0.0,-0.7
2026-09-30T02:31:53.535 0.0,0.0,0.0,0.0,0.0,-0.7
2026-09-30T02:31:53.585 0.0,0.0,0.0,0.0,0.0,-0.7
2026-09-30T02:31:53.635 0.0,0.0,0.0,0.0,0.0,-0.7
2026-09-30T02:31:53.685 0.0,0.0,0.0,0.0,0.0,-0.7
2026-09-30T02:31:53.735 0.0,0.0,0.0,0.0,0.0,-0.7
2026-09-30T02:31:53.785 0.0,0.0,0.0,0.0,0.0,-0.7
2026-09-30T02:31:53.835 0.0,0.0,0.0,0.0,0.0,-0.7
2026-09-30T02:31:53.885 0.0,0.0,0.0,0.0,0.0,-0.7
2026-09-30T02:31:53.935 0.0,0.0,0.0,0.0,0.0,-0.7
2026-09-30T02:31:53.985 0.0,0.0,0.0,0.0,0.0,-0.7
2026-09-30T02:31:54.035 0.0,0.0,0.0,0.0,0.0,-0.7
2026-09-30T02:31:54.085 0.0,0.0,0.0,0.0,0.0,-0.7
2026-09-30T02:31:54.135 0.0,0.0,0.0,0.0,0.0,-0.7
2026-09-30T02:31:54.185 0.0,0.0,0.0,0.0,0.0,-0.7
2026-09-30T02:31:54.234 0.0,0.0,0.0,0.0,0.0,-0.7
2026-09-30T02:31:54.285 0.0,0.0,0.0,0.0,0.0,-0.7
2026-09-30T02:31:54.335 0.0,0.0,0.0,0.0,0.0,-0.7
2026-09-30T02:31:54.385 0.0,0.0,0.0,0.0,0.0,-0.7
2026-09-30T02:31:54.435 0.0,0.0,0.0,0.0,0.0,-0.7
2026-09-30T02:31:54.485 0.0,0.0,0.0,0.0,0.0,-0.7
2026-09-30T02:31:54.535 0.0,0.0,0.0,0.0,0.0,-0.7
2026-09-30T02:31:54.585 0.0,0.0,0.0,0.0,0.0,-0.7
2026-09-30T02:31:54.635 0.0,0.0,0.0,0.0,0.0,-0.7
2026-09-30T02:31:54.685 0.0,0.0,0.0,0.0,0.0,-0.7
2026-09-30T02:31:54.735 0.0,0.0,0.0,0.0,0.0,-0.7
2026-09-30T02:31:54.785 0.0,0.0,0.0,0.0,0.0,-0.7
2026-09-30T02:31:54.835 0.0,0.0,0.0,0.0,0.0,-0.7
2026-09-30T02:31:54.884 0.0,0.0,0.0,0.0,0.0,-0.7
2026-09-30T02:31:54.935 0.0,0.0,0.0,0.0,0.0,-0.7
2026-09-30T02:31:54.984 0.0,0.0,0.0,0.0,0.0,-0.7
2026-09-30T02:31:55.035 0.0,0.0,0.0,0.0,0.0,-0.7
2026-09-30T02:31:55.095 0.0,0.0,0.0,0.0,0.0,-0.7
2026-09-30T02:31:55.135 0.0,0.0,0.0,0.0,0.0,-0.7
2026-09-30T02:31:55.186 0.0,0.0,0.0,0.0,0.0,-0.7
2026-09-30T02:31:55.235 0.0,0.0,0.0,0.0,0.0,-0.6263157894736842
2026-09-30T02:31:55.285 0.0,0.0,0.0,0.0,0.0,-0.6263157894736842
2026-09-30T02:31:55.335 0.0,0.0,0.0,0.0,0.0,-0.6263157894736842
2026-09-30T02:31:55.385 0.0,0.0,0.0,0.0,0.0,-0.6263157894736842
2026-09-30T02:31:55.434 0.0,0.0,0.0,0.0,0.0,-0.6263157894736842
2026-09-30T02:31:55.485 0.0,0.0,0.0,0.0,0.0,-0.6263157894736842
2026-09-30T02:31:56.402 0.0,0.0,0.0,0.0,0.0,-0.6263157894736842
2026-09-30T02:31:56.452 0.0,0.0,0.0,0.0,0.0,-0.6263157894736842
2026-09-30T02:31:57.735 0.0,0.0,0.0,0.0,0.0,-0.6263157894736842
2026-09-30T02:31:57.785 0.0,0.0,0.0,0.0,0.0,-0.6263157894736842
2026-09-30T02:31:57.835 0.0,0.0,0.0,0.0,0.0,-0.6263157894736842
2026-09-30T02:31:57.885 0.0,0.0,0.0,0.0,0.0,-0.6263157894736842
2026-09-30T02:31:57.936 0.0,0.0,0.0,0.0,0.0,-0.6263157894736842
2026-09-30T02:31:57.985 0.0,0.0,0.0,0.0,0.0,-0.6263157894736842
2026-09-30T02:31:58.035 0.0,0.0,0.0,0.0,0.0,-0.6263157894736842
2026-09-30T02:31:58.086 0.0,0.0,0.0,0.0,0.0,-0.6263157894736842
2026-09-30T02:31:58.135 0.0,0.0,0.0,0.0,0.0,-0.7
2026-09-30T02:31:58.186 0.0,0.0,0.0,0.0,0.0,-0.7
2026-09-30T02:31:58.235 0.0,0.0,0.0,0.0,0.0,-0.7
2026-09-30T02:31:58.285 0.0,0.0,0.0,0.0,0.0,-0.7
2026-09-30T02:31:58.336 0.0,0.0,0.0,0.0,0.0,-0.7
2026-09-30T02:31:58.386 0.0,0.0,0.0,0.0,0.0,-0.7
2026-09-30T02:31:58.435 0.0,0.0,0.0,0.0,0.0,-0.7
2026-09-30T02:31:58.495 0.0,0.0,0.0,0.0,0.0,-0.7
2026-09-30T02:31:58.535 0.0,0.0,0.0,0.0,0.0,-0.7
2026-09-30T02:31:58.585 0.0,0.0,0.0,0.0,0.0,-0.7
2026-09-30T02:31:58.635 0.0,0.0,0.0,0.0,0.0,-0.7
2026-09-30T02:31:58.685 0.0,0.0,0.0,0.0,0.0,-0.7
2026-09-30T02:31:58.736 0.0,0.0,0.0,0.0,0.0,-0.7
2026-09-30T02:31:58.796 0.0,0.0,0.0,0.0,0.0,-0.5399999999999999
2026-09-30T02:31:58.835 0.0,0.0,0.0,0.0,0.0,-0.3799999999999999
2026-09-30T02:31:58.885 0.0,0.0,0.0,0.0,0.0,-0.2199999999999999
2026-09-30T02:31:58.935 0.0,0.0,0.0,0.0,0.0,-0.05999999999999989
2026-09-30T02:31:58.986 0.0,0.0,0.0,0.0,0.0,0.10000000000000012
2026-09-30T02:31:59.036 0.0,0.0,0.0,0.0,0.0,0.2600000000000001
2026-09-30T02:31:59.085 0.0,0.0,0.0,0.0,0.0,0.42000000000000015
2026-09-30T02:31:59.135 0.0,0.0,0.0,0.0,0.0,0.5800000000000002
2026-09-30T02:31:59.185 0.0,0.0,0.0,0.0,0.0,0.7
2026-09-30T02:31:59.236 0.0,0.0,0.0,0.0,0.0,0.7
2026-09-30T02:31:59.285 0.0,0.0,0.0,0.0,0.0,0.7
2026-09-30T02:31:59.336 0.0,0.0,0.0,0.0,0.0,0.7
2026-09-30T02:31:59.385 0.0,0.0,0.0,0.0,0.0,0.7
2026-09-30T02:31:59.435 0.0,0.0,0.0,0.0,0.0,0.7
2026-09-30T02:31:59.486 0.0,0.0,0.0,0.0,0.0,0.7
2026-09-30T02:31:59.536 0.0,0.0,0.0,0.0,0.0,0.7
2026-09-30T02:31:59.585 0.0,0.0,0.0,0.0,0.0,0.7
2026-09-30T02:31:59.635 0.0,0.0,0.0,0.0,0.0,0.7
2026-09-30T02:31:59.687 0.0,0.0,0.0,0.0,0.0,0.5399999999999999
2026-09-30T02:31:59.735 0.0,0.0,0.0,0.0,0.0,0.3799999999999999
2026-09-30T02:31:59.785 0.0,0.0,0.0,0.0,0.0,0.2199999999999999
2026-09-30T02:31:59.835 0.0,0.0,0.0,0.0,0.0,0.05999999999999989
2026-09-30T02:31:59.885 0.0,0.0,0.0,0.0,0.0,-0.10000000000000012
2026-09-30T02:31:59.935 0.0,0.0,0.0,0.0,0.0,-0.2600000000000001
2026-09-30T02:31:59.985 0.0,0.0,0.0,0.0,0.0,-0.42000000000000015
2026-09-30T02:32:00.045 0.0,0.0,0.0,0.0,0.0,-0.5800000000000002
2026-09-30T02:32:00.085 0.0,0.0,0.0,0.0,0.0,-0.7
2026-09-30T02:32:00.136 0.0,0.0,0.0,0.0,0.0,-0.7
2026-09-30T02:32:00.195 0.0,0.0,0.0,0.0,0.0,-0.7
2026-09-30T02:32:00.235 0.0,0.0,0.0,0.0,0.0,-0.7
2026-09-30T02:32:00.286 0.0,0.0,0.0,0.0,0.0,-0.7
2026-09-30T02:32:00.335 0.0,0.0,0.0,0.0,0.0,-0.7
2026-09-30T02:32:00.386 0.0,0.0,0.0,0.0,0.0,-0.7
2026-09-30T02:32:00.437 0.0,0.0,0.0,0.0,0.0,-0.7
2026-09-30T02:32:00.486 0.0,0.0,0.0,0.0,0.0,-0.7
2026-09-30T02:32:00.535 0.0,0.0,0.0,0.0,0.0,-0.7
2026-09-30T02:32:00.585 0.0,0.0,0.0,0.0,0.0,-0.7
2026-09-30T02:32:00.635 0.0,0.0,0.0,0.0,0.0,-0.7
2026-09-30T02:32:00.685 0.0,0.0,0.0,0.0,0.0,-0.7
2026-09-30T02:32:00.735 0.0,0.0,0.0,0.0,0.0,-0.7
2026-09-30T02:32:00.785 0.0,0.0,0.0,0.0,0.0,-0.7
2026-09-30T02:32:00.846 0.0,0.0,0.0,0.0,0.0,-0.5399999999999999
2026-09-30T02:32:00.885 0.0,0.0,0.0,0.0,0.0,-0.47894736842105257
2026-09-30T02:32:00.935 0.0,0.0,0.0,0.0,0.0,-0.47894736842105257
2026-09-30T02:32:00.985 0.0,0.0,0.0,0.0,0.0,-0.47894736842105257
2026-09-30T02:32:01.036 0.0,0.0,0.0,0.0,0.0,-0.47894736842105257
2026-09-30T02:32:01.086 0.0,0.0,0.0,0.0,0.0,-0.47894736842105257
2026-09-30T02:32:01.135 0.0,0.0,0.0,0.0,0.0,-0.47894736842105257
2026-09-30T02:32:01.186 0.0,0.0,0.0,0.0,0.0,-0.47894736842105257
2026-09-30T02:32:01.235 0.0,0.0,0.0,0.0,0.0,-0.40526315789473677
2026-09-30T02:32:01.285 0.0,0.0,0.0,0.0,0.0,-0.40526315789473677
2026-09-30T02:32:01.335 0.0,0.0,0.0,0.0,0.0,-0.40526315789473677
2026-09-30T02:32:01.386 0.0,0.0,0.0,0.0,0.0,-0.40526315789473677
2026-09-30T02:32:01.435 0.0,0.0,0.0,0.0,0.0,-0.40526315789473677
2026-09-30T02:32:01.486 0.0,0.0,0.0,0.0,0.0,-0.40526315789473677
2026-09-30T02:32:01.536 0.0,0.0,0.0,0.0,0.0,-0.40526315789473677
2026-09-30T02:32:01.585 0.0,0.0,0.0,0.0,0.0,-0.40526315789473677
2026-09-30T02:32:01.635 0.0,0.0,0.0,0.0,0.0,-0.40526315789473677
2026-09-30T02:32:01.695 0.0,0.0,0.0,0.0,0.0,-0.40526315789473677
2026-09-30T02:32:01.736 0.0,0.0,0.0,0.0,0.0,-0.40526315789473677
2026-09-30T02:32:01.786 0.0,0.0,0.0,0.0,0.0,-0.40526315789473677
2026-09-30T02:32:01.835 0.0,0.0,0.0,0.0,0.0,-0.40526315789473677
2026-09-30T02:32:01.885 0.0,0.0,0.0,0.0,0.0,-0.40526315789473677
2026-09-30T02:32:01.936 0.0,0.0,0.0,0.0,0.0,-0.40526315789473677
2026-09-30T02:32:01.985 0.0,0.0,0.0,0.0,0.0,-0.40526315789473677
2026-09-30T02:32:02.035 0.0,0.0,0.0,0.0,0.0,-0.331578947368421
2026-09-30T02:32:02.085 0.0,0.0,0.0,0.0,0.0,-0.331578947368421
2026-09-30T02:32:02.135 0.0,0.0,0.0,0.0,0.0,-0.331578947368421
2026-09-30T02:32:02.185 0.0,0.0,0.0,0.0,0.0,-0.331578947368421
2026-09-30T02:32:02.236 0.0,0.0,0.0,0.0,0.0,-0.331578947368421
2026-09-30T02:32:02.285 0.0,0.0,0.0,0.0,0.0,-0.331578947368421
2026-09-30T02:32:02.335 0.0,0.0,0.0,0.0,0.0,-0.331578947368421
2026-09-30T02:32:02.385 0.0,0.0,0.0,0.0,0.0,-0.331578947368421
2026-09-30T02:32:02.436 0.0,0.0,0.0,0.0,0.0,-0.331578947368421
2026-09-30T02:32:02.496 0.0,0.0,0.0,0.0,0.0,-0.331578947368421
2026-09-30T02:32:02.536 0.0,0.0,0.0,0.0,0.0,-0.331578947368421
2026-09-30T02:32:02.585 0.0,0.0,0.0,0.0,0.0,-0.331578947368421
2026-09-30T02:32:02.636 0.0,0.0,0.0,0.0,0.0,-0.331578947368421
2026-09-30T02:32:02.685 0.0,0.0,0.0,0.0,0.0,-0.331578947368421
2026-09-30T02:32:02.736 0.0,0.0,0.0,0.0,0.0,-0.331578947368421
2026-09-30T02:32:02.785 0.0,0.0,0.0,0.0,0.0,-0.331578947368421
2026-09-30T02:32:02.835 0.0,0.0,0.0,0.0,0.0,-0.331578947368421
2026-09-30T02:32:02.885 0.0,0.0,0.0,0.0,0.0,-0.331578947368421
2026-09-30T02:32:02.935 0.0,0.0,0.0,0.0,0.0,-0.331578947368421
2026-09-30T02:32:02.985 0.0,0.0,0.0,0.0,0.0,-0.2578947368421052
2026-09-30T02:32:03.035 0.0,0.0,0.0,0.0,0.0,-0.2578947368421052
2026-09-30T02:32:03.085 0.0,0.0,0.0,0.0,0.0,-0.2578947368421052
2026-09-30T02:32:03.135 0.0,0.0,0.0,0.0,0.0,-0.2578947368421052
2026-09-30T02:32:03.185 0.0,0.0,0.0,0.0,0.0,-0.2578947368421052
2026-09-30T02:32:03.236 0.0,0.0,0.0,0.0,0.0,-0.2578947368421052
2026-09-30T02:32:03.287 0.0,0.0,0.0,0.0,0.0,-0.2578947368421052
2026-09-30T02:32:03.335 0.0,0.0,0.0,0.0,0.0,-0.2578947368421052
2026-09-30T02:32:03.385 0.0,0.0,0.0,0.0,0.0,-0.2578947368421052
2026-09-30T02:32:03.436 0.0,0.0,0.0,0.0,0.0,-0.2578947368421052
2026-09-30T02:32:03.485 0.0,0.0,0.0,0.0,0.0,-0.2578947368421052
2026-09-30T02:32:03.537 0.0,0.0,0.0,0.0,0.0,-0.2578947368421052
2026-09-30T02:32:03.596 0.0,0.0,0.0,0.0,0.0,-0.2578947368421052
2026-09-30T02:32:03.636 0.0,0.0,0.0,0.0,0.0,-0.2578947368421052
2026-09-30T02:32:03.685 0.0,0.0,0.0,0.0,0.0,-0.2578947368421052
2026-09-30T02:32:03.735 0.0,0.0,0.0,0.0,0.0,-0.2578947368421052
2026-09-30T02:32:03.785 0.0,0.0,0.0,0.0,0.0,-0.4178947368421052
2026-09-30T02:32:03.835 0.0,0.0,0.0,0.0,0.0,-0.5778947368421052
2026-09-30T02:32:03.887 0.0,0.0,0.0,0.0,0.0,-0.7
2026-09-30T02:32:03.935 0.125,0.0,0.0,0.0,0.0,-0.6263157894736842
2026-09-30T02:32:03.986 0.25,0.0,0.0,0.0,0.0,-0.6263157894736842
2026-09-30T02:32:04.036 0.375,0.0,0.0,0.0,0.0,-0.6263157894736842
2026-09-30T02:32:04.086 0.5,0.0,0.0,0.0,0.0,-0.6263157894736842
2026-09-30T02:32:04.135 0.625,0.0,0.0,0.0,0.0,-0.7
2026-09-30T02:32:04.185 0.673684210526316,0.0,0.0,0.0,0.0,-0.7
2026-09-30T02:32:04.235 0.673684210526316,0.0,0.0,0.0,0.0,-0.7
2026-09-30T02:32:04.285 0.673684210526316,0.0,0.0,0.0,0.0,-0.7
2026-09-30T02:32:04.336 0.673684210526316,0.0,0.0,0.0,0.0,-0.7
2026-09-30T02:32:04.385 0.673684210526316,0.0,0.0,0.0,0.0,-0.7
2026-09-30T02:32:04.435 0.673684210526316,0.0,0.0,0.0,0.0,-0.7
2026-09-30T02:32:04.485 0.673684210526316,0.0,0.0,0.0,0.0,-0.7
2026-09-30T02:32:04.535 0.673684210526316,0.0,0.0,0.0,0.0,-0.7
2026-09-30T02:32:04.585 0.673684210526316,0.0,0.0,0.0,0.0,-0.7
2026-09-30T02:32:04.635 0.673684210526316,0.0,0.0,0.0,0.0,-0.7
2026-09-30T02:32:04.685 0.673684210526316,0.0,0.0,0.0,0.0,-0.7
2026-09-30T02:32:04.735 0.673684210526316,0.0,0.0,0.0,0.0,-0.7
2026-09-30T02:32:04.785 0.673684210526316,0.0,0.0,0.0,0.0,-0.7
2026-09-30T02:32:04.836 0.673684210526316,0.0,0.0,0.0,0.0,-0.7
2026-09-30T02:32:04.885 0.673684210526316,0.0,0.0,0.0,0.0,-0.7
2026-09-30T02:32:04.935 0.6315789473684212,0.0,0.0,0.0,0.0,-0.7
2026-09-30T02:32:04.985 0.6315789473684212,0.0,0.0,0.0,0.0,-0.7
2026-09-30T02:32:05.035 0.6315789473684212,0.0,0.0,0.0,0.0,-0.7
2026-09-30T02:32:05.085 0.6315789473684212,0.0,0.0,0.0,0.0,-0.7
2026-09-30T02:32:05.135 0.6315789473684212,0.0,0.0,0.0,0.0,-0.7
2026-09-30T02:32:05.186 0.6315789473684212,0.0,0.0,0.0,0.0,-0.7
2026-09-30T02:32:05.236 0.6315789473684212,0.0,0.0,0.0,0.0,-0.7
2026-09-30T02:32:05.296 0.6315789473684212,0.0,0.0,0.0,0.0,-0.7
2026-09-30T02:32:05.336 0.6315789473684212,0.0,0.0,0.0,0.0,-0.7
2026-09-30T02:32:05.386 0.673684210526316,0.0,0.0,0.0,0.0,-0.7
2026-09-30T02:32:05.436 0.673684210526316,0.0,0.0,0.0,0.0,-0.7
2026-09-30T02:32:05.485 0.673684210526316,0.0,0.0,0.0,0.0,-0.7
2026-09-30T02:32:05.536 0.673684210526316,0.0,0.0,0.0,0.0,-0.7
2026-09-30T02:32:05.586 0.673684210526316,0.0,0.0,0.0,0.0,-0.7
2026-09-30T02:32:05.637 0.673684210526316,0.0,0.0,0.0,0.0,-0.7
2026-09-30T02:32:05.686 0.673684210526316,0.0,0.0,0.0,0.0,-0.7
2026-09-30T02:32:05.735 0.673684210526316,0.0,0.0,0.0,0.0,-0.7
2026-09-30T02:32:05.785 0.673684210526316,0.0,0.0,0.0,0.0,-0.7
2026-09-30T02:32:05.835 0.673684210526316,0.0,0.0,0.0,0.0,-0.7
2026-09-30T02:32:05.885 0.6315789473684212,0.0,0.0,0.0,0.0,-0.7
2026-09-30T02:32:05.936 0.6315789473684212,0.0,0.0,0.0,0.0,-0.7
2026-09-30T02:32:05.985 0.6315789473684212,0.0,0.0,0.0,0.0,-0.7
2026-09-30T02:32:06.036 0.6315789473684212,0.0,0.0,0.0,0.0,-0.7
2026-09-30T02:32:06.095 0.6315789473684212,0.0,0.0,0.0,0.0,-0.7
2026-09-30T02:32:06.135 0.6315789473684212,0.0,0.0,0.0,0.0,-0.7
2026-09-30T02:32:06.185 0.5894736842105265,0.0,0.0,0.0,0.0,-0.7
2026-09-30T02:32:06.235 0.5894736842105265,0.0,0.0,0.0,0.0,-0.6263157894736842
2026-09-30T02:32:06.285 0.5894736842105265,0.0,0.0,0.0,0.0,-0.6263157894736842
2026-09-30T02:32:06.335 0.6315789473684212,0.0,0.0,0.0,0.0,-0.7
2026-09-30T02:32:06.385 0.6315789473684212,0.0,0.0,0.0,0.0,-0.7
2026-09-30T02:32:06.435 0.5473684210526317,0.0,0.0,0.0,0.0,-0.7
2026-09-30T02:32:06.486 0.5473684210526317,0.0,0.0,0.0,0.0,-0.7
2026-09-30T02:32:06.535 0.5894736842105265,0.0,0.0,0.0,0.0,-0.7
2026-09-30T02:32:06.585 0.5894736842105265,0.0,0.0,0.0,0.0,-0.7
2026-09-30T02:32:06.635 0.5894736842105265,0.0,0.0,0.0,0.0,-0.7
2026-09-30T02:32:06.686 0.5894736842105265,0.0,0.0,0.0,0.0,-0.7
2026-09-30T02:32:06.736 0.5894736842105265,0.0,0.0,0.0,0.0,-0.7
2026-09-30T02:32:06.785 0.5894736842105265,0.0,0.0,0.0,0.0,-0.7
2026-09-30T02:32:06.835 0.5894736842105265,0.0,0.0,0.0,0.0,-0.7
2026-09-30T02:32:06.885 0.5894736842105265,0.0,0.0,0.0,0.0,-0.7
2026-09-30T02:32:06.935 0.5894736842105265,0.0,0.0,0.0,0.0,-0.7
2026-09-30T02:32:06.985 0.5473684210526317,0.0,0.0,0.0,0.0,-0.7
2026-09-30T02:32:07.036 0.5473684210526317,0.0,0.0,0.0,0.0,-0.7
2026-09-30T02:32:07.086 0.5473684210526317,0.0,0.0,0.0,0.0,-0.7
2026-09-30T02:32:07.135 0.5473684210526317,0.0,0.0,0.0,0.0,-0.7
2026-09-30T02:32:07.185 0.5894736842105265,0.0,0.0,0.0,0.0,-0.7
2026-09-30T02:32:07.235 0.5894736842105265,0.0,0.0,0.0,0.0,-0.7
2026-09-30T02:32:07.286 0.5894736842105265,0.0,0.0,0.0,0.0,-0.7
2026-09-30T02:32:07.335 0.5894736842105265,0.0,0.0,0.0,0.0,-0.7
2026-09-30T02:32:07.386 0.5894736842105265,0.0,0.0,0.0,0.0,-0.7
2026-09-30T02:32:07.436 0.6315789473684212,0.0,0.0,0.0,0.0,-0.7
2026-09-30T02:32:07.485 0.6315789473684212,0.0,0.0,0.0,0.0,-0.7
2026-09-30T02:32:07.535 0.5065789473684212,0.0,0.0,0.0,0.0,-0.7
2026-09-30T02:32:07.585 0.5894736842105265,0.0,0.0,0.0,0.0,-0.7
2026-09-30T02:32:07.636 0.5894736842105265,0.0,0.0,0.0,0.0,-0.7
2026-09-30T02:32:07.685 0.5473684210526317,0.0,0.0,0.0,0.0,-0.7
2026-09-30T02:32:07.736 0.5473684210526317,0.0,0.0,0.0,0.0,-0.7
2026-09-30T02:32:07.785 0.5473684210526317,0.0,0.0,0.0,0.0,-0.7
2026-09-30T02:32:07.835 0.5473684210526317,0.0,0.0,0.0,0.0,-0.7
2026-09-30T02:32:07.885 0.5473684210526317,0.0,0.0,0.0,0.0,-0.7
2026-09-30T02:32:07.937 0.5473684210526317,0.0,0.0,0.0,0.0,-0.7
2026-09-30T02:32:07.985 0.5473684210526317,0.0,0.0,0.0,0.0,-0.7
2026-09-30T02:32:08.035 0.6315789473684212,0.0,0.0,0.0,0.0,-0.7
2026-09-30T02:32:08.085 0.6315789473684212,0.0,0.0,0.0,0.0,-0.7
2026-09-30T02:32:08.135 0.6315789473684212,0.0,0.0,0.0,0.0,-0.7
2026-09-30T02:32:08.185 0.6315789473684212,0.0,0.0,0.0,0.0,-0.7
2026-09-30T02:32:08.235 0.6315789473684212,0.0,0.0,0.0,0.0,-0.7
2026-09-30T02:32:08.285 0.5894736842105265,0.0,0.0,0.0,0.0,-0.7
2026-09-30T02:32:08.335 0.5894736842105265,0.0,0.0,0.0,0.0,-0.7
2026-09-30T02:32:08.385 0.673684210526316,0.0,0.0,0.0,0.0,-0.7
2026-09-30T02:32:08.436 0.673684210526316,0.0,0.0,0.0,0.0,-0.7
2026-09-30T02:32:08.485 0.673684210526316,0.0,0.0,0.0,0.0,-0.7
2026-09-30T02:32:08.536 0.6315789473684212,0.0,0.0,0.0,0.0,-0.7
2026-09-30T02:32:08.585 0.7157894736842108,0.0,0.0,0.0,0.0,-0.7
2026-09-30T02:32:08.635 0.7157894736842108,0.0,0.0,0.0,0.0,-0.7
2026-09-30T02:32:08.686 0.7578947368421055,0.0,0.0,0.0,0.0,-0.7
2026-09-30T02:32:08.735 0.7578947368421055,0.0,0.0,0.0,0.0,-0.7
2026-09-30T02:32:08.785 0.7578947368421055,0.0,0.0,0.0,0.0,-0.7
2026-09-30T02:32:08.836 0.8,0.0,0.0,0.0,0.0,-0.7
2026-09-30T02:32:08.885 0.7578947368421055,0.0,0.0,0.0,0.0,-0.7
2026-09-30T02:32:08.935 0.7157894736842108,0.0,0.0,0.0,0.0,-0.7
2026-09-30T02:32:08.985 0.7157894736842108,0.0,0.0,0.0,0.0,-0.7
2026-09-30T02:32:09.036 0.8,0.0,0.0,0.0,0.0,-0.7
2026-09-30T02:32:09.086 0.8,0.0,0.0,0.0,0.0,-0.7
2026-09-30T02:32:09.135 0.8,0.0,0.0,0.0,0.0,-0.7
2026-09-30T02:32:09.185 0.8,0.0,0.0,0.0,0.0,-0.7
2026-09-30T02:32:09.236 0.8,0.0,0.0,0.0,0.0,-0.7
2026-09-30T02:32:09.296 0.8,0.0,0.0,0.0,0.0,-0.7
2026-09-30T02:32:09.336 0.8,0.0,0.0,0.0,0.0,-0.7
2026-09-30T02:32:09.386 0.8,0.0,0.0,0.0,0.0,-0.6263157894736842
2026-09-30T02:32:09.435 0.8,0.0,0.0,0.0,0.0,-0.6263157894736842
2026-09-30T02:32:09.485 0.8,0.0,0.0,0.0,0.0,-0.6263157894736842
2026-09-30T02:32:09.535 0.8,0.0,0.0,0.0,0.0,-0.6263157894736842
2026-09-30T02:32:09.586 0.8,0.0,0.0,0.0,0.0,-0.6263157894736842
2026-09-30T02:32:09.636 0.8,0.0,0.0,0.0,0.0,-0.6263157894736842
2026-09-30T02:32:09.685 0.8,0.0,0.0,0.0,0.0,-0.6263157894736842
2026-09-30T02:32:09.736 0.8,0.0,0.0,0.0,0.0,-0.6263157894736842
2026-09-30T02:32:09.785 0.8,0.0,0.0,0.0,0.0,-0.6263157894736842
2026-09-30T02:32:09.836 0.8,0.0,0.0,0.0,0.0,-0.6263157894736842
2026-09-30T02:32:09.886 0.8,0.0,0.0,0.0,0.0,-0.6263157894736842
2026-09-30T02:32:09.935 0.8,0.0,0.0,0.0,0.0,-0.5526315789473684
2026-09-30T02:32:09.987 0.8,0.0,0.0,0.0,0.0,-0.5526315789473684
2026-09-30T02:32:10.036 0.8,0.0,0.0,0.0,0.0,-0.5526315789473684
2026-09-30T02:32:10.085 0.8,0.0,0.0,0.0,0.0,-0.5526315789473684
2026-09-30T02:32:10.135 0.8,0.0,0.0,0.0,0.0,-0.47894736842105257
2026-09-30T02:32:10.186 0.8,0.0,0.0,0.0,0.0,-0.47894736842105257
2026-09-30T02:32:10.235 0.8,0.0,0.0,0.0,0.0,-0.47894736842105257
2026-09-30T02:32:10.285 0.8,0.0,0.0,0.0,0.0,-0.47894736842105257
2026-09-30T02:32:10.336 0.8,0.0,0.0,0.0,0.0,-0.47894736842105257
2026-09-30T02:32:10.385 0.8,0.0,0.0,0.0,0.0,-0.47894736842105257
2026-09-30T02:32:10.436 0.8,0.0,0.0,0.0,0.0,-0.47894736842105257
2026-09-30T02:32:10.485 0.8,0.0,0.0,0.0,0.0,-0.47894736842105257
2026-09-30T02:32:10.535 0.8,0.0,0.0,0.0,0.0,-0.40526315789473677
2026-09-30T02:32:10.585 0.8,0.0,0.0,0.0,0.0,-0.40526315789473677
2026-09-30T02:32:10.635 0.8,0.0,0.0,0.0,0.0,-0.331578947368421
2026-09-30T02:32:10.685 0.8,0.0,0.0,0.0,0.0,-0.331578947368421
2026-09-30T02:32:10.735 0.8,0.0,0.0,0.0,0.0,-0.331578947368421
2026-09-30T02:32:10.785 0.8,0.0,0.0,0.0,0.0,-0.331578947368421
2026-09-30T02:32:10.835 0.8,0.0,0.0,0.0,0.0,-0.331578947368421
2026-09-30T02:32:10.886 0.8,0.0,0.0,0.0,0.0,-0.331578947368421
2026-09-30T02:32:10.936 0.8,0.0,0.0,0.0,0.0,-0.331578947368421
2026-09-30T02:32:10.986 0.8,0.0,0.0,0.0,0.0,-0.2578947368421052
2026-09-30T02:32:11.036 0.8,0.0,0.0,0.0,0.0,-0.2578947368421052
2026-09-30T02:32:11.085 0.8,0.0,0.0,0.0,0.0,-0.2578947368421052
2026-09-30T02:32:11.135 0.8,0.0,0.0,0.0,0.0,-0.2578947368421052
2026-09-30T02:32:11.185 0.8,0.0,0.0,0.0,0.0,-0.2578947368421052
2026-09-30T02:32:11.236 0.8,0.0,0.0,0.0,0.0,-0.2578947368421052
2026-09-30T02:32:11.285 0.8,0.0,0.0,0.0,0.0,-0.2578947368421052
2026-09-30T02:32:11.336 0.675,0.0,0.0,0.0,0.0,-0.09789473684210517
2026-09-30T02:32:11.385 0.55,0.0,0.0,0.0,0.0,0.0
2026-09-30T02:32:11.436 0.42500000000000004,0.0,0.0,0.0,0.0,0.0
2026-09-30T02:32:11.485 0.30000000000000004,0.0,0.0,0.0,0.0,0.0
2026-09-30T02:32:11.536 0.17500000000000004,0.0,0.0,0.0,0.0,0.0
2026-09-30T02:32:11.586 0.050000000000000044,0.0,0.0,0.0,0.0,0.0
2026-09-30T02:32:11.636 0.0,0.0,0.0,0.0,0.0,0.0
2026-09-30T02:32:11.686 0.0,0.0,0.0,0.0,0.0,0.0
2026-09-30T02:32:11.736 0.0,0.0,0.0,0.0,0.0,0.0
2026-09-30T02:32:11.786 0.0,0.0,0.0,0.0,0.0,0.0
2026-09-30T02:32:11.836 0.0,0.0,0.0,0.0,0.0,0.0
2026-09-30T02:32:11.885 0.0,0.0,0.0,0.0,0.0,0.0
2026-09-30T02:32:11.936 0.0,0.0,0.0,0.0,0.0,0.0
2026-09-30T02:32:11.986 0.0,0.0,0.0,0.0,0.0,0.0
2026-09-30T02:32:12.036 0.0,0.0,0.0,0.0,0.0,0.0
2026-09-30T02:32:12.085 0.0,0.0,0.0,0.0,0.0,0.0
2026-09-30T02:32:12.136 0.0,0.0,0.0,0.0,0.0,0.0
2026-09-30T02:32:12.196 0.0,0.0,0.0,0.0,0.0,0.0
2026-09-30T02:32:12.236 0.0,0.0,0.0,0.0,0.0,0.0
2026-09-30T02:32:12.286 0.0,0.0,0.0,0.0,0.0,0.0
2026-09-30T02:32:12.336 0.0,0.0,0.0,0.0,0.0,0.0
2026-09-30T02:32:12.386 0.0,0.0,0.0,0.0,0.0,0.0
2026-09-30T02:32:12.436 0.0,0.0,0.0,0.0,0.0,0.0
2026-09-30T02:32:12.486 0.0,0.0,0.0,0.0,0.0,0.0
2026-09-30T02:32:12.535 0.0,0.0,0.0,0.0,0.0,0.0
2026-09-30T02:32:12.586 0.0,0.0,0.0,0.0,0.0,0.0
2026-09-30T02:32:12.636 0.0,0.0,0.0,0.0,0.0,0.0
2026-09-30T02:32:12.685 0.0,0.0,0.0,0.0,0.0,0.0
2026-09-30T02:32:12.736 0.0,0.0,0.0,0.0,0.0,0.0
2026-09-30T02:32:12.786 0.0,0.0,0.0,0.0,0.0,0.0
2026-09-30T02:32:12.836 0.0,0.0,0.0,0.0,0.0,0.0
2026-09-30T02:32:12.885 0.0,0.0,0.0,0.0,0.0,0.0
2026-09-30T02:32:12.936 0.0,0.0,0.0,0.0,0.0,0.0
2026-09-30T02:32:12.986 0.0,0.0,0.0,0.0,0.0,0.0
2026-09-30T02:32:13.036 0.0,0.0,0.0,0.0,0.0,0.0
2026-09-30T02:32:13.086 0.0,0.0,0.0,0.0,0.0,0.0
2026-09-30T02:32:13.136 0.0,0.0,0.0,0.0,0.0,0.0
2026-09-30T02:32:13.187 0.0,0.0,0.0,0.0,0.0,0.0
2026-09-30T02:32:13.236 0.0,0.0,0.0,0.0,0.0,0.0
2026-09-30T02:32:13.286 0.0,0.0,0.0,0.0,0.0,0.0
2026-09-30T02:32:13.336 0.0,0.0,0.0,0.0,0.0,0.0
2026-09-30T02:32:13.385 0.0,0.0,0.0,0.0,0.0,0.0
2026-09-30T02:32:13.435 0.0,0.0,0.0,0.0,0.0,0.0
2026-09-30T02:32:13.485 0.0,0.0,0.0,0.0,0.0,0.0
2026-09-30T02:32:13.536 0.0,0.0,0.0,0.0,0.0,0.0
2026-09-30T02:32:13.585 0.0,0.0,0.0,0.0,0.0,0.0
2026-09-30T02:32:13.636 0.0,0.0,0.0,0.0,0.0,0.0
2026-09-30T02:32:13.686 0.0,0.0,0.0,0.0,0.0,0.0
2026-09-30T02:32:13.736 0.0,0.0,0.0,0.0,0.0,0.0
2026-09-30T02:32:13.786 0.0,0.0,0.0,0.0,0.0,0.0
2026-09-30T02:32:13.835 0.0,0.0,0.0,0.0,0.0,0.0
2026-09-30T02:32:13.885 0.0,0.0,0.0,0.0,0.0,0.0
2026-09-30T02:32:13.937 0.0,0.0,0.0,0.0,0.0,0.0
2026-09-30T02:32:13.986 0.0,0.0,0.0,0.0,0.0,0.0
2026-09-30T02:32:14.036 0.0,0.0,0.0,0.0,0.0,0.0
2026-09-30T02:32:14.086 0.0,0.0,0.0,0.0,0.0,0.0
2026-09-30T02:32:14.136 0.0,0.0,0.0,0.0,0.0,0.0
2026-09-30T02:32:14.185 0.0,0.0,0.0,0.0,0.0,0.0
2026-09-30T02:32:14.236 0.0,0.0,0.0,0.0,0.0,0.0
2026-09-30T02:32:14.285 0.0,0.0,0.0,0.0,0.0,0.0
2026-09-30T02:32:14.335 0.0,0.0,0.0,0.0,0.0,0.0
2026-09-30T02:32:14.385 0.0,0.0,0.0,0.0,0.0,0.0
2026-09-30T02:32:14.436 0.0,0.0,0.0,0.0,0.0,0.0
2026-09-30T02:32:14.496 0.0,0.0,0.0,0.0,0.0,0.0
2026-09-30T02:32:14.536 0.0,0.0,0.0,0.0,0.0,0.0
2026-09-30T02:32:14.586 0.0,0.0,0.0,0.0,0.0,0.0
2026-09-30T02:32:14.636 0.0,0.0,0.0,0.0,0.0,0.0
2026-09-30T02:32:14.685 0.0,0.0,0.0,0.0,0.0,0.0
2026-09-30T02:32:14.736 0.0,0.0,0.0,0.0,0.0,0.0
2026-09-30T02:32:14.786 0.0,0.0,0.0,0.0,0.0,0.0
2026-09-30T02:32:14.836 0.0,0.0,0.0,0.0,0.0,0.0
