2026-09-30T02:31:50.360 0.00786255822054626,-3.7784671499002487e-07,-1.2342146017860575e-05,-3.340576165280211e-07,9.231456789588509e-08,-4.909046004839453e-06,0.9999999999878906
2026-09-30T02:31:50.418 0.007880201149785248,-3.776245911067949e-07,-1.2384942573079392e-05,-2.75094191968496e-07,-4.854798406571343e-08,-1.3412821235905326e-05,0.9999999999100091
2026-09-30T02:31:50.498 0.007897844151206068,-4.966117485630698e-07,-1.238303568109524e-05,-3.451175906618426e-07,8.230317369155751e-08,-3.88103273655871e-06,0.9999999999924059
2026-09-30T02:31:50.567 0.007917871120392996,-3.7715033443173275e-07,-1.2519008761579708e-05,-2.7779510054447746e-07,1.3038342994888938e-07,6.182669308840912e-06,0.9999999999808402
2026-09-30T02:31:50.624 0.00793646780019121,-9.133579984384956e-07,-1.2518609661494087e-05,-3.488889647360041e-07,1.2735590152920615e-07,-5.39740463423251e-06,0.999999999985365
2026-09-30T02:31:50.676 0.0079531571209833,-4.3631071503228563e-07,-1.2515195006859144e-05,-1.5440638665662424e-07,-1.1222643086853127e-07,-1.4211395365516086e-05,0.9999999998989999
2026-09-30T02:31:50.745 0.007972230653399533,-3.764659251763642e-07,-1.2500648791769499e-05,-3.427226249318336e-07,6.14638686565944e-08,-3.515505712551474e-06,0.99999999999376
2026-09-30T02:31:50.802 0.007991780858956594,-4.358244405772834e-07,-1.2591164485230102e-05,-2.299225056612425e-07,1.562276095283755e-07,4.898381376126144e-06,0.9999999999879643
2026-09-30T02:31:50.866 0.008010377559313346,-7.336135227674415e-07,-1.257586428157332e-05,-4.272478478541723e-07,1.2735464217798528e-07,-5.2675945176792e-06,0.9999999999860268
2026-09-30T02:31:50.928 0.008029927759617299,-3.7573952477370125e-07,-1.2666380043278669e-05,-3.900527660044853e-07,7.822983446272858e-08,-1.5178904956367376e-06,0.9999999999987689
2026-09-30T02:31:51.003 0.008045663463411063,-6.13959979991766e-07,-1.2631655126373141e-05,-2.626476394735498e-07,7.555071111003627e-08,1.7639865045406107e-06,0.9999999999984068
2026-09-30T02:31:51.062 0.008065690667450692,-4.3489389375034195e-07,-1.261861679092527e-05,-3.8655767269648376e-07,4.446769357072615e-08,-3.0074565911184705e-06,0.9999999999954019
2026-09-30T02:31:51.120 0.008084763965764666,-4.942584207751733e-07,-1.2753081982018713e-05,-4.595395328969447e-07,1.4166810507983156e-07,-1.6638371716120375e-06,0.9999999999985002
2026-09-30T02:31:51.183 0.008102407038616874,-6.728502148002873e-07,-1.2706471652580832e-05,-3.058943457450732e-07,6.984673701058658e-08,6.631637843763567e-07,0.9999999999997309
2026-09-30T02:31:51.250 0.008121003637227927,-3.7459286021955774e-07,-1.2750776116689177e-05,-3.1283336953785117e-07,7.182528709733322e-08,-2.517062537967174e-06,0.9999999999967807
2026-09-30T02:31:51.299 0.008140077083657785,-9.70399173776727e-07,-1.2795834364630423e-05,-2.749574731475543e-07,1.2514122182575376e-07,-2.3074674378362204e-06,0.9999999999972922
2026-09-30T02:31:51.364 0.008155812757137238,-6.721778287927431e-07,-1.2776010678036296e-05,-2.2345617770688504e-07,-5.995614939658769e-08,-1.1125210679498144e-05,0.9999999999380881
2026-09-30T02:31:51.401 0.008175363003811373,-2.546991805604529e-07,-1.2836724164354578e-05,-3.9708209474233563e-07,4.318685549849388e-08,-6.892644804505379e-06,0.999999999976166
2026-09-30T02:31:51.478 0.008193482752806187,-7.909128589250701e-07,-1.2895175704469951e-05,-3.7329842715645254e-07,9.731970500145751e-08,-4.479769909004576e-06,0.9999999999898914
2026-09-30T02:31:51.533 0.008210648882847888,-1.5836350977388293e-08,-1.2907416171221052e-05,-3.73552534674751e-07,1.5247403647876046e-08,-7.765171015524151e-06,0.9999999999697812
2026-09-30T02:31:51.613 0.008230676216696198,-7.904445673969036e-07,-1.2819871966944403e-05,-2.7676930545163546e-07,6.1676508372528545e-09,-7.56701517076335e-06,0.9999999999713318
2026-09-30T02:31:51.664 0.008246888560314703,-3.7300794858709786e-07,-1.2905110227897525e-05,-2.1396061816574517e-07,3.515553432839713e-08,-5.863285286914327e-06,0.9999999999827874
2026-09-30T02:31:51.748 0.008266915554562833,-3.7275582126314994e-07,-1.3026182146315336e-05,-2.857159609520775e-07,1.0453749389095807e-07,2.9262154742922167e-06,0.9999999999956724
2026-09-30T02:31:51.789 0.008286942744047477,-9.089454750036556e-07,-1.3028044836444634e-05,-3.5792935701133364e-07,8.567744261176949e-08,-2.7197362158993687e-06,0.9999999999962338
2026-09-30T02:31:51.872 0.008305062556218792,-8.4911269745979e-07,-1.3041793046348027e-05,-2.9178965744287617e-07,1.1454861784742567e-07,-2.9828188756042915e-06,0.9999999999955023
2026-09-30T02:31:51.917 0.008325566384777735,-6.700406324017594e-07,-1.3163618924085223e-05,-4.18921310158255e-07,1.432596195109232e-07,9.565998256112665e-08,0.9999999999998974
2026-09-30T02:31:51.993 0.008343209354383353,-1.3337670011465445e-07,-1.3176613281910967e-05,-4.019890767548124e-07,8.765519855432547e-08,-1.618312532355197e-06,0.9999999999986059
2026-09-30T02:31:52.034 0.008359898827793996,-5.50399071864776e-07,-1.3083791625628335e-05,-2.7928755795435603e-07,1.0241709306222756e-08,-1.3104402081249165e-05,0.9999999999140983
2026-09-30T02:31:52.106 0.008378972243159097,-5.50158940449231e-07,-1.3143751113630234e-05,-2.450879292824524e-07,3.839590443285727e-09,-6.958545699197062e-06,0.9999999999757593
2026-09-30T02:31:52.146 0.008397091964841376,-7.883493976944622e-07,-1.3217103845060012e-05,-4.235123260121211e-07,2.5375465078911862e-08,-4.6938497471734215e-06,0.9999999999888939
2026-09-30T02:31:52.217 0.008415688723871965,-1.3246415535214378e-07,-1.315710036968674e-05,-1.864560717605309e-07,-7.336002447429096e-09,-8.191589770683557e-06,0.9999999999664315
2026-09-30T02:31:52.256 0.008435715862483761,-3.7063059070720554e-07,-1.3188765393698604e-05,-2.3385559595735887e-07,1.152297539045928e-08,-8.062273328309146e-06,0.9999999999674725
2026-09-30T02:31:52.331 0.00845192829104165,-1.0856822143382206e-06,-1.3229300041711516e-05,-2.126267358071091e-07,-3.9570178991781913e-07,-6.022771048782847e-05,0.9999999981862105
2026-09-30T02:31:52.369 0.008471478472287951,-1.0854360877024162e-06,-1.3334716887489528e-05,-3.5460927441334656e-07,-2.880736931457753e-07,-0.00015815632718946523,0.9999999874931836
2026-09-30T02:31:52.441 0.008488167924389608,-1.681272396498477e-06,-1.3256796344527308e-05,-4.1232459102686006e-07,-4.878512190366896e-07,-0.0002626725215768584,0.9999999655013686
2026-09-30T02:31:52.489 0.00850962546013937,-2.336653348651652e-06,-1.3365228803350139e-05,-4.41532664181101e-07,-4.5706383879681585e-07,-0.00045058568812968836,0.9999998984860617
2026-09-30T02:31:52.561 0.008526791733497744,-3.5881347492368903e-06,-1.3302963225785975e-05,-8.680265632465322e-07,1.937306568255669e-06,-0.0008330531110664095,0.9999996530089436
2026-09-30T02:31:52.616 0.00854777221029366,-7.164149328648132e-06,-1.357455384507371e-05,-1.574858909073108e-06,6.144287386411652e-07,-0.001336124063844298,0.9999991073844158
2026-09-30T02:31:52.671 0.00856636927606224,-8.415612686159807e-06,-1.3335736346906557e-05,-3.3960648565449623e-06,-6.457872081271355e-07,-0.0020234926900339063,0.9999979527305959
2026-09-30T02:31:52.710 0.008586396278565254,-9.07101165131318e-06,-1.345680815808263e-05,-4.431704414446105e-06,2.3837485367785097e-06,-0.00282617135491037,0.9999960063571006
2026-09-30T02:31:52.782 0.008610715034927942,-1.0739635522163618e-05,-1.3450554891052793e-05,-5.798712048219952e-06,2.0379035844754695e-06,-0.0036708144723483905,0.9999932625189689
2026-09-30T02:31:52.815 0.008640278982967988,-1.1573728328581797e-05,-1.3452594991300476e-05,-7.218072755300568e-06,1.8678343006928298e-06,-0.004549801015853871,0.9999896495739977
2026-09-30T02:31:52.885 0.008674134414447584,-1.2526976399210418e-05,-1.3491222727830735e-05,-8.51200073014711e-06,1.9212613897172605e-06,-0.005455587876814504,0.9999851181316515
2026-09-30T02:31:52.920 0.008715142331182825,-1.4076180874416236e-05,-1.3585862745647572e-05,-1.0130293041609578e-05,3.3440916686402385e-06,-0.006381322026212901,0.9999796391004129
2026-09-30T02:31:52.995 0.008757580683171331,-1.5327344123704295e-05,-1.3727468030130049e-05,-1.1673450970509716e-05,3.125527022483937e-06,-0.007319398597111446,0.9999732127702913
2026-09-30T02:31:53.036 0.008806218198444585,-1.6995661809092594e-05,-1.3700060626481189e-05,-1.3065577491961053e-05,2.5617357593618785e-06,-0.008267385500049561,0.9999658244958783
2026-09-30T02:31:53.110 0.008859146982112778,-1.854471620421415e-05,-1.3843351181225331e-05,-1.4513401663553956e-05,3.01076994817241e-06,-0.009227208547671414,0.9999574282951821
2026-09-30T02:31:53.150 0.008915413751524656,-2.104740287804205e-05,-1.391741337764217e-05,-1.6134418903463392e-05,3.1810239492155018e-06,-0.010197666240651382,0.9999480023145233
2026-09-30T02:31:53.225 0.008975971977063544,-2.3371221594961006e-05,-1.4042964401655987e-05,-1.759980324295985e-05,3.3556929140083833e-06,-0.011179475957792144,0.9999375075454943
2026-09-30T02:31:53.266 0.009039391319968773,-2.5993027504265006e-05,-1.411343438708076e-05,-1.9248154162094653e-05,3.2636744307550998e-06,-0.012244023334770907,0.9999250389461375
2026-09-30T02:31:53.341 0.0091094862614451,-2.8972377247953514e-05,-1.4268965047853786e-05,-2.13906721015892e-05,3.675995498005301e-06,-0.013498106654594862,0.99990889617288
2026-09-30T02:31:53.380 0.009182442408979368,-3.368022565032121e-05,-1.4324711008351313e-05,-2.3870744503134544e-05,3.7840509972437925e-06,-0.015003876951504343,0.9998874352107304
2026-09-30T02:31:53.477 0.009261597096723983,-3.797076353308233e-05,-1.459887412397912e-05,-2.6812227934512312e-05,5.461453763902142e-06,-0.01680639992179823,0.9998587621124023
2026-09-30T02:31:53.516 0.009342182920981651,-4.3393771585137345e-05,-1.4487869137813984e-05,-3.0202987798030753e-05,7.717021264346038e-06,-0.018932123294997185,0.9998207708063331
2026-09-30T02:31:53.589 0.009428490384960575,-4.893591693214566e-05,-1.4639230716668724e-05,-3.410688770922392e-05,1.0349481167292034e-05,-0.021404155019613735,0.9997709041963088
2026-09-30T02:31:53.628 0.009522904102765033,-5.704095994611717e-05,-1.480340868752362e-05,-3.814540324670596e-05,1.3088804504265144e-05,-0.02423853838119438,0.999706202656938
2026-09-30T02:31:53.697 0.009628285341674682,-6.681479490488595e-05,-1.4821014208797507e-05,-4.352329636448642e-05,1.6702328253998856e-05,-0.027441940719676185,0.9996233979435919
2026-09-30T02:31:53.736 0.00974463375278747,-7.861504971808518e-05,-1.4915564360517263e-05,-4.910861265283737e-05,1.9320427196058037e-05,-0.031021768832999293,0.9995187077156371
2026-09-30T02:31:53.806 0.009871472783015471,-9.250133500110028e-05,-1.4907491492044103e-05,-5.505079767749887e-05,2.204023442719715e-05,-0.034973827949504994,0.9993882267878665
2026-09-30T02:31:53.844 0.010011186497664377,-0.00010662587675986595,-1.4860170126235575e-05,-6.144662809276933e-05,2.475754614787243e-05,-0.0392279987046482,0.999230283632859
2026-09-30T02:31:53.922 0.010161867209838443,-0.00012200197801018102,-1.4994101515590272e-05,-6.836065027497142e-05,2.5039057533439982e-05,-0.04369528197135539,0.9990449024109531
2026-09-30T02:31:53.958 0.010323992325753482,-0.0001408350045422573,-1.4967312950389962e-05,-7.528654831446208e-05,2.364250966058846e-05,-0.0483246453847552,0.9988316787233998
2026-09-30T02:31:54.039 0.01049803789622637,-0.00016246929935041551,-1.5272296172697267e-05,-8.281814483269004e-05,2.155391997251865e-05,-0.05308180089568561,0.9985901637259673
2026-09-30T02:31:54.074 0.01068162047707103,-0.0001875605434594912,-1.5443346005299324e-05,-9.060141464334828e-05,1.8120455052356452e-05,-0.05794528738364362,0.998319755956507
2026-09-30T02:31:54.151 0.010875216546191772,-0.00021569149839367676,-1.57047335850349e-05,-9.859183690306624e-05,1.4176423634608466e-05,-0.06290066938368033,0.9980197873137404
2026-09-30T02:31:54.188 0.01107453450234748,-0.0002467430089024315,-1.6094376988462212e-05,-0.0001069150050288914,9.541119149106855e-06,-0.06793694601487626,0.9976896109734332
2026-09-30T02:31:54.261 0.011281005337687536,-0.0002816091265923701,-1.631651500819427e-05,-0.00011506144112902415,5.324115592840947e-06,-0.0730481311418596,0.9973284099378701
2026-09-30T02:31:54.313 0.011491290803552578,-0.00031903819599100647,-1.660428861955437e-05,-0.00012360786374606818,6.705796998508419e-07,-0.078225656141497,0.996935670663799
2026-09-30T02:31:54.376 0.011703483818861044,-0.0003595070782401209,-1.679076945601221e-05,-0.000132302080942638,-4.230970993253781e-06,-0.08346528183600313,0.9965106769153529
2026-09-30T02:31:54.412 0.011917583882842777,-0.00040253893623896073,-1.7188881589493117e-05,-0.0001410182868520532,-8.621593726658488e-06,-0.08876169606272112,0.9960528808008037
2026-09-30T02:31:54.483 0.012131207362829178,-0.0004487894510342332,-1.74521289833295e-05,-0.00014987119798518927,-1.3438587370393496e-05,-0.09410861044113866,0.9955619251452249
2026-09-30T02:31:54.520 0.01234435412075669,-0.0004966492972307998,-1.765501761359189e-05,-0.00015886419430955373,-1.6939603093501685e-05,-0.09950183029334476,0.995037366254902
2026-09-30T02:31:54.592 0.012542242029759782,-0.0005438536844525977,-1.7878484016508033e-05,-0.00016771807968294774,-2.0319930161092782e-05,-0.104942853413191,0.9944782395684904
2026-09-30T02:31:54.628 0.012721532980289652,-0.000588972143276425,-1.8266262341240014e-05,-0.0001769967707789143,-2.313022026879903e-05,-0.11042714195204623,0.993884205759121
2026-09-30T02:31:54.700 0.012882704439033386,-0.0006315278304668778,-1.841677574651319e-05,-0.00018610801257413332,-2.5800838927816356e-05,-0.1159507699229028,0.9932549439355489
2026-09-30T02:31:54.741 0.013028616902534254,-0.0006711630821949461,-1.8662373007752373e-05,-0.000195253674136709,-2.8611815104553085e-05,-0.12150764258917258,0.9925904764049415
2026-09-30T02:31:54.815 0.013153071778958617,-0.0007079375811170806,-1.8814439313459098e-05,-0.00020476711174813878,-3.074276966088946e-05,-0.12709362461449472,0.9918907035090418
2026-09-30T02:31:54.850 0.013263221282391553,-0.0007414936093516012,-1.9092899669157684e-05,-0.0002143943362993332,-3.3000260140877355e-05,-0.132702807885921,0.9911558493623713
2026-09-30T02:31:54.926 0.013349052352394858,-0.0007690894792480402,-1.9139195712741502e-05,-0.00022362449862256675,-3.4931495065584645e-05,-0.13833179534151707,0.9903859162818638
2026-09-30T02:31:54.967 0.013404365716433648,-0.0007891159434858201,-1.9181944897599507e-05,-0.00023279103597001547,-3.560157031734656e-05,-0.14397888798594305,0.9895807316006072
2026-09-30T02:31:55.040 0.013431545490686456,-0.000800023251289261,-1.925471941270669e-05,-0.0002425576317293562,-3.759704554927435e-05,-0.14963793110943135,0.9887408302106
2026-09-30T02:31:55.084 0.013432975991524909,-0.0008030630701677666,-1.928678299084622e-05,-0.000251892729929401,-3.846132387028618e-05,-0.15530624331704124,0.9878663400772025
2026-09-30T02:31:55.171 0.013411995242057537,-0.0007984141720125567,-1.9179105115294717e-05,-0.0002612352668335287,-3.9896000365145663e-05,-0.16097913039114176,0.9869577750557297
2026-09-30T02:31:55.215 0.013368126212737017,-0.000785718934980301,-1.905014105502131e-05,-0.0002705309183299592,-4.06881576017621e-05,-0.1666525988591763,0.9860156370215325
2026-09-30T02:31:55.284 0.013302322593493952,-0.0007644409052584855,-1.8886497615344355e-05,-0.0002800921279117321,-4.177119755558661e-05,-0.1723230870921738,0.9850404425497412
2026-09-30T02:31:55.324 0.013218875743666219,-0.0007360701449574494,-1.8814169063722657e-05,-0.000289417809914635,-4.2636981364914364e-05,-0.17798833050681634,0.9840325546560009
2026-09-30T02:31:55.395 0.013119693117548188,-0.0006998317696678161,-1.8761665534342215e-05,-0.0002989454195475621,-4.300613192884808e-05,-0.18364437994376415,0.982992701141356
2026-09-30T02:31:55.432 0.01300715919418235,-0.0006567986329455399,-1.8553942791256834e-05,-0.0003084593947718225,-4.431723862567262e-05,-0.18928993916994366,0.9819211892091051
2026-09-30T02:31:55.510 0.01288413473903121,-0.0006073879313135563,-1.8359436914901358e-05,-0.0003176459512114164,-4.4482411064921894e-05,-0.19492329479689513,0.9808184369534901
2026-09-30T02:31:56.414 0.012750143034835085,-0.0005517188800511587,-1.8102888242864854e-05,-0.0003268083738642788,-4.5202628988784964e-05,-0.2005431054773913,0.9796848238073779
2026-09-30T02:31:57.723 0.012606137588295171,-0.0004896722578810996,-1.7890112652766208e-05,-0.0003360348311393197,-4.5519040066621633e-05,-0.20614808963905834,0.978520745894933
2026-09-30T02:31:57.760 0.012453072169028351,-0.00042142686671991093,-1.7663013405228327e-05,-0.0003452855336606317,-4.5774127412908924e-05,-0.21173747245072003,0.9773265173128222
2026-09-30T02:31:57.844 0.01229142352460861,-0.00034739993308850097,-1.7481948932350724e-05,-0.0003543879188234396,-4.631361337769572e-05,-0.21731164147863136,0.9761022091677259
2026-09-30T02:31:57.882 0.01212596061641925,-0.00026812783868723636,-1.6981929882902594e-05,-0.0003636162878823059,-4.6593615585527186e-05,-0.2228074303721229,0.9748624080264875
2026-09-30T02:31:57.967 0.011954774909393198,-0.00018462388663033778,-1.6919898641836246e-05,-0.0003721355386216292,-4.6308641972942644e-05,-0.22815842518924692,0.973623948136966
2026-09-30T02:31:58.010 0.011782635467409895,-9.808010969971334e-05,-1.687126118040648e-05,-0.0003805578801582806,-4.6217880294832256e-05,-0.2333733873296313,0.9723871220485704
2026-09-30T02:31:58.093 0.011610019607243107,-9.211757574510143e-06,-1.6538748460330768e-05,-0.00038895446468684066,-4.6304078849705054e-05,-0.23848898854903902,0.971145122477178
2026-09-30T02:31:58.147 0.011437880522555944,8.263683278991449e-05,-1.6221891300357314e-05,-0.00039728030068481626,-4.661738372433699e-05,-0.2435311271404427,0.9698929993091443
2026-09-30T02:31:58.212 0.011263833822247073,0.0001771676081279913,-1.60510302844951e-05,-0.00040519829144542466,-4.634743568427205e-05,-0.2485187725781955,0.9686269939158659
2026-09-30T02:31:58.248 0.011089787225777886,0.00027467861572100504,-1.579076290068639e-05,-0.00041353714913945166,-4.6761925770142825e-05,-0.2534640537710936,0.9673447163479381
2026-09-30T02:31:58.329 0.010914786948226075,0.00037469300639027654,-1.5514086923634703e-05,-0.00042143581149998977,-4.6676623360125527e-05,-0.25837783436445944,0.9660438473083308
2026-09-30T02:31:58.368 0.01073930969529811,0.0004763763210960348,-1.531116300233115e-05,-0.000429534279470546,-4.7091985425078173e-05,-0.26326649155963844,0.9647230523339465
2026-09-30T02:31:58.446 0.010564786438881387,0.0005804438336404731,-1.4886230192618449e-05,-0.00043718763496269463,-4.7378826202131605e-05,-0.26813488365320964,0.9633812800706159
2026-09-30T02:31:58.484 0.010388832149040855,0.0006886836532539128,-1.475705912650145e-05,-0.0004453215268192836,-4.710252222447219e-05,-0.2729845298336877,0.962018318922031
2026-09-30T02:31:58.561 0.010213355050214175,0.0007987116182576377,-1.439022400184302e-05,-0.000453313653653945,-4.7221877583586246e-05,-0.277820198973484,0.9606329836723073
2026-09-30T02:31:58.600 0.010037877735888993,0.000910885350451235,-1.414259836870283e-05,-0.00046127395931826344,-4.7794805757729476e-05,-0.2826425466374694,0.9592251955470503
2026-09-30T02:31:58.672 0.009861446718421757,0.0010254432564288146,-1.3893465265389323e-05,-0.0004690818603174943,-4.788424552918504e-05,-0.2874525563992152,0.957794761673326
2026-09-30T02:31:58.711 0.00968453884142516,0.0011436966443814874,-1.3628677693889466e-05,-0.00047755445843323255,-4.8246506420260577e-05,-0.29231260401242154,0.9563227024124707
2026-09-30T02:31:58.784 0.009504769947149683,0.0012655262750053357,-1.3329564841778399e-05,-0.0004861039074599994,-4.906933136787402e-05,-0.29729052018770574,0.9547869437218521
2026-09-30T02:31:58.821 0.009323570626015024,0.0013920050499274333,-1.293878410448489e-05,-0.0004947367532999139,-4.9817051048347076e-05,-0.3023744435817991,0.9531890938436107
2026-09-30T02:31:58.897 0.009140940496553484,0.0015234905969726611,-1.2694753821594978e-05,-0.0005034356461474483,-5.064571168204371e-05,-0.3075274788593552,0.9515390657949735
2026-09-30T02:31:58.940 0.008956403067056206,0.0016587908172804586,-1.2388103872097817e-05,-0.0005121091390836521,-5.090280828267177e-05,-0.3127250093245077,0.9498435680132389
2026-09-30T02:31:59.026 0.008770435405185815,0.001798263344750212,-1.1870576818878946e-05,-0.0005205093628140154,-5.137182757343755e-05,-0.317949243149697,0.9481075915799184
2026-09-30T02:31:59.065 0.008583036626156573,0.0019410737142512417,-1.1708415943038925e-05,-0.0005295469223606641,-5.2117486172360456e-05,-0.323189242139976,0.9463342066251291
2026-09-30T02:31:59.141 0.008398022219013658,0.0020875796017725025,-1.1401013896328956e-05,-0.0005383212868904102,-5.237769487205499e-05,-0.3284357086624589,0.9445261736670708
2026-09-30T02:31:59.181 0.00821157726166033,0.002237304122101113,-1.1091350585863518e-05,-0.0005472711525151723,-5.223654670768071e-05,-0.3336828607070284,0.9426852317905499
2026-09-30T02:31:59.253 0.008026085950415303,0.0023891744216483113,-1.0783195486514327e-05,-0.0005557764688544075,-5.265952928186202e-05,-0.3389279271419372,0.9408121749545764
2026-09-30T02:31:59.290 0.007843932462085736,0.0025436673675893738,-1.0480318326633576e-05,-0.0005644471698244286,-5.303005449691497e-05,-0.34416658613797524,0.9389084298126934
2026-09-30T02:31:59.362 0.007662732717107503,0.0027000676741808782,-1.0119344768599438e-05,-0.0005728326007957138,-5.330369902901578e-05,-0.34933741530210577,0.9369968192537108
2026-09-30T02:31:59.403 0.007484393702774801,0.002856944853918272,-9.941708579807038e-06,-0.0005808710350025257,-5.270122657411618e-05,-0.3543551500019893,0.9351107354097102
2026-09-30T02:31:59.475 0.007311776817380309,0.003012272384940896,-9.728415870689357e-06,-0.0005882661729916312,-5.160489425823771e-05,-0.3591589041441304,0.933276236091883
2026-09-30T02:31:59.514 0.007146789133908051,0.0031634276868569874,-9.676196785952058e-06,-0.000595834516546319,-5.100787658541243e-05,-0.3637061490283243,0.9315135423269013
2026-09-30T02:31:59.586 0.006991338405135503,0.003309933946568546,-9.534747544229006e-06,-0.0006022445770879366,-4.994843959977846e-05,-0.3679672322870845,0.929838561670576
2026-09-30T02:31:59.626 0.0068444707729115335,0.0034496453848323785,-9.436670217517387e-06,-0.0006080527726467986,-4.914242612682107e-05,-0.3719212619654575,0.9282640802890464
2026-09-30T02:31:59.703 0.006708093346380682,0.0035826812349243745,-9.533991971283839e-06,-0.0006138230980534973,-4.786572088673329e-05,-0.37555220389431865,0.926801037483341
2026-09-30T02:31:59.743 0.006582683485388574,0.0037067765264040846,-9.514542371197203e-06,-0.0006186239204191654,-4.6934025696681065e-05,-0.37885254857589246,0.9254568393713417
2026-09-30T02:31:59.812 0.006469671860495076,0.003820381556534141,-9.29117609858297e-06,-0.0006229383242464181,-4.637253821957979e-05,-0.3818152920365504,0.9242384392376654
2026-09-30T02:31:59.859 0.006330910309966543,0.003959973887550204,-9.295322418999678e-06,-0.0006275982883593289,-4.618638929602438e-05,-0.3844155783851766,0.9231599358085228
2026-09-30T02:31:59.923 0.006229819581291471,0.004061896557371624,-9.195110485300717e-06,-0.0006302735086052898,-4.512560601088062e-05,-0.3866842549364387,0.9222119537846142
2026-09-30T02:31:59.962 0.006120622173640059,0.004173951914707608,-9.290699393710458e-06,-0.0006341612391082358,-4.5411995995166024e-05,-0.3885968513653064,0.9214076637874483
2026-09-30T02:32:00.033 0.006039558944068352,0.004258231861837042,-9.132742781833668e-06,-0.0006353606339422383,-4.494355649865981e-05,-0.3901719078392076,0.9207418077995886
2026-09-30T02:32:00.069 0.005964217813277892,0.004337743509425888,-8.983832550876625e-06,-0.0006378046238037092,-4.47976983953484e-05,-0.39140128517772343,0.9202198787027231
2026-09-30T02:32:00.146 0.005879816380509213,0.004427149413948837,-8.999412977751685e-06,-0.0006393897613819512,-4.450161838094267e-05,-0.3922654048490187,0.9198518583766488
2026-09-30T02:32:00.183 0.00582927107664295,0.0044807929578851635,-8.88970287934578e-06,-0.0006398330984813865,-4.4169471505172366e-05,-0.3928094177230483,0.9196196768288202
2026-09-30T02:32:00.253 0.005810197138411955,0.004499866204047553,-9.008560221921503e-06,-0.0006407720972284789,-4.372685440705323e-05,-0.3930323390215046,0.9195244248971132
2026-09-30T02:32:00.291 0.005806382046121751,0.004509164480571594,-9.181344013049154e-06,-0.000640695276437368,-4.369636937500628e-05,-0.39291050682248696,0.919576490145701
2026-09-30T02:32:00.366 0.00581973381143488,0.004497005301156067,-9.083242925662973e-06,-0.0006397279837839696,-4.356604804346291e-05,-0.39248561460201054,0.919757919879241
2026-09-30T02:32:00.404 0.005862650348563885,0.004450395009329946,-8.733857016289276e-06,-0.0006375531078651286,-4.436686825836598e-05,-0.39191597302423786,0.9200007943725269
2026-09-30T02:32:00.487 0.005918440381313447,0.004393175252684875,-9.179684897027763e-06,-0.000637324659160167,-4.3738299205383004e-05,-0.3913704996661784,0.920232972619046
2026-09-30T02:32:00.525 0.0059756616796342935,0.004333928956212621,-9.165838816893775e-06,-0.0006364557533046862,-4.341008253180613e-05,-0.39097439650263327,0.920401333288387
2026-09-30T02:32:00.595 0.006017623556653674,0.004288987582321142,-9.425892165650287e-06,-0.0006365247737291043,-4.330486150420096e-05,-0.3907929295652256,0.9204783969017035
2026-09-30T02:32:00.637 0.006043373090768689,0.00426228502565141,-9.45169887928706e-06,-0.0006362810477063156,-4.331600359606136e-05,-0.39086773381041745,0.9204466350289194
2026-09-30T02:32:00.722 0.006040988846282358,0.0042615697398888505,-9.492632539642348e-06,-0.0006370396889841622,-4.3195900872964276e-05,-0.39119022510453344,0.9203096218649532
2026-09-30T02:32:00.760 0.006013809417143077,0.004291848557311106,-9.047332628837158e-06,-0.0006377099236250071,-4.3718238290454796e-05,-0.39175524849455035,0.9200692455960813
2026-09-30T02:32:00.836 0.005958971911020719,0.004346564930745954,-9.348069327181426e-06,-0.000639479845345286,-4.371615680103028e-05,-0.3925827408581252,0.9197164675783223
2026-09-30T02:32:00.875 0.005874094541938417,0.0044337058528653535,-8.81155317849151e-06,-0.0006411449415812092,-4.4764821565330897e-05,-0.39368545858498377,0.9192449872737983
2026-09-30T02:32:00.951 0.005787308750930599,0.004523946192378845,-8.927672089474971e-06,-0.0006434011633339395,-4.503549226834301e-05,-0.39508330914396184,0.9186450690242691
2026-09-30T02:32:00.986 0.005680496336145932,0.0046352863240876445,-8.520391683934523e-06,-0.0006467795105535873,-4.425085991371564e-05,-0.39678061347522975,0.91791324453259
2026-09-30T02:32:01.066 0.005579405457696737,0.004741619737611157,-8.47978504195263e-06,-0.0006505427491452407,-4.5243303270764005e-05,-0.3987905746429033,0.9170417942074167
2026-09-30T02:32:01.105 0.005486898079323248,0.00484091991115434,-8.229230852326476e-06,-0.0006544342750799577,-4.535399403453233e-05,-0.40113056767281374,0.9160206533355463
2026-09-30T02:32:01.183 0.005381515605321784,0.004954405828022267,-8.166938867041563e-06,-0.0006595862634671535,-4.6413594502703865e-05,-0.4037774352127854,0.914857008283111
2026-09-30T02:32:01.220 0.005271842035037326,0.0050746866204234,-7.770037486026802e-06,-0.0006645479536447494,-4.673292923572955e-05,-0.4067395827111797,0.9135439059224171
2026-09-30T02:32:01.299 0.00515358503745209,0.005205576931504775,-7.508578524770457e-06,-0.000670714810906524,-4.82026183264464e-05,-0.4100084855970612,0.9120814599346675
2026-09-30T02:32:01.338 0.005044865069157078,0.005327765084539945,-7.142987601011264e-06,-0.0006767266216837542,-4.8718708720083105e-05,-0.4136087617676404,0.9104544644608022
2026-09-30T02:32:01.414 0.004925654571013394,0.005463662173802551,-6.731010172866979e-06,-0.0006838558831481087,-4.9867317811847405e-05,-0.4174024250523228,0.9087214894646335
2026-09-30T02:32:01.452 0.004802152451802344,0.0056087383243317735,-6.297347732894141e-06,-0.0006898063166747304,-4.978049346659702e-05,-0.42121385163139335,0.9069610867523449
2026-09-30T02:32:01.527 0.004678649702012453,0.00575524498626441,-6.251115233675413e-06,-0.0006958879505058792,-4.9662921361431086e-05,-0.4249346192683512,0.9052237748870806
2026-09-30T02:32:01.578 0.00455848495102034,0.0059016324809478635,-6.120753370050709e-06,-0.0007013212436937367,-4.9230245353608356e-05,-0.4285488140789511,0.903518356026274
2026-09-30T02:32:01.638 0.004441181248964957,0.006047543174496418,-5.9800138662936905e-06,-0.0007071090943520879,-4.846338403873192e-05,-0.4320877278038117,0.9018312997059752
2026-09-30T02:32:01.681 0.004326738552181343,0.006190831299690128,-5.8735997991358656e-06,-0.0007124779069548698,-4.811223358029632e-05,-0.43557588844189754,0.9001517291370921
2026-09-30T02:32:01.764 0.004212772774647923,0.006333165756579131,-5.723236078357219e-06,-0.0007184256383367471,-4.782933166847793e-05,-0.43902500755270285,0.8984745540750202
2026-09-30T02:32:01.811 0.004105005772631451,0.0064740697800244554,-5.657178927368701e-06,-0.0007236972294401063,-4.786717942769271e-05,-0.44238597173030625,0.8968244677679607
2026-09-30T02:32:01.879 0.003999623092693601,0.006611397554811586,-5.535286271510797e-06,-0.000728935675318728,-4.745005407401496e-05,-0.4456024240734134,0.8952306663989854
2026-09-30T02:32:01.920 0.0038990089191459788,0.006745029901668092,-5.361327741643209e-06,-0.0007336818981671893,-4.7172479468719944e-05,-0.4486894151582543,0.8936874555517568
2026-09-30T02:32:01.992 0.003785519730388947,0.006901431060718193,-5.256423679463467e-06,-0.0007388316989751274,-4.72488656047279e-05,-0.45167525657186436,0.8921821083702619
2026-09-30T02:32:02.028 0.0036787064472557003,0.007048057142082015,-5.117369611705348e-06,-0.0007434144825310564,-4.751853359895761e-05,-0.45459976511702294,0.8906955139846858
2026-09-30T02:32:02.103 0.0035733236802663335,0.007192299055662544,-4.995478086760343e-06,-0.0007479029379634518,-4.683505823366317e-05,-0.457483623300928,0.8892177308506211
2026-09-30T02:32:02.138 0.003470325199334271,0.00733582574353387,-4.817751524909909e-06,-0.0007531030091889796,-4.7237532439554335e-05,-0.4603342512883091,0.8877453507032886
2026-09-30T02:32:02.212 0.0033682803403570984,0.007477802722639801,-4.686235997426754e-06,-0.0007571924390620058,-4.649984149906221e-05,-0.4631641377358202,0.8862721963442208
2026-09-30T02:32:02.250 0.0032705270410500736,0.007621091057966953,-4.531703769935517e-06,-0.0007622519627644752,-4.705531108010742e-05,-0.46597286376306873,0.8847986816186988
2026-09-30T02:32:02.322 0.0031708664942384003,0.00776402174142273,-4.314551193389593e-06,-0.0007660738942764961,-4.6831827242831574e-05,-0.46877172623571056,0.8833190135050646
2026-09-30T02:32:02.358 0.0030731131563621786,0.007908502169642562,-4.1749203034514975e-06,-0.0007711586487509662,-4.709075652674261e-05,-0.4715567296506454,0.8818353892977914
2026-09-30T02:32:02.442 0.002976313631471244,0.008053101819175184,-3.947390437746226e-06,-0.0007752426031990079,-4.671008088332718e-05,-0.474337174155804,0.8803429116151053
2026-09-30T02:32:02.484 0.0028780834610816477,0.008199131962158365,-3.7921047286488093e-06,-0.0007802860488406696,-4.683289540240662e-05,-0.477108110997422,0.8788442634396799
2026-09-30T02:32:02.556 0.0027836680654233503,0.008346115827496189,-3.583246045839859e-06,-0.0007844741991661744,-4.66229068437016e-05,-0.4798743099993733,0.8773368959693654
2026-09-30T02:32:02.596 0.0026911594976867024,0.008493099716787553,-3.70522821981696e-06,-0.0007894444518021493,-4.669159148083745e-05,-0.48257252909992615,0.8758556552054989
2026-09-30T02:32:02.668 0.002600082124840396,0.008638057066243534,-3.4122398606260627e-06,-0.0007927651984421933,-4.6033370744225804e-05,-0.485141526211117,0.874435285741499
2026-09-30T02:32:02.706 0.002511388548241347,0.00878003421342888,-3.3912412305577666e-06,-0.0007967900303574546,-4.610058656620448e-05,-0.48759101505742686,0.8730717983279793
2026-09-30T02:32:02.779 0.002426032844994866,0.008916885403182435,-3.405321557691841e-06,-0.0008002937636897406,-4.443352945574214e-05,-0.48996403131884847,0.8717422816230355
2026-09-30T02:32:02.816 0.002341154219009434,0.009057074459079379,-3.241342650037599e-06,-0.0008045199577164912,-4.5191412217752806e-05,-0.49227705475511413,0.8704381954320504
2026-09-30T02:32:02.893 0.002263905063568924,0.009190468681527217,-3.0894255121151904e-06,-0.0008071600555096199,-4.469934007588181e-05,-0.49455538945807936,0.8691457376370094
2026-09-30T02:32:02.927 0.0021804567296774334,0.00932922724393259,-3.0767195863754772e-06,-0.0008118804656943909,-4.5101702422108814e-05,-0.4968028472392358,0.867863047831243
2026-09-30T02:32:03.001 0.0020993928937468828,0.009461667744036723,-2.918770851891967e-06,-0.0008142520661675298,-4.435027222181806e-05,-0.49903692563054597,0.8665803378128534
2026-09-30T02:32:03.034 0.0020183290279377646,0.009602095266548327,-2.7161199961033607e-06,-0.0008189596655237071,-4.4973152645643404e-05,-0.5012498126881811,0.8653022319181578
2026-09-30T02:32:03.105 0.0019420333796523468,0.009733701361638017,-2.684919566392029e-06,-0.0008219277285610251,-4.352716666739464e-05,-0.5034582308026134,0.864019173616707
2026-09-30T02:32:03.144 0.001862876986898705,0.009873413652439732,-2.4107786010581976e-06,-0.0008262474920733974,-4.514887344903503e-05,-0.505649720108929,0.8627384747595431
2026-09-30T02:32:03.210 0.0017899192932922135,0.01000466216169569,-2.325251053080212e-06,-0.0008287461503879245,-4.397810816051857e-05,-0.5078415089266655,0.861450122210701
2026-09-30T02:32:03.258 0.0017112393440798061,0.010143778412006643,-2.3051833439842288e-06,-0.0008336107781552707,-4.440684156278103e-05,-0.5100231630905508,0.8601602619466981
2026-09-30T02:32:03.320 0.0016382814986052087,0.010275861386272987,-2.309062787904683e-06,-0.0008364587942578562,-4.314830011298266e-05,-0.5122044612665728,0.8588631371374194
2026-09-30T02:32:03.357 0.0015648473886126686,0.010411163005424608,-1.924759121440822e-06,-0.0008404920064372729,-4.467131392686792e-05,-0.5143721686381059,0.8575666526330141
2026-09-30T02:32:03.431 0.0014976115151124172,0.010539192935873942,-2.012190776112805e-06,-0.0008430383530196368,-4.326347840948292e-05,-0.5165326054356887,0.8562671049015174
2026-09-30T02:32:03.474 0.0014256075348394951,0.01067473299157117,-1.8685672199513988e-06,-0.0008475408984329211,-4.3706894896584304e-05,-0.5186862457758608,0.8549642438178782
2026-09-30T02:32:03.546 0.00135741883338451,0.010803001328691164,-1.4180499210233823e-06,-0.0008501711176605776,-4.4050031548299936e-05,-0.520839470408684,0.8536542164911195
2026-09-30T02:32:03.584 0.001289706111908104,0.010935680415434655,-1.474926120928839e-06,-0.0008543156806385396,-4.4128196315796235e-05,-0.5229198567112865,0.8523814238088884
2026-09-30T02:32:03.658 0.0012253312367682772,0.011065379311958102,-1.5668816290096339e-06,-0.0008567285601047058,-4.2677222290198935e-05,-0.5248861010534162,0.8511720420195743
2026-09-30T02:32:03.696 0.0011557111625858478,0.011200442560481466,-1.6058413560303384e-06,-0.0008604454390186806,-4.27156494296163e-05,-0.5267397507555553,0.8500261718223712
2026-09-30T02:32:03.768 0.0010965829811554698,0.011318339803533797,-8.567230381627917e-07,-0.0008620828530101391,-4.389421191219452e-05,-0.5285252737394293,0.848917127819385
2026-09-30T02:32:03.807 0.0010369761285993755,0.011441601458407022,-1.2244373602679367e-06,-0.0008655540899195856,-4.2885357967668115e-05,-0.5302488658174559,0.8478416062427375
2026-09-30T02:32:03.875 0.0009807079232913632,0.011556280086536507,-1.1652946545060808e-06,-0.0008683538654566434,-4.24395269493959e-05,-0.5319566631586746,0.8467711335901451
2026-09-30T02:32:03.913 0.0009273013233623016,0.01167119716933396,-7.38147003967088e-07,-0.0008705553190161929,-4.343087728682391e-05,-0.5336353142068294,0.8457142494238665
2026-09-30T02:32:03.988 0.0008762774768839002,0.011778008050282004,-1.2833419448187367e-06,-0.0008736678443472892,-4.118527033832843e-05,-0.5352990633390423,0.8446621500911564
2026-09-30T02:32:04.028 0.0008209640481253951,0.011896739806396703,-4.955517763093171e-07,-0.0008754543893636147,-4.344101975802074e-05,-0.5369510117773942,0.8436129696986188
2026-09-30T02:32:04.109 0.0007689867120486631,0.012005815651863792,-9.051289443757236e-07,-0.0008786801869532416,-4.196473569699806e-05,-0.5385885943251962,0.8425684258402395
2026-09-30T02:32:04.145 0.0007146259559211126,0.012127289233532694,-7.297939297695536e-07,-0.0008816705685360954,-4.197863898668466e-05,-0.5402264751117221,0.841519207435675
2026-09-30T02:32:04.219 0.0006621723788867522,0.012239583723887795,-7.362868448834845e-07,-0.0008834878175936389,-4.1588968364209283e-05,-0.5418603037204801,0.8404681011029407
2026-09-30T02:32:04.256 0.0006078115946962223,0.012361414933422587,-5.758530313409679e-07,-0.000887108795540611,-4.1515734533515593e-05,-0.5434918659451361,0.8394139640045922
2026-09-30T02:32:04.331 0.0005567888782051329,0.012472040511772652,-3.7599146773661876e-07,-0.0008890478102163823,-4.180111531992878e-05,-0.5451175882468471,0.8383591252146056
2026-09-30T02:32:04.370 0.0005029048764055726,0.012592560425117711,-2.6101479748673765e-07,-0.0008917786664462301,-4.200203156013345e-05,-0.5468054182654,0.8372592415269242
2026-09-30T02:32:04.441 0.00045045112003322136,0.012709742496330336,-3.420142248798895e-07,-0.0008943459999489228,-4.2033236486348945e-05,-0.548637551929894,0.8360598273992192
2026-09-30T02:32:04.476 0.0003956135756503457,0.012838607047963782,-7.651963370001661e-08,-0.0008983898368806555,-4.222983317549101e-05,-0.550655413365544,0.834732176715121
2026-09-30T02:32:04.555 0.0004103958925718821,0.012798791331349391,-1.7439066626322988e-07,-0.0009019794023885398,-4.169166319070929e-05,-0.5528978665140168,0.8332485426925218
2026-09-30T02:32:04.596 0.0005691870196811964,0.0124260258820768,-5.147952637242036e-07,-0.0009090696708475316,-4.498936496139789e-05,-0.5553734913726194,0.831600539110502
2026-09-30T02:32:04.680 0.0008824784788414666,0.011665236140502407,-8.46090313125971e-07,-0.0009164098497141083,-5.0568643812550724e-05,-0.5580793102849152,0.8297871058697605
2026-09-30T02:32:04.717 0.0013631450051225088,0.010476606365970798,-1.4121425524267752e-06,-0.0009226016930455002,-5.359618915152619e-05,-0.5610068008745285,0.8278106760039349
2026-09-30T02:32:04.798 0.0020188163601023634,0.008824612286245204,-2.269712479924856e-06,-0.0009238107996118201,-4.963883403010323e-05,-0.5641702713760877,0.8256579491563224
2026-09-30T02:32:04.836 0.0028204057928975894,0.00671700213898081,-3.1343933475620476e-06,-0.0009225307595866431,-4.003797486856677e-05,-0.5675563087365348,0.8233340657031732
2026-09-30T02:32:04.912 0.0037908014726647627,0.004118967099746595,-4.310588671442424e-06,-0.0009202163606597046,-2.9303577684199505e-05,-0.5711886345918401,0.8208183087969342
2026-09-30T02:32:04.959 0.0049161757774997105,0.00102097025134016,-5.4486077831090874e-06,-0.0009182641031191227,-1.8454600486992887e-05,-0.5750363129125193,0.8181273710629903
2026-09-30T02:32:05.018 0.006193667345046327,-0.002611499531671464,-7.035659162066213e-06,-0.0009163644823140466,-7.444445654910462e-06,-0.5790689454591106,0.8152780609249763
2026-09-30T02:32:05.055 0.007614216809789884,-0.006796144942814644,-8.863700388039593e-06,-0.0009143744248390835,4.580299061779201e-06,-0.5832800950398802,0.812270579689244
2026-09-30T02:32:05.129 0.009167334158762204,-0.011547211624240246,-1.0782032386269196e-05,-0.0009130736374332979,1.5778038300549134e-05,-0.5876807879800701,0.8090923664741315
2026-09-30T02:32:05.166 0.010840144971226661,-0.016874176876553737,-1.2740495209553831e-05,-0.0009121268943324695,2.6089866312148568e-05,-0.5922880715895735,0.8057257645108241
2026-09-30T02:32:05.237 0.01261023742799236,-0.0227765641448152,-1.5016578216451766e-05,-0.0009126152379996509,3.5291815891806466e-05,-0.5971087400145618,0.8021597836379841
2026-09-30T02:32:05.280 0.014461876351829193,-0.029245432930359087,-1.7242676897918615e-05,-0.0009146360864359942,4.2312178636187586e-05,-0.6021341505018506,0.7983944053222841
2026-09-30T02:32:05.355 0.016367404885201588,-0.03626337902512451,-1.9449571869420826e-05,-0.0009182737001853604,4.6714347161015484e-05,-0.6073492229746807,0.7944344377878094
2026-09-30T02:32:05.400 0.01830393459577706,-0.043815859183962635,-2.166068143660911e-05,-0.0009243198779465011,4.8804750016471823e-05,-0.6127372674619613,0.7902861407832662
2026-09-30T02:32:05.473 0.02025477607571198,-0.051896436315363455,-2.387942138503132e-05,-0.000931325152758953,4.954573963817572e-05,-0.6182827878615881,0.7859551669228863
2026-09-30T02:32:05.508 0.022193703424524813,-0.06049891186643717,-2.5945117434123904e-05,-0.0009402205924911689,4.8871102397991474e-05,-0.6239773791779406,0.7814418365246907
2026-09-30T02:32:05.591 0.024104503554701142,-0.0696132724610388,-2.8159962735824478e-05,-0.0009490883929171112,4.7924815329309734e-05,-0.6298104332836478,0.7767482958214317
2026-09-30T02:32:05.632 0.02594330626601583,-0.07910201073593985,-3.0141694221128563e-05,-0.0009593296432173429,4.5658952141107564e-05,-0.6357208540146899,0.7719184369949516
2026-09-30T02:32:05.706 0.0276772069232497,-0.08883298360806477,-3.262807288529073e-05,-0.0009708336067562331,4.103384602746453e-05,-0.6416229295286126,0.7670196034662038
2026-09-30T02:32:05.743 0.02928284035430939,-0.0987188705668856,-3.5001025877292394e-05,-0.0009844540353552433,3.48699086328665e-05,-0.6474886448160663,0.7620744612362993
2026-09-30T02:32:05.829 0.03075209939886918,-0.10870382216233772,-3.739675694664368e-05,-0.0009973071084085387,3.0133868485598427e-05,-0.6533023260458741,0.7570964768465984
2026-09-30T02:32:05.867 0.03207210943172064,-0.11875487718791164,-3.955649709165454e-05,-0.001011149567080163,2.3791144250108267e-05,-0.6590657599752571,0.7520846368852186
2026-09-30T02:32:05.938 0.03324239345314055,-0.1288515912564435,-4.1419891155973164e-05,-0.0010240642180602989,1.9482518771661636e-05,-0.6647788289071419,0.7470395301118661
2026-09-30T02:32:05.973 0.03427487415302982,-0.13913314106338448,-4.299086348432568e-05,-0.0010368908755105442,1.4818594596906125e-05,-0.6704874280262596,0.7419201665249792
2026-09-30T02:32:06.046 0.03516240031231965,-0.14964148836861155,-4.3751459414848756e-05,-0.0010471098904176435,1.3425060693808987e-05,-0.6762258918184197,0.7366935907248195
2026-09-30T02:32:06.084 0.03589590931789994,-0.16030480968945152,-4.483475400177461e-05,-0.0010567892877828835,1.2231666104855698e-05,-0.6819569655340753,0.7313915368708772
2026-09-30T02:32:06.157 0.03646872612391986,-0.1710599837909708,-4.530633170932927e-05,-0.001067522856699983,9.882196645340234e-06,-0.6876523355385188,0.7260393417203459
2026-09-30T02:32:06.198 0.036874173199493356,-0.181871069156579,-4.601990966426021e-05,-0.0010780413971367131,7.751203863769842e-06,-0.6932989493365971,0.720649293772939
2026-09-30T02:32:06.268 0.03711225118760583,-0.19271428353290337,-4.637944605379146e-05,-0.0010885678134714483,6.0463622651005446e-06,-0.6988933496584866,0.7152250700211069
2026-09-30T02:32:06.306 0.037183436491552924,-0.20357579863638375,-4.654960963807022e-05,-0.0010989383356754744,4.2562007815550075e-06,-0.7044360730760936,0.7097665892852043
2026-09-30T02:32:06.376 0.037085345115190835,-0.21444798510247373,-4.634781830382425e-05,-0.0011090691724974734,2.582998100572088e-06,-0.7099280733336757,0.7042733138857626
2026-09-30T02:32:06.415 0.036818930332758605,-0.22532535929188593,-4.598419680408198e-05,-0.0011188285289665822,1.5539112713385624e-06,-0.7153691121129159,0.6987458634261005
2026-09-30T02:32:06.490 0.03639801880501097,-0.23605467748877745,-4.52720181802862e-05,-0.0011284781857551262,5.804003605953792e-07,-0.7207275389209795,0.6932175280368749
2026-09-30T02:32:06.529 0.03582213198151665,-0.24657466612443674,-4.4806584227319684e-05,-0.0011409977297880613,-3.903675505717911e-06,-0.7259861851328866,0.6877083372368987
2026-09-30T02:32:06.602 0.03509460965012618,-0.25694707556868834,-4.386300636962207e-05,-0.0011513153743822298,-5.922172071155295e-06,-0.7311688967674207,0.6821955136452816
2026-09-30T02:32:06.653 0.03421449845115881,-0.2672267421067719,-4.267818605883144e-05,-0.0011611551991758306,-7.406856350901886e-06,-0.7363007661862011,0.6766534071275745
2026-09-30T02:32:06.716 0.03318418325434187,-0.27744764035615943,-4.109197481998424e-05,-0.0011696581469720223,-7.722744773697102e-06,-0.7413921057441153,0.6710710673099274
2026-09-30T02:32:06.756 0.03202750395167301,-0.2874747058916568,-3.9291102674142524e-05,-0.0011781198105595848,-8.103002717393405e-06,-0.7464212181666681,0.6654727470292383
2026-09-30T02:32:06.829 0.03075113501853845,-0.2972602549134736,-3.768846329104882e-05,-0.00118890351453287,-1.0658860996182423e-05,-0.7513325496344889,0.6599227123342252
2026-09-30T02:32:06.865 0.029347925120809366,-0.3068670512025552,-3.600451688744235e-05,-0.0011959896266280855,-9.719497912742401e-06,-0.7561060179647864,0.6544480568477369
2026-09-30T02:32:06.938 0.027797850580831448,-0.3165229635679354,-3.383503256473095e-05,-0.0012014590808339537,-7.24228350800268e-06,-0.7608318636074816,0.6489479422597726
2026-09-30T02:32:06.979 0.02607087276089604,-0.32633218130680147,-3.065565912453282e-05,-0.001207234803148845,-5.785612527466957e-06,-0.7656064068972713,0.6433081472113553
2026-09-30T02:32:07.047 0.02420799575049759,-0.33608209413509865,-2.727632645698845e-05,-0.0012136188013852388,-5.676726987641365e-06,-0.7703789832763114,0.6375850917511612
2026-09-30T02:32:07.087 0.022231151460793873,-0.34565647271949534,-2.4432088057132494e-05,-0.0012248692378966223,-8.802364308377173e-06,-0.7750937393911842,0.6318450718130667
2026-09-30T02:32:07.156 0.020133189052979446,-0.3550956694944132,-2.1351670102672613e-05,-0.001232718111581437,-9.10931094779724e-06,-0.7797571191274938,0.626080917688017
2026-09-30T02:32:07.197 0.01790648006639537,-0.36444128859791036,-1.7769683483827995e-05,-0.0012408838461723576,-9.732921723912855e-06,-0.7843875375299263,0.620269821190979
2026-09-30T02:32:07.269 0.015550547380902387,-0.3737175891264803,-1.4057898866786583e-05,-0.0012483965635522924,-9.669303941584563e-06,-0.7889867239182091,0.6144089768983981
2026-09-30T02:32:07.310 0.013062053304458851,-0.3829357171907164,-1.019613577536916e-05,-0.0012553189334621176,-1.0124582261955092e-05,-0.7935569432430892,0.6084947016224159
2026-09-30T02:32:07.380 0.01044195174940522,-0.39210157363842485,-6.081593106566232e-06,-0.0012621914294234189,-9.63698506240253e-06,-0.7980957512716012,0.602529317612133
2026-09-30T02:32:07.421 0.007684997781430166,-0.4012177215353412,-1.5569657846904615e-06,-0.0012687970156102476,-9.3853212120332e-06,-0.8026029693648544,0.5965122493568492
2026-09-30T02:32:07.503 0.004794051723603322,-0.41028499531055374,2.9261884692730356e-06,-0.0012754014626704163,-8.839810246422071e-06,-0.8070744249558429,0.5904483430878287
2026-09-30T02:32:07.543 0.0017657763381075235,-0.41930196449453794,7.775477781184044e-06,-0.0012813696490291157,-7.919583688975015e-06,-0.8115088668418041,0.5843387006405051
2026-09-30T02:32:07.613 -0.001337841675453937,-0.42812611360123254,1.2728955363025067e-05,-0.0012888249013317632,-7.84560470010656e-06,-0.8158769675929171,0.5782241024206846
2026-09-30T02:32:07.652 -0.004500114296857052,-0.4367060632167964,1.7372795551663855e-05,-0.0012982549501099625,-9.890337752001855e-06,-0.8201561364436388,0.5721382929765398
2026-09-30T02:32:07.720 -0.007743451416221623,-0.44510660387218504,2.2129873364673385e-05,-0.0013068473513877076,-1.0610434392954238e-05,-0.8243672374225359,0.5660538401086553
2026-09-30T02:32:07.757 -0.011142713119236944,-0.45353009427885016,2.7565623199046538e-05,-0.0013152868762790267,-1.231339716679723e-05,-0.8285572388903867,0.5599028234891767
2026-09-30T02:32:07.829 -0.01473318489236649,-0.4620547361750498,3.3378221249463653e-05,-0.0013191047478714965,-9.9027795880378e-06,-0.8327545164797688,0.5536408358738957
2026-09-30T02:32:07.864 -0.01849865462019938,-0.470624560595184,3.978044302003463e-05,-0.0013220846448386617,-8.08987898013977e-06,-0.8369392782853772,0.5472941590131379
2026-09-30T02:32:07.944 -0.022415759128584713,-0.4791887840878772,4.5990280502480935e-05,-0.0013276765549562319,-7.4747789946943915e-06,-0.8410905405498168,0.5408927248694606
2026-09-30T02:32:07.977 -0.026479252756490726,-0.4877202268689835,5.2506074867674345e-05,-0.0013340475841238392,-7.466090366989638e-06,-0.8451966220992658,0.5344538242479812
2026-09-30T02:32:08.086 -0.03074873890448505,-0.4963417348618467,5.918366918668167e-05,-0.0013406417220611258,-7.4140542588354605e-06,-0.8492809482452485,0.527939460139566
2026-09-30T02:32:08.128 -0.03515984511716225,-0.5049122230616823,6.674082266460767e-05,-0.0013444119163816875,-5.6572996867070675e-06,-0.853328441276112,0.5213720013904425
2026-09-30T02:32:08.195 -0.03966918269381045,-0.5133579003722426,7.352939448313793e-05,-0.0013529709865038814,-7.519671486614974e-06,-0.857292543450287,0.5148278006843667
2026-09-30T02:32:08.233 -0.044207609853439495,-0.5215727590620961,8.058743542059341e-05,-0.0013594230795553606,-7.214655143285842e-06,-0.8611669420401185,0.5083204204575208
2026-09-30T02:32:08.303 -0.04875700811330196,-0.5295222580115695,8.733494820954006e-05,-0.0013706986478694543,-1.0051442478881566e-05,-0.8649473399618898,0.5018607577576039
2026-09-30T02:32:08.349 -0.05335123116721195,-0.5372723501862433,9.437681494763033e-05,-0.0013789972457903168,-1.167637813057219e-05,-0.8686525786388084,0.49541981778528715
2026-09-30T02:32:08.409 -0.05801841199143109,-0.5448813590852685,0.00010153400991020878,-0.0013862092259920803,-1.1899583597420925e-05,-0.8722993460542404,0.48897027430686013
2026-09-30T02:32:08.449 -0.06277190120063587,-0.5523798620594591,0.00010909586870687301,-0.0013925136527844603,-1.2002108605051994e-05,-0.8758984306277054,0.48249352325766925
2026-09-30T02:32:08.515 -0.06762266632865277,-0.5597838928963946,0.00011676681035788735,-0.0013988529112338825,-1.2552014960557747e-05,-0.8794544808321607,0.475980944153455
2026-09-30T02:32:08.555 -0.07257404515921677,-0.5671029287766227,0.00012452231163874762,-0.0014035803688537839,-1.2447095739680763e-05,-0.8829666038921303,0.4694337080125543
2026-09-30T02:32:08.626 -0.07771663510123909,-0.574464733396868,0.00013246093673287626,-0.0014088920787241027,-1.2145321129462577e-05,-0.8864613224694797,0.46280053872188043
2026-09-30T02:32:08.664 -0.08315581406925877,-0.5819963255817344,0.00014161359123070872,-0.0014109399824714364,-9.941637814920716e-06,-0.8899760718159645,0.4560050446481431
2026-09-30T02:32:08.734 -0.08890493413799583,-0.589700268499122,0.000151569252458992,-0.001412275683997139,-7.485478153049331e-06,-0.8935085253526491,0.4490440073572906
2026-09-30T02:32:08.773 -0.09491106847885845,-0.5974901943524878,0.00016164817435038577,-0.0014137432913359504,-5.8514358485418716e-06,-0.8970247073717967,0.44197813934651714
2026-09-30T02:32:08.843 -0.101024970053298,-0.6051732206323265,0.0001713759269628062,-0.0014142385187325439,-3.696640278857402e-06,-0.9004670399207713,0.43492195843860465
2026-09-30T02:32:08.881 -0.1071755912264368,-0.6126651548833842,0.00018066996322990098,-0.00142226849719306,-5.7924611960179345e-06,-0.9038055943207848,0.4279409127358849
2026-09-30T02:32:08.977 -0.11348023110236517,-0.6201048178000642,0.000190311818358021,-0.0014290646090475,-6.284135522676002e-06,-0.9070807303696827,0.4209542805660205
2026-09-30T02:32:09.013 -0.12007383163050185,-0.6276433088557247,0.00020108112268937673,-0.001431042635398616,-4.177534922829345e-06,-0.9103447249068751,0.4138483223763868
2026-09-30T02:32:09.093 -0.12699024838298031,-0.6352965727191285,0.00021279298958588812,-0.0014325122101056505,-2.776680594019548e-06,-0.9136067538108192,0.40659641819907244
2026-09-30T02:32:09.131 -0.13407165155468687,-0.6428841245388732,0.00022467629868323067,-0.001435155847278904,-1.985899265729714e-06,-0.9168164491325064,0.39930632216859835
2026-09-30T02:32:09.242 -0.14135285164898065,-0.6504473601792287,0.0002355492988143304,-0.0014393701893237634,-2.1419555869304962e-06,-0.919955452056115,0.39202027299758324
2026-09-30T02:32:09.280 -0.14895877463450102,-0.658095119293997,0.0002480384236986956,-0.0014426050991741043,-9.241839837298598e-07,-0.9230760982704843,0.38461465870584444
2026-09-30T02:32:09.356 -0.15695617821833246,-0.6658779772648875,0.0002614743724050495,-0.0014442284119468162,2.039012023558835e-07,-0.9261974024983589,0.377036186339648
2026-09-30T02:32:09.399 -0.1653860704045221,-0.6738080343511073,0.00027578787461553705,-0.0014466904982091521,1.1102715723828083e-06,-0.92932878055573,0.3692504904751918
2026-09-30T02:32:09.471 -0.17413591945499726,-0.6817547549638068,0.0002907711791972596,-0.001449780975324584,1.6638435673876483e-06,-0.9324318466680129,0.36134298035472434
2026-09-30T02:32:09.507 -0.18301213444998515,-0.6895562206483886,0.0003044194338045262,-0.0014505959353746576,2.1774047219994817e-06,-0.9354317384729611,0.3535043966121848
2026-09-30T02:32:09.581 -0.191931267948659,-0.69714552414028,0.00031779278113672053,-0.0014551600372047701,1.469516759560495e-06,-0.9383043108602536,0.3458076094133434
2026-09-30T02:32:09.618 -0.20102826229489276,-0.7046312071964568,0.00033176025143049807,-0.0014613437436124701,9.647748568021562e-07,-0.9410928987814849,0.338144969408971
2026-09-30T02:32:09.693 -0.21044807347260783,-0.7121291728736143,0.00034710240066007414,-0.0014665110759364906,8.607220181432675e-07,-0.943847036658062,0.3303795101641722
2026-09-30T02:32:09.731 -0.22022884896177744,-0.7196477365000487,0.0003634623125992916,-0.001470638469057495,9.6873774108947e-07,-0.946576619106747,0.3224756446338165
2026-09-30T02:32:09.800 -0.23030860208147477,-0.7271252362904502,0.00037992240341199043,-0.0014741734847337209,8.526880295279512e-07,-0.9492616182878671,0.3144840327541443
2026-09-30T02:32:09.842 -0.24062105339047687,-0.7345117227180497,0.0003962437583652286,-0.0014771430255644336,4.7299895789569546e-07,-0.951876880556171,0.30647711547668827
2026-09-30T02:32:09.913 -0.2511232871793523,-0.741771223839319,0.0004129098601439084,-0.0014820720032205522,3.5227363964038513e-08,-0.9544136418499518,0.298483506601769
2026-09-30T02:32:09.951 -0.26177715718925154,-0.7488751587468526,0.00042966667481414785,-0.0014854651632178956,-1.3355509831141544e-07,-0.9568543807781443,0.29056408480558177
2026-09-30T02:32:10.022 -0.27255023858255834,-0.755810309702426,0.00044653743868202023,-0.0014889412077006895,2.5928855953818435e-07,-0.9591850886111972,0.2827750852531793
2026-09-30T02:32:10.075 -0.2834463460529257,-0.7625803275385643,0.00046349838150010376,-0.001490444132246148,1.2055033261089775e-06,-0.96140952206352,0.2751172649261215
2026-09-30T02:32:10.130 -0.2944688173521645,-0.7691934824417535,0.0004805547821316084,-0.0014933047487496183,1.1693779270207075e-06,-0.9635381690728294,0.2675667520065592
2026-09-30T02:32:10.169 -0.3056147911016813,-0.7756502363119288,0.0004979256342101833,-0.0014966829229405064,1.0340656269716703e-06,-0.9655787790170448,0.26010648098636874
2026-09-30T02:32:10.239 -0.31688140621329836,-0.7819504401014497,0.0005156511175587299,-0.0015005416250928165,6.339972799752775e-07,-0.9675376105021812,0.25272261600054524
2026-09-30T02:32:10.282 -0.3282615106809246,-0.7880921863716922,0.0005333920977776981,-0.0015048381140267731,2.3229289931878808e-07,-0.9694206241208695,0.2454004665669991
2026-09-30T02:32:10.357 -0.33975462726548755,-0.7940737614830667,0.0005514160412229525,-0.0015083498933110412,-2.69554555511908e-07,-0.9712315163763782,0.23813245574210964
2026-09-30T02:32:10.398 -0.3513507424820579,-0.7998941967340321,0.0005696624117768585,-0.0015130228437464956,-6.961347963382568e-07,-0.9729742793059544,0.2309085588938804
2026-09-30T02:32:10.469 -0.3630450881519655,-0.8055498710824004,0.0005880342626910242,-0.001515742458085031,-1.067038948885854e-06,-0.9746520148622911,0.22372114886290626
2026-09-30T02:32:10.507 -0.37482383605408875,-0.8110339298199185,0.0006065395311573445,-0.0015206399974120033,-1.702701120117723e-06,-0.9762572093463932,0.21660920767661765
2026-09-30T02:32:10.587 -0.38666886672606604,-0.8163428560444476,0.0006249707535470736,-0.0015207649518296342,-8.009746851070212e-07,-0.977779913923045,0.20962854577075818
2026-09-30T02:32:10.626 -0.3985882856080055,-0.8214863207115836,0.0006437579802451536,-0.0015210530770071867,-1.5831406545122233e-07,-0.9792242374399788,0.20277470061031846
2026-09-30T02:32:10.701 -0.41058018639597105,-0.8264676169540619,0.0006622127435118083,-0.001521716332538585,5.4763805595769e-08,-0.9805877953733853,0.19607462850701618
2026-09-30T02:32:10.737 -0.4226307398161917,-0.8312867743999881,0.0006809539285102659,-0.001519334874945985,1.2702597134849607e-06,-0.9818664178507477,0.1895680065751217
2026-09-30T02:32:10.812 -0.43474995967948327,-0.8359544326045697,0.0006997589512311814,-0.0015188980612543177,1.908750783053385e-06,-0.9830674324079817,0.18323786803991912
2026-09-30T02:32:10.847 -0.4469478594171486,-0.8404795621929134,0.000718658546815889,-0.0015195273673943427,1.8679082799948461e-06,-0.984200555510573,0.17705072031982982
2026-09-30T02:32:10.937 -0.4592249155462543,-0.8448650837985838,0.0007378322833829916,-0.0015205795299160765,1.8034764619314976e-06,-0.9852731192004196,0.17098119316379942
2026-09-30T02:32:10.976 -0.4715787441704656,-0.8491106993683725,0.0007570975775225669,-0.001523082007119722,1.5413695148683707e-06,-0.9862913813012784,0.16500603440371614
2026-09-30T02:32:11.043 -0.4840031461294997,-0.8532165876381369,0.0007766234418837491,-0.0015264105660914734,1.088111853567048e-06,-0.9872600511854658,0.15910770378228486
2026-09-30T02:32:11.084 -0.4964866777123721,-0.8571779651910871,0.0007961980665090559,-0.0015294114154896894,7.180574657438558e-07,-0.9881744803509593,0.15332598371873601
2026-09-30T02:32:11.153 -0.5090097886590885,-0.8609954725310202,0.0008157607380852177,-0.0015294159764801855,1.2746204930211137e-06,-0.9890292465617984,0.1477119166842938
2026-09-30T02:32:11.196 -0.5215734326543566,-0.8646738035357262,0.0008352682618124271,-0.0015284872974022344,1.7998942009076772e-06,-0.9898207716188974,0.1423112918749346
2026-09-30T02:32:11.264 -0.5341714106721868,-0.868221183568134,0.0008547406402302852,-0.0015259183887498784,2.56067843422394e-06,-0.9905483406270436,0.13715559211174927
2026-09-30T02:32:11.302 -0.5468151666881186,-0.8716475816491661,0.0008741810681485052,-0.0015245334700394045,2.998422682336128e-06,-0.9912196405310195,0.1322168673591417
2026-09-30T02:32:11.366 -0.5595170978351951,-0.8749608806491223,0.0008939369741747875,-0.0015255426747962867,2.7694692255793553e-06,-0.9918437305624251,0.12745072324584497
2026-09-30T02:32:11.406 -0.5722748201090656,-0.8781637478458638,0.0009138704788119392,-0.0015278368428528403,2.4470142359960516e-06,-0.9924278836059117,0.12281922304787954
2026-09-30T02:32:11.475 -0.5850830887754701,-0.8812564439437284,0.0009336752660204622,-0.0015311714895797127,2.155633439490657e-06,-0.9929775836702653,0.11829274634390739
2026-09-30T02:32:11.516 -0.5979357039645954,-0.8842393637453281,0.0009539673827618765,-0.0015357249490103098,1.5646486630791015e-06,-0.9934971223039941,0.11384686873215072
2026-09-30T02:32:11.580 -0.6108216993767841,-0.8871107264239287,0.0009741483437931175,-0.0015400864187510397,1.1772635937522e-06,-0.9939830432898553,0.10952322942953475
2026-09-30T02:32:11.620 -0.6237296308782465,-0.8898731320880731,0.0009942149563603449,-0.0015390903932063654,1.5064541504642107e-06,-0.9944311184310052,0.10537733102784812
2026-09-30T02:32:11.690 -0.6366647432198282,-0.8925343592099008,0.0010143990321051463,-0.0015392223604750062,1.5029835009431461e-06,-0.9948453362192281,0.10139224721405966
2026-09-30T02:32:11.736 -0.6496351428495264,-0.8950988782398605,0.001034534574859115,-0.0015407882396443761,1.4616310979133005e-06,-0.9952313590926433,0.09753034321724877
2026-09-30T02:32:11.800 -0.6626341536134684,-0.8975681121547489,0.0010548792504002388,-0.001543650090910494,1.324181941787516e-06,-0.9955938365367757,0.09375782523409754
2026-09-30T02:32:11.842 -0.6756612987849204,-0.899942694247927,0.0010753577991891904,-0.001547355478010584,9.505798868254788e-07,-0.9959357492774051,0.09005325647290435
2026-09-30T02:32:11.919 -0.6885225064489519,-0.9021926483902849,0.0010955441576436143,-0.0015511410594464402,4.3392651251318234e-07,-0.996251613834572,0.08648881946955132
2026-09-30T02:32:11.958 -0.7010103536304587,-0.904290933813418,0.0011147378331956394,-0.0015503860565388968,9.543323870978374e-07,-0.9965321347164942,0.08319435545487597
2026-09-30T02:32:12.036 -0.7130270885809327,-0.9062352098042848,0.00113296308350874,-0.0015504321989756441,1.3077105872266135e-06,-0.9967752807715459,0.08022864701023265
2026-09-30T02:32:12.074 -0.7245317029130555,-0.9080344612467524,0.0011503636880624086,-0.0015485331140437809,1.7027209525861426e-06,-0.9969809347122845,0.07763129435037805
2026-09-30T02:32:12.143 -0.7355008317309276,-0.9096998041129294,0.0011667536946756883,-0.0015469058750871348,2.723688296721456e-06,-0.9971501079082727,0.07542724556362372
2026-09-30T02:32:12.183 -0.7459311357398372,-0.9112425930454706,0.0011829473905365581,-0.0015446659961730997,1.948267990970747e-06,-0.9972852448341161,0.07361898151510927
2026-09-30T02:32:12.251 -0.7558068814435426,-0.9126767306299214,0.0011974744873975546,-0.0015425799206142362,2.2330560421319667e-06,-0.9973924249002909,0.07215241640942884
2026-09-30T02:32:12.291 -0.7651356960074426,-0.914008222130048,0.001211703053095764,-0.0015460631127369932,2.304417027124839e-06,-0.9974817177711455,0.07090720975941853
2026-09-30T02:32:12.364 -0.773915672796552,-0.9152423276318279,0.0012251383350665216,-0.001551157365544787,2.191358094261913e-06,-0.9975592663329775,0.06980762178470958
2026-09-30T02:32:12.404 -0.7821482418269468,-0.9163826979377118,0.0012380657174059784,-0.0015567554379311355,1.8477218417843352e-06,-0.9976287076330929,0.06880798075381528
2026-09-30T02:32:12.482 -0.789832927023342,-0.9174324920879621,0.001249977807853456,-0.001562010314012022,1.5362481587814978e-06,-0.99769290360166,0.0678706875190447
2026-09-30T02:32:12.522 -0.796970204859154,-0.9183943550446555,0.0012610839767676029,-0.0015665155106522313,1.196190420839376e-06,-0.9977532255792306,0.06697795812030363
2026-09-30T02:32:12.611 -0.8035586446122003,-0.9192701941383927,0.0012715011718107256,-0.0015704240284460022,8.574006137620866e-07,-0.9978100907057128,0.06612531023362554
2026-09-30T02:32:12.650 -0.809601107623927,-0.9200624978991542,0.001281010399831763,-0.0015727174336030165,5.714801271061766e-07,-0.9978638574386003,0.06530887058665398
2026-09-30T02:32:12.725 -0.815093302096059,-0.9207701933892708,0.0012897836889954007,-0.001576024635465402,3.918970420313023e-06,-0.9979134507030275,0.06454658036617027
2026-09-30T02:32:12.769 -0.8200318902544086,-0.9214036294231912,0.001297681653200738,-0.00157584981693493,-1.0960722801829202e-06,-0.997956668449983,0.06387491363879842
2026-09-30T02:32:12.842 -0.8244264103359844,-0.9219592298424673,0.001303795499625027,-0.001574480636279781,9.60797356977789e-07,-0.9979952375610829,0.06326947775350068
2026-09-30T02:32:12.880 -0.8282697064399875,-0.9224431487362401,0.001310185179140777,-0.001574533396028212,-1.9662214931116593e-07,-0.9980282021850623,0.06274733849175558
2026-09-30T02:32:12.949 -0.8315655962897377,-0.9228541866094111,0.0013149493767436332,-0.001573251971642743,7.732744346131637e-07,-0.9980568759226415,0.06228962434605948
2026-09-30T02:32:12.989 -0.8343064480693226,-0.9231945487375031,0.001319595946455123,-0.00157343776502905,-5.569328202027098e-08,-0.9980825679857469,0.06187658504291946
2026-09-30T02:32:13.057 -0.8364998933497798,-0.9234646375481774,0.0013227511449633625,-0.0015718129272767065,7.179241330823126e-07,-0.9981048040740178,0.061516904083129036
2026-09-30T02:32:13.111 -0.8381435475344532,-0.923665510993815,0.0013246645222147007,-0.0015718601175623193,2.0081216269416387e-06,-0.9981200047816984,0.06126977481858907
2026-09-30T02:32:13.176 -0.8392364547062664,-0.9237976235475659,0.0013267501789673076,-0.001572213740239725,3.4637724958166605e-06,-0.9981308536652441,0.06109277447823402
2026-09-30T02:32:13.218 -0.8397781404170968,-0.9238640150405912,0.001327472544103803,-0.0015718753165350494,1.5220263743344524e-06,-0.9981381264502299,0.0609738446557016
2026-09-30T02:32:13.294 -0.8399827026808796,-0.923889044116247,0.0013279896990513883,-0.0015725302160711433,8.619303201953812e-07,-0.998139556591873,0.060950411930978735
2026-09-30T02:32:13.331 -0.840066149138004,-0.9238993493198324,0.0013280024293587812,-0.001572665185494617,1.0361006928891731e-06,-0.9981396757068162,0.06094845775762497
2026-09-30T02:32:13.405 -0.8401071564068368,-0.9239043491756357,0.0013284546978694328,-0.0015727197334261557,9.06884387419379e-08,-0.9981411659338689,0.060924046326625805
2026-09-30T02:32:13.449 -0.840134336215371,-0.923907560718087,0.0013283933644107797,-0.0015729630950251383,1.1134699489812083e-08,-0.9981409869090577,0.06092697300304793
2026-09-30T02:32:13.519 -0.8401553170627047,-0.9239101090808096,0.0013283818343230078,-0.0015727624491418996,9.702927633961195e-08,-0.9981411659001037,0.06092404577710422
2026-09-30T02:32:13.559 -0.8401762977696148,-0.92391258293771,0.0013284597110784584,-0.0015728735549825309,1.095727760091644e-07,-0.9981415234771489,0.06091818430882923
2026-09-30T02:32:13.631 -0.8401953712957609,-0.9239150120671323,0.001328430264108333,-0.001572865689362063,1.7243388707031666e-07,-0.9981415234833718,0.06091818440980552
2026-09-30T02:32:13.677 -0.8402134909615202,-0.923917344326978,0.0013285185184027676,-0.0015728902988293271,1.1239015615405798e-07,-0.9981418811287872,0.06091232348861337
2026-09-30T02:32:13.741 -0.8402325645390084,-0.9239194381802789,0.0013284592690926665,-0.001572924746975577,2.2808243029323893e-07,-0.998142059934005,0.06090939253013122
2026-09-30T02:32:13.794 -0.8402502073456768,-0.9239216884777319,0.0013285616705861918,-0.0015729619245544368,2.2897478488134904e-07,-0.9981422387370561,0.060906461395396884
2026-09-30T02:32:13.860 -0.840269280708871,-0.9239239611449425,0.001328636531588452,-0.0015729711122370001,2.7275305725294037e-07,-0.9981424175622374,0.06090353047909399
2026-09-30T02:32:13.898 -0.8402878774004251,-0.9239262338061688,0.0013286063306626637,-0.0015729316814844913,3.2753764558952473e-07,-0.9981425368150382,0.06090157704245767
2026-09-30T02:32:13.979 -0.8403055203959513,-0.9239284543013212,0.0013285895230107695,-0.0015729197129209995,2.408994454327004e-07,-0.9981428348785609,0.06089669206211916
2026-09-30T02:32:14.020 -0.8403241166649207,-0.9239306077532088,0.001328827542631709,-0.0015730369777366927,3.8067040606088777e-07,-0.9981428943966927,0.06089571347734311
2026-09-30T02:32:14.103 -0.8403436671947089,-0.9239328655252999,0.0013286945415656494,-0.0015729577780245162,3.417090280902879e-07,-0.9981431329025523,0.060891806043093584
2026-09-30T02:32:14.138 -0.8403608331619074,-0.923935346784748,0.0013287961891668817,-0.0015729733542032484,2.792385347104417e-07,-0.9981433713334936,0.06088789713692231
2026-09-30T02:32:14.220 -0.8403799066450605,-0.9239374480886184,0.0013287965444282721,-0.0015729542499749196,2.7093839645734096e-07,-0.9981434905702247,0.060885942935476514
2026-09-30T02:32:14.260 -0.8403980263350366,-0.9239397281944028,0.0013288698975716074,-0.0015729399872589083,3.489024218920798e-07,-0.9981436694139517,0.06088301132932328
2026-09-30T02:32:14.362 -0.8404151923978832,-0.9239420976951529,0.0013289119405842872,-0.0015729786585389424,2.738768645111489e-07,-0.9981439078266398,0.06087910155898772
2026-09-30T02:32:14.397 -0.8404347426716974,-0.9239441021474736,0.001328942852045043,-0.0015729718976384905,2.090661749131749e-07,-0.9981440270536104,0.060877146915464725
2026-09-30T02:32:14.482 -0.8404533394102784,-0.9239463822592859,0.0013288828488353369,-0.0015729780589480138,2.969463134520166e-07,-0.9981442058811966,0.06087421462108165
2026-09-30T02:32:14.518 -0.8404690749871866,-0.9239487368408674,0.0013289077289127963,-0.0015729587555890264,3.1490581588843244e-07,-0.9981445039505403,0.06086932753024381
2026-09-30T02:32:14.619 -0.8404891020024774,-0.9239508083544059,0.0013289989988848644,-0.0015729236010384377,2.094947517792423e-07,-0.9981444443675029,0.06087030548297202
2026-09-30T02:32:14.656 -0.8405076987878038,-0.9239531182685461,0.0013289091933948963,-0.0015728572756651333,1.5143728458128687e-07,-0.9981448020848291,0.06086444110484452
2026-09-30T02:32:14.736 -0.84052438796875,-0.923955346202256,0.0013289802847394863,-0.0015729186995192084,2.625528507335239e-07,-0.9981449808687376,0.060861507484152415
2026-09-30T02:32:14.774 -0.8405444150302235,-0.923957492221606,0.0013290417524386047,-0.0015728755820934026,3.0834852761124146e-07,-0.9981451001244603,0.06085955274104082
2026-09-30T02:32:14.858 -0.8405630115806034,-0.9239597499816548,0.0013291009583657877,-0.0015729822154536422,3.030609350519327e-07,-0.9981452192618052,0.06085759600626028
2026-09-30T02:32:14.894 -0.840579700901692,-0.9239620747729287,0.0013290826428708111,-0.0015729426107105138,2.84875804577075e-07,-0.9981455173472019,0.06085270783744354
2026-09-30T02:32:14.975 -0.8405992512214073,-0.9239641760828027,0.0013290837520622731,-0.0015728825963853721,2.90300595757235e-07,-0.9981456962270983,0.06084977521384289
2026-09-30T02:32:15.016 -0.8406168940506981,-0.9239665008860644,0.0013291712524254172,-0.001572905713912625,2.898681161202639e-07,-0.9981458154304625,0.060847819239381894
2026-09-30T02:32:15.097 -0.8406345370927819,-0.9239687660847059,0.0013291246424956985,-0.001572949071160701,1.4989923101489322e-07,-0.9981461134502744,0.060842929213748544
2026-09-30T02:32:15.132 -0.8406536103395816,-0.9239709269931939,0.0013292740091925194,-0.0015729303097810911,3.0997164759115383e-07,-0.9981461730759382,0.060841951513768346
2026-09-30T02:32:15.204 -0.8406722070782564,-0.9239731996544256,0.0013292140059815946,-0.001572948673021966,2.555900409943392e-07,-0.9981464711155176,0.06083706133637553
2026-09-30T02:32:15.253 -0.8406888963522244,-0.9239755244456943,0.0013292254927717547,-0.0015729390208177548,2.8248082159691517e-07,-0.9981466499556109,0.06083412730654066
2026-09-30T02:32:15.325 -0.840707969670268,-0.9239776406507068,0.0013293301560335594,-0.001572928180451357,1.8070477949831763e-07,-0.9981467691858124,0.06083217126514169
2026-09-30T02:32:15.362 -0.8407275200115737,-0.923979898422776,0.0013293163641080448,-0.0015729431885912089,2.269694681904165e-07,-0.9981470076172362,0.06082825851880776
2026-09-30T02:32:15.444 -0.8407446862156883,-0.9239822753741231,0.0013292690002665345,-0.0015729009391990754,2.3689590420215733e-07,-0.9981472460939194,0.06082434625792802
2026-09-30T02:32:15.480 -0.8407637593923699,-0.9239843915791193,0.0013294630703837482,-0.0015728229179574312,2.2170451643966e-07,-0.9981473057664133,0.06082336902268924
2026-09-30T02:32:15.555 -0.840781879295233,-0.9239866046297028,0.0013294023132330022,-0.00157293204861895,3.372239973509237e-07,-0.9981476037342676,0.0608184761745662
2026-09-30T02:32:15.591 -0.8407985684525251,-0.9239888400139905,0.0013294883057213792,-0.001572964132260434,4.432838018846508e-07,-0.99814772293056,0.060816519073195255
2026-09-30T02:32:15.669 -0.8408166882393688,-0.9239909115035292,0.0013295020542603197,-0.0015729362580721813,4.174952653229459e-07,-0.9981479017850587,0.060813584283763315
2026-09-30T02:32:15.710 -0.8408362384629668,-0.923993161825004,0.0013295627680464275,-0.0015728832863727263,3.338032803428871e-07,-0.9981479614377469,0.060812606552641264
2026-09-30T02:32:15.787 -0.8408534045492801,-0.9239955387763374,0.0013295899099177578,-0.0015729356642126195,3.7920602227697823e-07,-0.9981482594504623,0.06080771356715606
2026-09-30T02:32:15.824 -0.8408729549870785,-0.9239976177344833,0.0013295165133927229,-0.001572963261860259,4.018623078436195e-07,-0.9981484382611191,0.06080477763551579
2026-09-30T02:32:15.901 -0.840890597721565,-0.9239999872412177,0.0013296636183334515,-0.0015728223456216333,2.910833159004491e-07,-0.9981486172049707,0.060801843735115386
2026-09-30T02:32:15.935 -0.840907287022189,-0.9240020661633292,0.0013296602039408276,-0.0015730164342298073,3.3958888477103536e-07,-0.9981487958840249,0.06079890537216433
2026-09-30T02:32:16.017 -0.8409258837389918,-0.9240042047141075,0.001329615101850535,-0.0015729183155949798,2.767874444082145e-07,-0.9981488555724038,0.06079792798604725
2026-09-30T02:32:16.059 -0.8409449571500571,-0.9240064177766788,0.0013296601605579097,-0.0015729699408697424,3.373685568014215e-07,-0.9981491535857228,0.060793033824251205
2026-09-30T02:32:16.143 -0.8409621231897186,-0.9240087574751037,0.001329717104708283,-0.0015729768056891914,3.0758030868303266e-07,-0.9981493324127684,0.0607900974486742
2026-09-30T02:32:16.179 -0.8409802430701472,-0.9240108811187174,0.0013296712486854816,-0.001572896971016503,2.9730892115013e-07,-0.9981494516975246,0.060788140874362045
2026-09-30T02:32:16.255 -0.8409988394791652,-0.9240131388787498,0.0013298198614680736,-0.0015729430760642689,3.1741082893405925e-07,-0.9981495708827323,0.06078618261246967
2026-09-30T02:32:16.291 -0.8410160057807107,-0.9240152625103675,0.0013297128930148563,-0.0015729074811406732,3.7405859346975064e-07,-0.9981498093541761,0.060782267546857505
2026-09-30T02:32:16.371 -0.8410350792853603,-0.9240175277270138,0.0013296983471604888,-0.001572896908859126,2.892997211223827e-07,-0.9981500478058299,0.06077835190633442
2026-09-30T02:32:16.410 -0.8410527218803613,-0.9240197482221199,0.0013299348589322533,-0.0015729750995997665,2.949854023300439e-07,-0.9981501073548489,0.06077737191383658
2026-09-30T02:32:16.490 -0.8410698880168906,-0.9240218793042991,0.0013299321984782315,-0.0015729385783730767,2.8998600081158463e-07,-0.9981502862161968,0.06077443533813603
2026-09-30T02:32:16.528 -0.8410889614751703,-0.9240240849162952,0.0013299474548992512,-0.0015729346639017528,2.608986784383633e-07,-0.9981504650517687,0.06077149819951087
2026-09-30T02:32:16.602 -0.8411080349564474,-0.9240263352317776,0.0013299478101850147,-0.0015729126455897987,3.433443135158989e-07,-0.9981507035124889,0.06076758200895447
2026-09-30T02:32:16.641 -0.8411242473016757,-0.9240284961042589,0.0013300181475885652,-0.0015729562977066889,2.5660791288177577e-07,-0.9981508823104579,0.06076464392452478
2026-09-30T02:32:16.716 -0.8411437975492091,-0.9240307166234141,0.0013300639602272298,-0.0015729247186280339,2.784428364739117e-07,-0.9981510015570776,0.060762685904716424
2026-09-30T02:32:16.754 -0.8411619175226595,-0.9240329371245865,0.0013299584996499985,-0.0015729258572536157,2.3683183441187236e-07,-0.9981512996103138,0.06075778954531703
2026-09-30T02:32:16.835 -0.8411790835412934,-0.9240350756573326,0.0013300303449100361,-0.0015729243738664869,2.787405644951031e-07,-0.998151418833147,0.060755830915332085
2026-09-30T02:32:16.876 -0.8411981569049567,-0.9240373110716401,0.0013301052059062032,-0.001572956866592988,2.6211123671640267e-07,-0.9981515380291179,0.06075387178389244
2026-09-30T02:32:16.954 -0.8412153230391409,-0.9240396284183342,0.001330102545482648,-0.0015729478859578567,2.384492547826136e-07,-0.9981517764795302,0.06074995428516147
2026-09-30T02:32:17.011 -0.8412329660355113,-0.9240417818582614,0.0013300857378197857,-0.0015727327163734667,1.852118418580257e-07,-0.9981520150929282,0.06074603919347625
2026-09-30T02:32:17.085 -0.8412510856575268,-0.9240438458972002,0.0013302037943554847,-0.0015729546176439112,1.9506210476135393e-07,-0.9981520745283518,0.06074505682341952
2026-09-30T02:32:17.130 -0.8412696823503003,-0.9240460217008788,0.0013301735934138537,-0.0015728894273545331,3.2170563998511546e-07,-0.998152313023213,0.060741139478575436
2026-09-30T02:32:17.244 -0.841286848416055,-0.9240481602336303,0.0013302156363887553,-0.0015728873175260406,3.7774274109047104e-07,-0.9981524918573759,0.06073820069984664
2026-09-30T02:32:17.282 -0.8413044912716264,-0.9240502689700575,0.00133028823557399,-0.0015729354653850997,3.2546175457322305e-07,-0.9981526110409725,0.060736240795795426
2026-09-30T02:32:17.361 -0.8413235648240536,-0.9240524820326452,0.0013302438874259555,-0.001572950610746931,2.893262846909247e-07,-0.9981528494723202,0.060732321844142234
2026-09-30T02:32:17.403 -0.841339777072883,-0.924054814268469,0.0013303738294278078,-0.001572854755996923,5.205817824413645e-07,-0.9981530283806037,0.06072938384567524
2026-09-30T02:32:17.481 -0.8413583738851468,-0.9240568559617105,0.0013302691227514002,-0.0015729262268998714,3.528354748901584e-07,-0.9981532071565874,0.06072644354792443
2026-09-30T02:32:17.518 -0.8413760165751393,-0.9240590168521827,0.0013304460299431427,-0.0015729456920758609,3.425442705899795e-07,-0.9981533263628629,0.06072448363291993
2026-09-30T02:32:17.596 -0.8413941364321014,-0.9240611330452131,0.0013304150750616905,-0.0015730098479346402,2.526871361589387e-07,-0.9981536243663012,0.060719583367901245
2026-09-30T02:32:17.632 -0.8414122562154742,-0.9240634802062336,0.0013304288236457215,-0.0015729304199815436,2.9187846100484944e-07,-0.9981536840399223,0.06071860445810367
2026-09-30T02:32:17.710 -0.8414303761211516,-0.9240654697393993,0.0013303680664584162,-0.0015729195149086978,2.286664444103515e-07,-0.9981540417135325,0.060712724655440184
2026-09-30T02:32:17.751 -0.8414461114855478,-0.9240678615738592,0.0013305270568250822,-0.0015728787957342393,2.8378544446570434e-07,-0.9981540417457245,0.06071272518087049
2026-09-30T02:32:17.831 -0.8414656618539785,-0.9240698362238683,0.0013304983637106907,-0.0015729119257690612,2.880164810528576e-07,-0.9981542801628688,0.060708804472960995
2026-09-30T02:32:17.873 -0.841483781567046,-0.9240721535825585,0.0013305568157175513,-0.0015729094358763838,1.1485644729161513e-07,-0.9981545186081557,0.06070488397167275
2026-09-30T02:32:17.962 -0.8415004708194235,-0.9240743219116317,0.0013305832036246878,-0.001572866552356274,1.8741842297236543e-07,-0.9981546378637278,0.06070292416271131
2026-09-30T02:32:17.996 -0.8415195442791102,-0.924076415764919,0.0013305984600274275,-0.0015728858352946698,3.2295336113908184e-07,-0.9981548762918331,0.06069900299741481
2026-09-30T02:32:18.078 -0.8415371872272344,-0.9240786586118077,0.0013306114546643255,-0.0015729302636182069,2.7316029601155396e-07,-0.9981549954783783,0.06069704187083644
2026-09-30T02:32:18.118 -0.8415548302466022,-0.9240808567552212,0.001330579745866207,-0.0015728383414036888,2.0570734755333014e-07,-0.9981552339943729,0.06069312176143356
2026-09-30T02:32:18.193 -0.8415739035881122,-0.9240829804108172,0.0013306695079866623,-0.0015729670842821448,1.164471663665053e-07,-0.9981553531142674,0.06069115935513499
2026-09-30T02:32:18.231 -0.8415920233243644,-0.9240853275718321,0.0013307130588558294,-0.0015728188657108387,2.063808421946732e-07,-0.9981555320639435,0.0606882200341959
2026-09-30T02:32:18.305 -0.8416087125310285,-0.9240873841421912,0.0013307692490298222,-0.0015729451560437455,1.5527443187699398e-07,-0.9981557704074523,0.06068429653392514
2026-09-30T02:32:18.345 -0.8416268323639613,-0.9240895375881217,0.0013307531952970316,-0.0015728394500170693,1.249426490097721e-07,-0.9981562473776966,0.060676453397701335
2026-09-30T02:32:18.418 -0.8416459058944227,-0.9240916239908367,0.0013307237482708483,-0.0015728702921168742,1.531453047874924e-07,-0.9981563665749925,0.06067449171463928
2026-09-30T02:32:18.452 -0.8416621181425017,-0.9240940158313051,0.0013308536902824498,-0.0015727754321659276,8.909071366639633e-08,-0.9981564262608079,0.060673512274173794
2026-09-30T02:32:18.540 -0.84168023802687,-0.9240958265505338,0.0013308078342084645,-0.0015728948967362556,3.1841983896127965e-07,-0.9981567242205801,0.06066860716040445
2026-09-30T02:32:18.576 -0.841697880738359,-0.9240981513537819,0.0013309698402844496,-0.0015728834703828665,3.997319611898938e-07,-0.9981567838404567,0.06066762654583308
2026-09-30T02:32:18.656 -0.8417160005727927,-0.924100185590423,0.0013309537865321603,-0.0015729093032078353,3.0828795938128756e-07,-0.9981570222633793,0.06066370300709202
2026-09-30T02:32:18.693 -0.8417350739830136,-0.9241024657082195,0.0013309988452505027,-0.0015729848386111032,3.536732109630869e-07,-0.9981571414253506,0.060661740332315583
2026-09-30T02:32:18.779 -0.8417527169312315,-0.9241047011045278,0.0013310118398861823,-0.0015728736482442038,3.5117354277926944e-07,-0.9981573799565964,0.060657818181554905
2026-09-30T02:32:18.829 -0.8417694062071694,-0.9241068694336038,0.0013310233266507505,-0.001572934187867755,4.6832499287141024e-07,-0.9981576183521063,0.0606538935557522
2026-09-30T02:32:18.905 -0.8417880027353023,-0.9241090228855213,0.0013310974337034406,-0.0015728695839894295,3.0264253481843393e-07,-0.9981577376248374,0.06065193237520729
2026-09-30T02:32:18.944 -0.8418061226162936,-0.9241111018256515,0.0013310515776733271,-0.0015728819704699925,3.849828815552507e-07,-0.998157916447571,0.06064898906991672
2026-09-30T02:32:19.022 -0.8418223350080798,-0.9241133074016217,0.0013310921127990534,-0.001572899562206268,3.6544480732595357e-07,-0.9981580356553426,0.06064702666662219
2026-09-30T02:32:19.064 -0.8418414084208334,-0.9241153863537421,0.001331137171484492,-0.0015730021046620048,3.5946754934079283e-07,-0.998158274017644,0.06064310079776225
2026-09-30T02:32:19.138 -0.8418585746020445,-0.9241177111510224,0.0013311047087770191,-0.00157282529219337,2.911334376329066e-07,-0.998158512600764,0.0606391782855433
2026-09-30T02:32:19.172 -0.8418757405989943,-0.9241197006721539,0.001331191455155252,-0.0015728758988197886,3.0473927212971343e-07,-0.998158512560762,0.060639177631305774
2026-09-30T02:32:19.255 -0.8418933836415473,-0.9241219286178923,0.00133114484521944,-0.0015729085246633623,2.8914857081207046e-07,-0.9981588105891741,0.06063427085316457
2026-09-30T02:32:19.300 -0.841911980170243,-0.9241240373663264,0.0013312189522648181,-0.0015729816996459189,2.9578781183446703e-07,-0.9981589893638549,0.06063132590182227
2026-09-30T02:32:19.375 -0.8419291462105613,-0.9241263249106872,0.001331275896406661,-0.0015728774607267162,2.0278122806605293e-07,-0.9981591682787688,0.060628383101391875
2026-09-30T02:32:19.415 -0.841947742764412,-0.9241283069992539,0.0013313351022887535,-0.001572852111738652,3.2468429965167586e-07,-0.9981592279096585,0.060627402013641245
2026-09-30T02:32:19.492 -0.8419658624552322,-0.9241305200498128,0.0013314084554211212,-0.0015729710033146735,1.7141791323967052e-07,-0.998159466259032,0.06062347465856886
2026-09-30T02:32:19.530 -0.8419830287555582,-0.9241327405389783,0.0013313014869837463,-0.0015728880742089987,2.1381650194974846e-07,-0.9981597643787997,0.060618568098556036
2026-09-30T02:32:19.606 -0.8420006717759579,-0.9241348567260053,0.001331269778172223,-0.0015728800308030559,1.0521977912927486e-07,-0.9981598836068337,0.06061660503847209
2026-09-30T02:32:19.646 -0.8420183145598166,-0.9241370474188106,0.0013313870807985673,-0.0015728183846469808,2.3047376250221895e-07,-0.9981600624881026,0.060613660968655544
2026-09-30T02:32:19.718 -0.8420364344882099,-0.9241391040072046,0.0013313114224796619,-0.001572833154524226,2.0530874056186735e-07,-0.9981602413089544,0.06061071576772192
2026-09-30T02:32:19.753 -0.8420545541073174,-0.9241413990141418,0.001331429479053139,-0.0015729164673749599,1.2828809403242637e-07,-0.9981603604647782,0.060608751270707126
2026-09-30T02:32:19.822 -0.8420707665691277,-0.9241436567441843,0.0013314253107596912,-0.0015728106716329376,4.4162680218619303e-08,-0.9981606586026182,0.06060384381024884
2026-09-30T02:32:19.856 -0.8420884093566449,-0.9241455568643466,0.001331542613338508,-0.0015729048587643766,6.770799291210546e-08,-0.9981606585281678,0.060603842591993425
2026-09-30T02:32:19.927 -0.8421060524470689,-0.924147725205446,0.0013314662011078104,-0.0015728463882247758,1.8532877564195683e-07,-0.9981609566286186,0.06059893411971757
2026-09-30T02:32:19.972 -0.8421232183727749,-0.9241497594300528,0.0013315976509210598,-0.0015729203252240465,2.308757647385292e-07,-0.9981611354027113,0.06059598743454528
2026-09-30T02:32:20.050 -0.842140861320993,-0.924151994826361,0.0013316106455567394,-0.0015729248798832481,1.7381144910583463e-07,-0.9981611353991061,0.060595987375895596
2026-09-30T02:32:20.094 -0.8421589812485419,-0.9241541184699802,0.0013315349872488013,-0.0015728977907195707,1.5156740995612507e-07,-0.9981615526964333,0.06058911380076882
2026-09-30T02:32:20.179 -0.8421780545663978,-0.9241562495761539,0.0013316396505130433,-0.0015728699533086054,1.0050231335025554e-07,-0.998161612329279,0.060588132107814135
2026-09-30T02:32:20.224 -0.8421952206538367,-0.9241585371205201,0.00133166679236975,-0.001572981414457774,1.5356985006789965e-07,-0.9981617314628682,0.0605861665109731
2026-09-30T02:32:20.287 -0.8422109562570256,-0.9241606756352669,0.0013316767712693003,-0.0015727749774106545,8.182232032321479e-08,-0.998162029680275,0.06058125851629276
2026-09-30T02:32:20.325 -0.8422300295768511,-0.9241626502792483,0.0013317814345079504,-0.0015728813245990143,8.144036476983938e-08,-0.9981620892070566,0.06058027495923049
2026-09-30T02:32:20.398 -0.8422467188762556,-0.9241648260589075,0.0013317780201311691,-0.001572939545877117,8.268326465714955e-08,-0.9981622679935742,0.06057732756652858
2026-09-30T02:32:20.434 -0.8422638850841225,-0.9241669049870308,0.0013317306562409125,-0.0015728737522536424,5.0515798934033795e-08,-0.9981625660998141,0.060572417032764746
2026-09-30T02:32:20.506 -0.8422829586608604,-0.9241690584449764,0.0013316714069405607,-0.001572857062045207,1.4285723074850992e-07,-0.9981626257238626,0.060571434923454785
2026-09-30T02:32:20.552 -0.8422991708641641,-0.9241712640209248,0.001331831151206832,-0.0015728888747945633,6.550971503502855e-08,-0.9981629237529467,0.06056652264702639
2026-09-30T02:32:20.611 -0.8423149063496451,-0.9241733950850772,0.0013319156358180043,-0.0015728473624359793,1.5340304921181452e-08,-0.9981629833966044,0.060565540763410954
2026-09-30T02:32:20.651 -0.8423349335782921,-0.9241753622905121,0.0013318727954898977,-0.001572863039114685,5.560554055341995e-08,-0.9981632218276084,0.06056161071657441
2026-09-30T02:32:20.720 -0.8423520995723339,-0.9241775827796421,0.0013319595419059088,-0.001572912915751633,-4.5322062258718895e-08,-0.9981633410098703,0.060559645053210376
2026-09-30T02:32:20.757 -0.8423687888238673,-0.9241798181639408,0.001331985929824013,-0.0015727263386371081,-3.827433635990524e-08,-0.9981635199899009,0.06055669982118477
2026-09-30T02:32:20.824 -0.8423873856847526,-0.924181740647898,0.0013318514208429705,-0.0015727703273011773,-1.787409887575743e-08,-0.9981638180093761,0.06055178618705026
2026-09-30T02:32:20.863 -0.8424050283527795,-0.9241837748784976,0.001332043229156564,-0.0015728988814247577,2.573636832145436e-07,-0.998163877518631,0.060550801861032774
2026-09-30T02:32:20.942 -0.8424217176525591,-0.9241859208558344,0.001332039814774908,-0.0015728772598631057,2.2955534543192738e-07,-0.9981641755899683,0.060545888595939436
2026-09-30T02:32:20.978 -0.8424384068825959,-0.9241879923273573,0.00133208110380877,-0.001572914742340166,1.304745803634284e-07,-0.9981642947820308,0.060543922580945576
