2026-09-30T01:05:37.411 0.0,0.0,0.0,0.0,0.0,0.16
2026-09-30T01:05:37.460 0.0,0.0,0.0,0.0,0.0,0.32
2026-09-30T01:05:37.509 0.0,0.0,0.0,0.0,0.0,0.48
2026-09-30T01:05:37.559 0.0,0.0,0.0,0.0,0.0,0.64
2026-09-30T01:05:37.611 0.0,0.0,0.0,0.0,0.0,0.7
2026-09-30T01:05:37.659 0.0,0.0,0.0,0.0,0.0,0.7
2026-09-30T01:05:37.709 0.0,0.0,0.0,0.0,0.0,0.7
2026-09-30T01:05:37.762 0.0,0.0,0.0,0.0,0.0,0.7
2026-09-30T01:05:37.809 0.0,0.0,0.0,0.0,0.0,0.7
2026-09-30T01:05:37.860 0.0,0.0,0.0,0.0,0.0,0.7
2026-09-30T01:05:37.909 0.0,0.0,0.0,0.0,0.0,0.7
2026-09-30T01:05:37.959 0.0,0.0,0.0,0.0,0.0,0.7
2026-09-30T01:05:38.010 0.0,0.0,0.0,0.0,0.0,0.7
2026-09-30T01:05:38.059 0.0,0.0,0.0,0.0,0.0,0.7
2026-09-30T01:05:38.109 0.0,0.0,0.0,0.0,0.0,0.7
2026-09-30T01:05:38.160 0.0,0.0,0.0,0.0,0.0,0.7
2026-09-30T01:05:38.209 0.0,0.0,0.0,0.0,0.0,0.7
2026-09-30T01:05:38.260 0.0,0.0,0.0,0.0,0.0,0.7
2026-09-30T01:05:38.309 0.0,0.0,0.0,0.0,0.0,0.7
2026-09-30T01:05:38.359 0.0,0.0,0.0,0.0,0.0,0.7
2026-09-30T01:05:38.409 0.0,0.0,0.0,0.0,0.0,0.7
2026-09-30T01:05:38.460 0.0,0.0,0.0,0.0,0.0,0.7
2026-09-30T01:05:38.509 0.0,0.0,0.0,0.0,0.0,0.7
2026-09-30T01:05:38.559 0.0,0.0,0.0,0.0,0.0,0.7
2026-09-30T01:05:38.609 0.0,0.0,0.0,0.0,0.0,0.7
2026-09-30T01:05:38.659 0.0,0.0,0.0,0.0,0.0,0.7
2026-09-30T01:05:38.709 0.0,0.0,0.0,0.0,0.0,0.7
2026-09-30T01:05:38.759 0.0,0.0,0.0,0.0,0.0,0.7
2026-09-30T01:05:38.810 0.0,0.0,0.0,0.0,0.0,0.7
2026-09-30T01:05:38.859 0.0,0.0,0.0,0.0,0.0,0.7
2026-09-30T01:05:38.909 0.0,0.0,0.0,0.0,0.0,0.7
2026-09-30T01:05:38.959 0.0,0.0,0.0,0.0,0.0,0.7
2026-09-30T01:05:39.009 0.0,0.0,0.0,0.0,0.0,0.7
2026-09-30T01:05:39.059 0.0,0.0,0.0,0.0,0.0,0.7
2026-09-30T01:05:39.110 0.0,0.0,0.0,0.0,0.0,0.7
2026-09-30T01:05:39.159 0.0,0.0,0.0,0.0,0.0,0.7
2026-09-30T01:05:39.210 0.0,0.0,0.0,0.0,0.0,0.7
2026-09-30T01:05:39.259 0.0,0.0,0.0,0.0,0.0,0.7
2026-09-30T01:05:39.310 0.0,0.0,0.0,0.0,0.0,0.7
2026-09-30T01:05:39.360 0.0,0.0,0.0,0.0,0.0,0.7
2026-09-30T01:05:39.420 0.0,0.0,0.0,0.0,0.0,0.7
2026-09-30T01:05:39.459 0.0,0.0,0.0,0.0,0.0,0.7
2026-09-30T01:05:39.512 0.0,0.0,0.0,0.0,0.0,0.7
2026-09-30T01:05:39.559 0.0,0.0,0.0,0.0,0.0,0.7
2026-09-30T01:05:39.610 0.0,0.0,0.0,0.0,0.0,0.7
2026-09-30T01:05:39.669 0.0,0.0,0.0,0.0,0.0,0.7
2026-09-30T01:05:39.709 0.0,0.0,0.0,0.0,0.0,0.7
2026-09-30T01:05:39.759 0.0,0.0,0.0,0.0,0.0,0.7
2026-09-30T01:05:39.809 0.0,0.0,0.0,0.0,0.0,0.7
2026-09-30T01:05:39.859 0.0,0.0,0.0,0.0,0.0,0.7
2026-09-30T01:05:39.909 0.0,0.0,0.0,0.0,0.0,0.7
2026-09-30T01:05:39.959 0.0,0.0,0.0,0.0,0.0,0.7
2026-09-30T01:05:40.009 0.0,0.0,0.0,0.0,0.0,0.7
2026-09-30T01:05:40.059 0.0,0.0,0.0,0.0,0.0,0.7
2026-09-30T01:05:40.110 0.0,0.0,0.0,0.0,0.0,0.7
2026-09-30T01:05:40.159 0.0,0.0,0.0,0.0,0.0,0.7
2026-09-30T01:05:40.220 0.0,0.0,0.0,0.0,0.0,0.7
2026-09-30T01:05:40.259 0.0,0.0,0.0,0.0,0.0,0.7
2026-09-30T01:05:40.309 0.0,0.0,0.0,0.0,0.0,0.7
2026-09-30T01:05:40.359 0.0,0.0,0.0,0.0,0.0,0.7
2026-09-30T01:05:40.409 0.0,0.0,0.0,0.0,0.0,0.7
2026-09-30T01:05:40.459 0.0,0.0,0.0,0.0,0.0,0.7
2026-09-30T01:05:40.509 0.0,0.0,0.0,0.0,0.0,0.7
2026-09-30T01:05:40.559 0.0,0.0,0.0,0.0,0.0,0.7
2026-09-30T01:05:40.619 0.0,0.0,0.0,0.0,0.0,0.7
2026-09-30T01:05:40.659 0.0,0.0,0.0,0.0,0.0,0.7
2026-09-30T01:05:40.709 0.0,0.0,0.0,0.0,0.0,0.7
2026-09-30T01:05:40.759 0.0,0.0,0.0,0.0,0.0,0.7
2026-09-30T01:05:40.809 0.0,0.0,0.0,0.0,0.0,0.7
2026-09-30T01:05:40.859 0.0,0.0,0.0,0.0,0.0,0.7
2026-09-30T01:05:40.911 0.0,0.0,0.0,0.0,0.0,0.7
2026-09-30T01:05:40.959 0.0,0.0,0.0,0.0,0.0,0.7
2026-09-30T01:05:41.010 0.0,0.0,0.0,0.0,0.0,0.7
2026-09-30T01:05:41.059 0.0,0.0,0.0,0.0,0.0,0.7
2026-09-30T01:05:41.109 0.0,0.0,0.0,0.0,0.0,0.7
2026-09-30T01:05:41.160 0.0,0.0,0.0,0.0,0.0,0.7
2026-09-30T01:05:41.209 0.0,0.0,0.0,0.0,0.0,0.7
2026-09-30T01:05:41.259 0.0,0.0,0.0,0.0,0.0,0.7
2026-09-30T01:05:41.310 0.0,0.0,0.0,0.0,0.0,0.7
2026-09-30T01:05:41.369 0.0,0.0,0.0,0.0,0.0,0.7
2026-09-30T01:05:41.410 0.0,0.0,0.0,0.0,0.0,0.7
2026-09-30T01:05:41.459 0.0,0.0,0.0,0.0,0.0,0.7
2026-09-30T01:05:41.509 0.0,0.0,0.0,0.0,0.0,0.7
2026-09-30T01:05:41.559 0.0,0.0,0.0,0.0,0.0,0.7
2026-09-30T01:05:41.609 0.0,0.0,0.0,0.0,0.0,0.7
2026-09-30T01:05:41.659 0.0,0.0,0.0,0.0,0.0,0.7
2026-09-30T01:05:41.710 0.0,0.0,0.0,0.0,0.0,0.7
2026-09-30T01:05:41.759 0.0,0.0,0.0,0.0,0.0,0.7
2026-09-30T01:05:41.809 0.0,0.0,0.0,0.0,0.0,0.7
2026-09-30T01:05:41.859 0.0,0.0,0.0,0.0,0.0,0.7
2026-09-30T01:05:41.909 0.0,0.0,0.0,0.0,0.0,0.7
2026-09-30T01:05:41.959 0.0,0.0,0.0,0.0,0.0,0.7
2026-09-30T01:05:42.009 0.0,0.0,0.0,0.0,0.0,0.7
2026-09-30T01:05:42.059 0.0,0.0,0.0,0.0,0.0,0.7
2026-09-30T01:05:42.109 0.0,0.0,0.0,0.0,0.0,0.7
2026-09-30T01:05:42.159 0.0,0.0,0.0,0.0,0.0,0.7
2026-09-30T01:05:42.210 0.0,0.0,0.0,0.0,0.0,0.7
2026-09-30T01:05:42.259 0.0,0.0,0.0,0.0,0.0,0.7
2026-09-30T01:05:42.309 0.0,0.0,0.0,0.0,0.0,0.7
2026-09-30T01:05:42.359 0.0,0.0,0.0,0.0,0.0,0.7
2026-09-30T01:05:42.409 0.0,0.0,0.0,0.0,0.0,0.7
2026-09-30T01:05:42.459 0.0,0.0,0.0,0.0,0.0,0.7
2026-09-30T01:05:42.509 0.0,0.0,0.0,0.0,0.0,0.7
2026-09-30T01:05:42.559 0.0,0.0,0.0,0.0,0.0,0.7
2026-09-30T01:05:42.609 0.0,0.0,0.0,0.0,0.0,0.7
2026-09-30T01:05:42.660 0.0,0.0,0.0,0.0,0.0,0.7
2026-09-30T01:05:42.709 0.0,0.0,0.0,0.0,0.0,0.7
2026-09-30T01:05:42.759 0.0,0.0,0.0,0.0,0.0,0.7
2026-09-30T01:05:42.809 0.0,0.0,0.0,0.0,0.0,0.7
2026-09-30T01:05:42.859 0.0,0.0,0.0,0.0,0.0,0.7
2026-09-30T01:05:42.910 0.0,0.0,0.0,0.0,0.0,0.7
2026-09-30T01:05:42.959 0.0,0.0,0.0,0.0,0.0,0.7
2026-09-30T01:05:43.009 0.0,0.0,0.0,0.0,0.0,0.7
2026-09-30T01:05:43.059 0.0,0.0,0.0,0.0,0.0,0.7
2026-09-30T01:05:43.110 0.0,0.0,0.0,0.0,0.0,0.7
2026-09-30T01:05:43.159 0.0,0.0,0.0,0.0,0.0,0.7
2026-09-30T01:05:43.209 0.0,0.0,0.0,0.0,0.0,0.7
2026-09-30T01:05:43.259 0.0,0.0,0.0,0.0,0.0,0.7
2026-09-30T01:05:43.311 0.0,0.0,0.0,0.0,0.0,0.7
2026-09-30T01:05:43.359 0.0,0.0,0.0,0.0,0.0,0.7
2026-09-30T01:05:43.420 0.0,0.0,0.0,0.0,0.0,0.7
2026-09-30T01:05:43.459 0.0,0.0,0.0,0.0,0.0,0.7
2026-09-30T01:05:43.509 0.0,0.0,0.0,0.0,0.0,0.7
2026-09-30T01:05:43.559 0.0,0.0,0.0,0.0,0.0,0.7
2026-09-30T01:05:43.610 0.0,0.0,0.0,0.0,0.0,0.7
2026-09-30T01:05:43.659 0.0,0.0,0.0,0.0,0.0,0.7
2026-09-30T01:05:43.710 0.0,0.0,0.0,0.0,0.0,0.7
2026-09-30T01:05:43.759 0.0,0.0,0.0,0.0,0.0,0.7
2026-09-30T01:05:43.810 0.0,0.0,0.0,0.0,0.0,0.7
2026-09-30T01:05:43.859 0.0,0.0,0.0,0.0,0.0,0.7
2026-09-30T01:05:43.909 0.0,0.0,0.0,0.0,0.0,0.7
2026-09-30T01:05:43.960 0.0,0.0,0.0,0.0,0.0,0.7
2026-09-30T01:05:44.009 0.0,0.0,0.0,0.0,0.0,0.7
2026-09-30T01:05:44.059 0.0,0.0,0.0,0.0,0.0,0.7
2026-09-30T01:05:44.120 0.0,0.0,0.0,0.0,0.0,0.7
2026-09-30T01:05:44.160 0.0,0.0,0.0,0.0,0.0,0.7
2026-09-30T01:05:44.210 0.0,0.0,0.0,0.0,0.0,0.7
2026-09-30T01:05:44.259 0.0,0.0,0.0,0.0,0.0,0.7
2026-09-30T01:05:44.311 0.0,0.0,0.0,0.0,0.0,0.7
2026-09-30T01:05:44.359 0.0,0.0,0.0,0.0,0.0,0.7
2026-09-30T01:05:44.409 0.0,0.0,0.0,0.0,0.0,0.5568210611191913
2026-09-30T01:05:44.460 0.0,0.0,0.0,0.0,0.0,0.5568210611191913
2026-09-30T01:05:44.509 0.0,0.0,0.0,0.0,0.0,0.5568210611191913
2026-09-30T01:05:44.559 0.0,0.0,0.0,0.0,0.0,0.5568210611191913
2026-09-30T01:05:44.609 0.0,0.0,0.0,0.0,0.0,0.39682106111919124
2026-09-30T01:05:44.659 0.0,0.0,0.0,0.0,0.0,0.23682106111919124
2026-09-30T01:05:44.710 0.0,0.0,0.0,0.0,0.0,0.07682106111919124
2026-09-30T01:05:44.759 0.0,0.0,0.0,0.0,0.0,0.0
2026-09-30T01:05:44.820 0.0,0.0,0.0,0.0,0.0,0.0
2026-09-30T01:05:44.859 0.0,0.0,0.0,0.0,0.0,0.0
2026-09-30T01:05:44.909 0.0,0.0,0.0,0.0,0.0,0.0
2026-09-30T01:05:44.960 0.0,0.0,0.0,0.0,0.0,0.0
2026-09-30T01:05:45.009 0.0,0.0,0.0,0.0,0.0,0.0
2026-09-30T01:05:45.060 0.0,0.0,0.0,0.0,0.0,0.0
2026-09-30T01:05:45.110 0.0,0.0,0.0,0.0,0.0,0.0
2026-09-30T01:05:45.159 0.0,0.0,0.0,0.0,0.0,0.0
2026-09-30T01:05:45.209 0.0,0.0,0.0,0.0,0.0,0.0
2026-09-30T01:05:45.259 0.0,0.0,0.0,0.0,0.0,0.0
2026-09-30T01:05:45.309 0.0,0.0,0.0,0.0,0.0,0.0
2026-09-30T01:05:45.359 0.0,0.0,0.0,0.0,0.0,0.0
2026-09-30T01:05:45.410 0.0,0.0,0.0,0.0,0.0,0.0
2026-09-30T01:05:45.459 0.0,0.0,0.0,0.0,0.0,0.0
2026-09-30T01:05:45.520 0.0,0.0,0.0,0.0,0.0,0.0
2026-09-30T01:05:45.559 0.0,0.0,0.0,0.0,0.0,0.0
2026-09-30T01:05:45.609 0.0,0.0,0.0,0.0,0.0,0.0
2026-09-30T01:05:45.660 0.0,0.0,0.0,0.0,0.0,0.0
2026-09-30T01:05:45.709 0.0,0.0,0.0,0.0,0.0,0.0
2026-09-30T01:05:45.760 0.0,0.0,0.0,0.0,0.0,0.0
2026-09-30T01:05:45.809 0.0,0.0,0.0,0.0,0.0,0.0
2026-09-30T01:05:45.859 0.0,0.0,0.0,0.0,0.0,0.0
2026-09-30T01:05:45.909 0.0,0.0,0.0,0.0,0.0,0.0
2026-09-30T01:05:45.959 0.0,0.0,0.0,0.0,0.0,0.0
2026-09-30T01:05:46.009 0.0,0.0,0.0,0.0,0.0,0.0
2026-09-30T01:05:46.060 0.0,0.0,0.0,0.0,0.0,0.0
2026-09-30T01:05:46.110 0.0,0.0,0.0,0.0,0.0,0.0
2026-09-30T01:05:46.160 0.0,0.0,0.0,0.0,0.0,0.0
2026-09-30T01:05:46.209 0.0,0.0,0.0,0.0,0.0,0.0
2026-09-30T01:05:46.261 0.0,0.0,0.0,0.0,0.0,0.0
2026-09-30T01:05:46.309 0.0,0.0,0.0,0.0,0.0,0.0
2026-09-30T01:05:46.359 0.0,0.0,0.0,0.0,0.0,0.0
2026-09-30T01:05:46.421 0.0,0.0,0.0,0.0,0.0,0.0
2026-09-30T01:05:46.459 0.0,0.0,0.0,0.0,0.0,0.0
2026-09-30T01:05:46.509 0.0,0.0,0.0,0.0,0.0,0.0
2026-09-30T01:05:46.559 0.0,0.0,0.0,0.0,0.0,0.0
2026-09-30T01:05:46.609 0.0,0.0,0.0,0.0,0.0,0.0
2026-09-30T01:05:46.659 0.0,0.0,0.0,0.0,0.0,0.0
2026-09-30T01:05:46.709 0.0,0.0,0.0,0.0,0.0,0.0
2026-09-30T01:05:46.759 0.0,0.0,0.0,0.0,0.0,0.0
2026-09-30T01:05:46.809 0.0,0.0,0.0,0.0,0.0,0.0
2026-09-30T01:05:46.859 0.0,0.0,0.0,0.0,0.0,0.0
2026-09-30T01:05:46.909 0.0,0.0,0.0,0.0,0.0,0.0
2026-09-30T01:05:46.960 0.0,0.0,0.0,0.0,0.0,0.0
2026-09-30T01:05:47.009 0.0,0.0,0.0,0.0,0.0,0.0
2026-09-30T01:05:47.059 0.0,0.0,0.0,0.0,0.0,0.0
2026-09-30T01:05:47.110 0.0,0.0,0.0,0.0,0.0,0.0
2026-09-30T01:05:47.159 0.0,0.0,0.0,0.0,0.0,0.0
2026-09-30T01:05:47.209 0.0,0.0,0.0,0.0,0.0,0.0
2026-09-30T01:05:47.260 0.0,0.0,0.0,0.0,0.0,0.0
2026-09-30T01:05:47.309 0.0,0.0,0.0,0.0,0.0,0.0
2026-09-30T01:05:47.359 0.0,0.0,0.0,0.0,0.0,0.0
2026-09-30T01:05:47.410 0.0,0.0,0.0,0.0,0.0,0.0
2026-09-30T01:05:47.459 0.0,0.0,0.0,0.0,0.0,0.0
2026-09-30T01:06:01.421 -0.125,0.0,0.0,0.0,0.0,0.0
2026-09-30T01:06:01.471 -0.15000000596046448,0.0,0.0,0.0,0.0,0.0
2026-09-30T01:06:01.521 -0.15000000596046448,0.0,0.0,0.0,0.0,0.0
2026-09-30T01:06:01.571 -0.15000000596046448,0.0,0.0,0.0,0.0,0.0
2026-09-30T01:06:01.621 -0.15000000596046448,0.0,0.0,0.0,0.0,0.0
2026-09-30T01:06:01.671 -0.15000000596046448,0.0,0.0,0.0,0.0,0.0
2026-09-30T01:06:01.721 -0.15000000596046448,0.0,0.0,0.0,0.0,0.0
2026-09-30T01:06:01.771 -0.15000000596046448,0.0,0.0,0.0,0.0,0.0
2026-09-30T01:06:01.822 -0.15000000596046448,0.0,0.0,0.0,0.0,0.0
2026-09-30T01:06:01.871 -0.15000000596046448,0.0,0.0,0.0,0.0,0.0
2026-09-30T01:06:01.931 -0.15000000596046448,0.0,0.0,0.0,0.0,0.0
2026-09-30T01:06:01.981 -0.15000000596046448,0.0,0.0,0.0,0.0,0.0
2026-09-30T01:06:02.021 -0.15000000596046448,0.0,0.0,0.0,0.0,0.0
2026-09-30T01:06:02.072 -0.15000000596046448,0.0,0.0,0.0,0.0,0.0
2026-09-30T01:06:02.121 -0.15000000596046448,0.0,0.0,0.0,0.0,0.0
2026-09-30T01:06:02.171 -0.15000000596046448,0.0,0.0,0.0,0.0,0.0
2026-09-30T01:06:02.221 -0.15000000596046448,0.0,0.0,0.0,0.0,0.0
2026-09-30T01:06:02.281 -0.15000000596046448,0.0,0.0,0.0,0.0,0.0
2026-09-30T01:06:02.321 -0.15000000596046448,0.0,0.0,0.0,0.0,0.0
2026-09-30T01:06:02.371 -0.15000000596046448,0.0,0.0,0.0,0.0,0.0
2026-09-30T01:06:02.421 -0.15000000596046448,0.0,0.0,0.0,0.0,0.0
2026-09-30T01:06:02.471 -0.15000000596046448,0.0,0.0,0.0,0.0,0.0
2026-09-30T01:06:02.521 -0.15000000596046448,0.0,0.0,0.0,0.0,0.0
2026-09-30T01:06:02.571 -0.15000000596046448,0.0,0.0,0.0,0.0,0.0
2026-09-30T01:06:02.621 -0.15000000596046448,0.0,0.0,0.0,0.0,0.0
2026-09-30T01:06:02.671 -0.15000000596046448,0.0,0.0,0.0,0.0,0.0
2026-09-30T01:06:02.722 -0.15000000596046448,0.0,0.0,0.0,0.0,0.0
2026-09-30T01:06:02.771 -0.15000000596046448,0.0,0.0,0.0,0.0,0.0
2026-09-30T01:06:02.821 -0.15000000596046448,0.0,0.0,0.0,0.0,0.0
2026-09-30T01:06:02.872 -0.15000000596046448,0.0,0.0,0.0,0.0,0.0
2026-09-30T01:06:02.921 -0.15000000596046448,0.0,0.0,0.0,0.0,0.0
2026-09-30T01:06:02.971 -0.15000000596046448,0.0,0.0,0.0,0.0,0.0
2026-09-30T01:06:03.022 -0.15000000596046448,0.0,0.0,0.0,0.0,0.0
2026-09-30T01:06:03.071 -0.15000000596046448,0.0,0.0,0.0,0.0,0.0
2026-09-30T01:06:03.121 -0.15000000596046448,0.0,0.0,0.0,0.0,0.0
2026-09-30T01:06:03.171 -0.15000000596046448,0.0,0.0,0.0,0.0,0.0
2026-09-30T01:06:03.221 -0.15000000596046448,0.0,0.0,0.0,0.0,0.0
2026-09-30T01:06:03.271 -0.15000000596046448,0.0,0.0,0.0,0.0,0.0
2026-09-30T01:06:03.321 -0.15000000596046448,0.0,0.0,0.0,0.0,0.0
2026-09-30T01:06:03.371 -0.15000000596046448,0.0,0.0,0.0,0.0,0.0
2026-09-30T01:06:03.421 -0.15000000596046448,0.0,0.0,0.0,0.0,0.0
2026-09-30T01:06:03.471 -0.15000000596046448,0.0,0.0,0.0,0.0,0.0
2026-09-30T01:06:03.521 -0.15000000596046448,0.0,0.0,0.0,0.0,0.0
2026-09-30T01:06:03.571 -0.15000000596046448,0.0,0.0,0.0,0.0,0.0
2026-09-30T01:06:03.621 -0.15000000596046448,0.0,0.0,0.0,0.0,0.0
2026-09-30T01:06:03.671 -0.15000000596046448,0.0,0.0,0.0,0.0,0.0
2026-09-30T01:06:03.721 -0.15000000596046448,0.0,0.0,0.0,0.0,0.0
2026-09-30T01:06:03.772 -0.15000000596046448,0.0,0.0,0.0,0.0,0.0
2026-09-30T01:06:03.821 -0.15000000596046448,0.0,0.0,0.0,0.0,0.0
2026-09-30T01:06:03.871 -0.15000000596046448,0.0,0.0,0.0,0.0,0.0
2026-09-30T01:06:03.921 -0.15000000596046448,0.0,0.0,0.0,0.0,0.0
2026-09-30T01:06:03.981 -0.15000000596046448,0.0,0.0,0.0,0.0,0.0
2026-09-30T01:06:04.031 -0.15000000596046448,0.0,0.0,0.0,0.0,0.0
2026-09-30T01:06:04.071 -0.15000000596046448,0.0,0.0,0.0,0.0,0.0
2026-09-30T01:06:04.121 -0.15000000596046448,0.0,0.0,0.0,0.0,0.0
2026-09-30T01:06:04.171 -0.15000000596046448,0.0,0.0,0.0,0.0,0.0
2026-09-30T01:06:04.221 -0.15000000596046448,0.0,0.0,0.0,0.0,0.0
2026-09-30T01:06:04.271 -0.15000000596046448,0.0,0.0,0.0,0.0,0.0
2026-09-30T01:06:04.321 -0.15000000596046448,0.0,0.0,0.0,0.0,0.0
2026-09-30T01:06:04.371 -0.15000000596046448,0.0,0.0,0.0,0.0,0.0
2026-09-30T01:06:04.431 -0.15000000596046448,0.0,0.0,0.0,0.0,0.0
2026-09-30T01:06:04.482 -0.15000000596046448,0.0,0.0,0.0,0.0,0.0
2026-09-30T01:06:04.523 -0.15000000596046448,0.0,0.0,0.0,0.0,0.0
2026-09-30T01:06:04.571 -0.15000000596046448,0.0,0.0,0.0,0.0,0.0
2026-09-30T01:06:04.621 -0.15000000596046448,0.0,0.0,0.0,0.0,0.0
2026-09-30T01:06:04.673 -0.15000000596046448,0.0,0.0,0.0,0.0,0.0
2026-09-30T01:06:04.721 -0.15000000596046448,0.0,0.0,0.0,0.0,0.0
2026-09-30T01:06:04.771 -0.15000000596046448,0.0,0.0,0.0,0.0,0.0
2026-09-30T01:06:04.821 -0.15000000596046448,0.0,0.0,0.0,0.0,0.0
2026-09-30T01:06:04.871 -0.15000000596046448,0.0,0.0,0.0,0.0,0.0
2026-09-30T01:06:04.921 -0.15000000596046448,0.0,0.0,0.0,0.0,0.0
2026-09-30T01:06:04.971 -0.15000000596046448,0.0,0.0,0.0,0.0,0.0
2026-09-30T01:06:05.021 -0.15000000596046448,0.0,0.0,0.0,0.0,0.0
2026-09-30T01:06:05.071 -0.15000000596046448,0.0,0.0,0.0,0.0,0.0
2026-09-30T01:06:05.121 -0.15000000596046448,0.0,0.0,0.0,0.0,0.0
2026-09-30T01:06:05.171 -0.15000000596046448,0.0,0.0,0.0,0.0,0.0
2026-09-30T01:06:05.221 -0.15000000596046448,0.0,0.0,0.0,0.0,0.0
2026-09-30T01:06:05.271 -0.15000000596046448,0.0,0.0,0.0,0.0,0.0
2026-09-30T01:06:05.321 -0.15000000596046448,0.0,0.0,0.0,0.0,0.0
2026-09-30T01:06:05.371 -0.15000000596046448,0.0,0.0,0.0,0.0,0.0
2026-09-30T01:06:05.423 -0.15000000596046448,0.0,0.0,0.0,0.0,0.0
2026-09-30T01:06:05.471 -0.15000000596046448,0.0,0.0,0.0,0.0,0.0
2026-09-30T01:06:05.531 -0.15000000596046448,0.0,0.0,0.0,0.0,0.0
2026-09-30T01:06:05.571 -0.15000000596046448,0.0,0.0,0.0,0.0,0.0
2026-09-30T01:06:05.621 -0.15000000596046448,0.0,0.0,0.0,0.0,0.0
2026-09-30T01:06:05.671 -0.15000000596046448,0.0,0.0,0.0,0.0,0.0
2026-09-30T01:06:05.721 -0.15000000596046448,0.0,0.0,0.0,0.0,0.0
2026-09-30T01:06:05.771 -0.15000000596046448,0.0,0.0,0.0,0.0,0.0
2026-09-30T01:06:05.822 -0.15000000596046448,0.0,0.0,0.0,0.0,0.0
2026-09-30T01:06:05.871 -0.15000000596046448,0.0,0.0,0.0,0.0,0.0
2026-09-30T01:06:05.921 -0.15000000596046448,0.0,0.0,0.0,0.0,0.0
2026-09-30T01:06:05.971 -0.15000000596046448,0.0,0.0,0.0,0.0,0.0
2026-09-30T01:06:06.021 -0.15000000596046448,0.0,0.0,0.0,0.0,0.0
2026-09-30T01:06:06.071 -0.15000000596046448,0.0,0.0,0.0,0.0,0.0
2026-09-30T01:06:06.121 -0.15000000596046448,0.0,0.0,0.0,0.0,0.0
2026-09-30T01:06:06.171 -0.15000000596046448,0.0,0.0,0.0,0.0,0.0
2026-09-30T01:06:06.221 -0.15000000596046448,0.0,0.0,0.0,0.0,0.0
2026-09-30T01:06:06.271 -0.15000000596046448,0.0,0.0,0.0,0.0,0.0
2026-09-30T01:06:06.321 -0.15000000596046448,0.0,0.0,0.0,0.0,0.0
2026-09-30T01:06:06.371 -0.15000000596046448,0.0,0.0,0.0,0.0,0.0
2026-09-30T01:06:06.422 -0.15000000596046448,0.0,0.0,0.0,0.0,0.0
2026-09-30T01:06:06.471 -0.15000000596046448,0.0,0.0,0.0,0.0,0.0
2026-09-30T01:06:06.521 -0.15000000596046448,0.0,0.0,0.0,0.0,0.0
2026-09-30T01:06:06.571 -0.15000000596046448,0.0,0.0,0.0,0.0,0.0
2026-09-30T01:06:06.622 -0.15000000596046448,0.0,0.0,0.0,0.0,0.0
2026-09-30T01:06:06.671 -0.15000000596046448,0.0,0.0,0.0,0.0,0.0
2026-09-30T01:06:06.721 -0.15000000596046448,0.0,0.0,0.0,0.0,0.0
2026-09-30T01:06:06.771 -0.15000000596046448,0.0,0.0,0.0,0.0,0.0
2026-09-30T01:06:06.821 -0.15000000596046448,0.0,0.0,0.0,0.0,0.0
2026-09-30T01:06:06.871 -0.15000000596046448,0.0,0.0,0.0,0.0,0.0
2026-09-30T01:06:06.923 -0.15000000596046448,0.0,0.0,0.0,0.0,0.0
2026-09-30T01:06:06.971 -0.15000000596046448,0.0,0.0,0.0,0.0,0.0
2026-09-30T01:06:07.021 -0.15000000596046448,0.0,0.0,0.0,0.0,0.0
2026-09-30T01:06:07.071 -0.15000000596046448,0.0,0.0,0.0,0.0,0.0
2026-09-30T01:06:07.121 -0.15000000596046448,0.0,0.0,0.0,0.0,0.0
2026-09-30T01:06:07.181 -0.15000000596046448,0.0,0.0,0.0,0.0,0.0
2026-09-30T01:06:07.221 -0.15000000596046448,0.0,0.0,0.0,0.0,0.0
2026-09-30T01:06:07.271 -0.15000000596046448,0.0,0.0,0.0,0.0,0.0
2026-09-30T01:06:07.321 -0.15000000596046448,0.0,0.0,0.0,0.0,0.0
2026-09-30T01:06:07.371 -0.15000000596046448,0.0,0.0,0.0,0.0,0.0
2026-09-30T01:06:07.421 -0.025000005960464478,0.0,0.0,0.0,0.0,0.0
2026-09-30T01:06:07.471 0.0,0.0,0.0,0.0,0.0,0.0
2026-09-30T01:06:07.521 0.0,0.0,0.0,0.0,0.0,0.0
2026-09-30T01:06:07.571 0.0,0.0,0.0,0.0,0.0,0.0
2026-09-30T01:06:07.621 0.0,0.0,0.0,0.0,0.0,0.0
2026-09-30T01:06:07.671 0.0,0.0,0.0,0.0,0.0,0.0
2026-09-30T01:06:07.721 0.0,0.0,0.0,0.0,0.0,0.0
2026-09-30T01:06:07.771 0.0,0.0,0.0,0.0,0.0,0.0
2026-09-30T01:06:07.821 0.0,0.0,0.0,0.0,0.0,0.0
2026-09-30T01:06:07.871 0.0,0.0,0.0,0.0,0.0,0.0
2026-09-30T01:06:07.921 0.0,0.0,0.0,0.0,0.0,0.0
2026-09-30T01:06:07.981 0.0,0.0,0.0,0.0,0.0,0.0
2026-09-30T01:06:08.021 0.0,0.0,0.0,0.0,0.0,0.0
2026-09-30T01:06:08.071 0.0,0.0,0.0,0.0,0.0,0.0
2026-09-30T01:06:08.121 0.0,0.0,0.0,0.0,0.0,0.0
2026-09-30T01:06:08.171 0.0,0.0,0.0,0.0,0.0,0.0
2026-09-30T01:06:08.221 0.0,0.0,0.0,0.0,0.0,0.0
2026-09-30T01:06:08.271 0.0,0.0,0.0,0.0,0.0,0.0
2026-09-30T01:06:08.321 0.0,0.0,0.0,0.0,0.0,0.0
2026-09-30T01:06:08.371 0.0,0.0,0.0,0.0,0.0,0.0
2026-09-30T01:06:08.421 0.0,0.0,0.0,0.0,0.0,0.0
2026-09-30T01:06:08.471 0.0,0.0,0.0,0.0,0.0,0.0
2026-09-30T01:06:08.521 0.0,0.0,0.0,0.0,0.0,0.0
2026-09-30T01:06:08.571 0.0,0.0,0.0,0.0,0.0,0.0
2026-09-30T01:06:08.621 0.0,0.0,0.0,0.0,0.0,0.0
2026-09-30T01:06:08.671 0.0,0.0,0.0,0.0,0.0,0.0
2026-09-30T01:06:08.722 0.0,0.0,0.0,0.0,0.0,0.0
2026-09-30T01:06:08.771 0.0,0.0,0.0,0.0,0.0,0.0
2026-09-30T01:06:08.821 0.0,0.0,0.0,0.0,0.0,0.0
2026-09-30T01:06:08.871 0.0,0.0,0.0,0.0,0.0,0.0
2026-09-30T01:06:08.921 0.0,0.0,0.0,0.0,0.0,0.0
2026-09-30T01:06:08.971 0.0,0.0,0.0,0.0,0.0,0.0
2026-09-30T01:06:09.021 0.0,0.0,0.0,0.0,0.0,0.0
2026-09-30T01:06:09.071 0.0,0.0,0.0,0.0,0.0,0.0
2026-09-30T01:06:09.121 0.0,0.0,0.0,0.0,0.0,0.0
2026-09-30T01:06:09.171 0.0,0.0,0.0,0.0,0.0,0.0
2026-09-30T01:06:09.221 0.0,0.0,0.0,0.0,0.0,0.0
2026-09-30T01:06:09.271 0.0,0.0,0.0,0.0,0.0,0.0
2026-09-30T01:06:09.321 0.0,0.0,0.0,0.0,0.0,0.0
2026-09-30T01:06:09.371 0.0,0.0,0.0,0.0,0.0,0.0
2026-09-30T01:06:09.421 0.0,0.0,0.0,0.0,0.0,0.0
2026-09-30T01:06:09.471 0.0,0.0,0.0,0.0,0.0,0.0
2026-09-30T01:06:09.521 0.0,0.0,0.0,0.0,0.0,0.0
2026-09-30T01:06:09.571 0.0,0.0,0.0,0.0,0.0,0.0
2026-09-30T01:06:09.621 0.0,0.0,0.0,0.0,0.0,0.0
2026-09-30T01:06:09.671 0.0,0.0,0.0,0.0,0.0,0.0
2026-09-30T01:06:09.721 0.0,0.0,0.0,0.0,0.0,0.0
2026-09-30T01:06:09.771 0.0,0.0,0.0,0.0,0.0,0.0
2026-09-30T01:06:09.821 0.0,0.0,0.0,0.0,0.0,0.0
2026-09-30T01:06:09.873 0.0,0.0,0.0,0.0,0.0,0.0
2026-09-30T01:06:09.921 0.0,0.0,0.0,0.0,0.0,0.0
2026-09-30T01:06:09.971 0.0,0.0,0.0,0.0,0.0,0.0
2026-09-30T01:06:10.021 0.0,0.0,0.0,0.0,0.0,0.0
2026-09-30T01:06:10.071 0.0,0.0,0.0,0.0,0.0,0.0
2026-09-30T01:06:10.121 0.0,0.0,0.0,0.0,0.0,0.0
2026-09-30T01:06:10.171 0.0,0.0,0.0,0.0,0.0,0.0
2026-09-30T01:06:10.221 0.0,0.0,0.0,0.0,0.0,0.0
2026-09-30T01:06:10.421 0.0,0.0,0.0,0.0,0.0,0.16
2026-09-30T01:06:10.471 0.0,0.0,0.0,0.0,0.0,0.32
2026-09-30T01:06:10.521 0.0,0.0,0.0,0.0,0.0,0.48
2026-09-30T01:06:10.571 0.0,0.0,0.0,0.0,0.0,0.64
2026-09-30T01:06:10.621 0.0,0.0,0.0,0.0,0.0,0.7
2026-09-30T01:06:10.671 0.0,0.0,0.0,0.0,0.0,0.7
2026-09-30T01:06:10.721 0.0,0.0,0.0,0.0,0.0,0.7
2026-09-30T01:06:10.771 0.0,0.0,0.0,0.0,0.0,0.7
2026-09-30T01:06:10.821 0.0,0.0,0.0,0.0,0.0,0.7
2026-09-30T01:06:10.871 0.0,0.0,0.0,0.0,0.0,0.7
2026-09-30T01:06:10.921 0.0,0.0,0.0,0.0,0.0,0.7
2026-09-30T01:06:10.971 0.0,0.0,0.0,0.0,0.0,0.7
2026-09-30T01:06:11.021 0.0,0.0,0.0,0.0,0.0,0.7
2026-09-30T01:06:11.071 0.0,0.0,0.0,0.0,0.0,0.7
2026-09-30T01:06:11.121 0.0,0.0,0.0,0.0,0.0,0.7
2026-09-30T01:06:11.181 0.0,0.0,0.0,0.0,0.0,0.7
2026-09-30T01:06:11.223 0.0,0.0,0.0,0.0,0.0,0.7
2026-09-30T01:06:11.271 0.0,0.0,0.0,0.0,0.0,0.7
2026-09-30T01:06:11.321 0.0,0.0,0.0,0.0,0.0,0.7
2026-09-30T01:06:11.371 0.0,0.0,0.0,0.0,0.0,0.7
2026-09-30T01:06:11.421 0.0,0.0,0.0,0.0,0.0,0.7
2026-09-30T01:06:11.471 0.0,0.0,0.0,0.0,0.0,0.7
2026-09-30T01:06:11.521 0.0,0.0,0.0,0.0,0.0,0.7
2026-09-30T01:06:11.581 0.0,0.0,0.0,0.0,0.0,0.7
2026-09-30T01:06:11.621 0.0,0.0,0.0,0.0,0.0,0.7
2026-09-30T01:06:11.671 0.0,0.0,0.0,0.0,0.0,0.7
2026-09-30T01:06:11.722 0.0,0.0,0.0,0.0,0.0,0.7
2026-09-30T01:06:11.771 0.0,0.0,0.0,0.0,0.0,0.7
2026-09-30T01:06:11.821 0.0,0.0,0.0,0.0,0.0,0.7
2026-09-30T01:06:11.871 0.0,0.0,0.0,0.0,0.0,0.7
2026-09-30T01:06:11.921 0.0,0.0,0.0,0.0,0.0,0.7
2026-09-30T01:06:11.981 0.0,0.0,0.0,0.0,0.0,0.7
2026-09-30T01:06:12.021 0.0,0.0,0.0,0.0,0.0,0.7
2026-09-30T01:06:12.071 0.0,0.0,0.0,0.0,0.0,0.7
2026-09-30T01:06:12.121 0.0,0.0,0.0,0.0,0.0,0.7
2026-09-30T01:06:12.172 0.0,0.0,0.0,0.0,0.0,0.7
2026-09-30T01:06:12.221 0.0,0.0,0.0,0.0,0.0,0.7
2026-09-30T01:06:12.271 0.0,0.0,0.0,0.0,0.0,0.7
2026-09-30T01:06:12.321 0.0,0.0,0.0,0.0,0.0,0.7
2026-09-30T01:06:12.371 0.0,0.0,0.0,0.0,0.0,0.7
2026-09-30T01:06:12.431 0.0,0.0,0.0,0.0,0.0,0.7
2026-09-30T01:06:12.471 0.0,0.0,0.0,0.0,0.0,0.7
2026-09-30T01:06:12.521 0.0,0.0,0.0,0.0,0.0,0.7
2026-09-30T01:06:12.571 0.0,0.0,0.0,0.0,0.0,0.7
2026-09-30T01:06:12.621 0.0,0.0,0.0,0.0,0.0,0.7
2026-09-30T01:06:12.672 0.0,0.0,0.0,0.0,0.0,0.7
2026-09-30T01:06:12.721 0.0,0.0,0.0,0.0,0.0,0.7
2026-09-30T01:06:12.771 0.0,0.0,0.0,0.0,0.0,0.7
2026-09-30T01:06:12.821 0.0,0.0,0.0,0.0,0.0,0.7
2026-09-30T01:06:12.871 0.0,0.0,0.0,0.0,0.0,0.7
2026-09-30T01:06:12.921 0.0,0.0,0.0,0.0,0.0,0.7
2026-09-30T01:06:12.971 0.0,0.0,0.0,0.0,0.0,0.7
2026-09-30T01:06:13.031 0.0,0.0,0.0,0.0,0.0,0.7
2026-09-30T01:06:13.071 0.0,0.0,0.0,0.0,0.0,0.7
2026-09-30T01:06:13.121 0.0,0.0,0.0,0.0,0.0,0.7
2026-09-30T01:06:13.174 0.0,0.0,0.0,0.0,0.0,0.7
2026-09-30T01:06:13.221 0.0,0.0,0.0,0.0,0.0,0.7
2026-09-30T01:06:13.271 0.0,0.0,0.0,0.0,0.0,0.7
2026-09-30T01:06:13.321 0.0,0.0,0.0,0.0,0.0,0.7
2026-09-30T01:06:13.381 0.0,0.0,0.0,0.0,0.0,0.7
2026-09-30T01:06:13.421 0.0,0.0,0.0,0.0,0.0,0.7
2026-09-30T01:06:13.473 0.0,0.0,0.0,0.0,0.0,0.7
2026-09-30T01:06:13.521 0.0,0.0,0.0,0.0,0.0,0.7
2026-09-30T01:06:13.571 0.0,0.0,0.0,0.0,0.0,0.7
2026-09-30T01:06:13.623 0.0,0.0,0.0,0.0,0.0,0.7
2026-09-30T01:06:13.671 0.0,0.0,0.0,0.0,0.0,0.7
2026-09-30T01:06:13.721 0.0,0.0,0.0,0.0,0.0,0.7
2026-09-30T01:06:13.771 0.0,0.0,0.0,0.0,0.0,0.7
2026-09-30T01:06:13.821 0.0,0.0,0.0,0.0,0.0,0.7
2026-09-30T01:06:13.871 0.0,0.0,0.0,0.0,0.0,0.7
2026-09-30T01:06:13.931 0.0,0.0,0.0,0.0,0.0,0.7
2026-09-30T01:06:13.971 0.0,0.0,0.0,0.0,0.0,0.7
2026-09-30T01:06:14.021 0.0,0.0,0.0,0.0,0.0,0.7
2026-09-30T01:06:14.071 0.0,0.0,0.0,0.0,0.0,0.7
2026-09-30T01:06:14.121 0.0,0.0,0.0,0.0,0.0,0.7
2026-09-30T01:06:14.171 0.0,0.0,0.0,0.0,0.0,0.7
2026-09-30T01:06:14.221 0.0,0.0,0.0,0.0,0.0,0.7
2026-09-30T01:06:14.271 0.0,0.0,0.0,0.0,0.0,0.7
2026-09-30T01:06:14.323 0.0,0.0,0.0,0.0,0.0,0.7
2026-09-30T01:06:14.381 0.0,0.0,0.0,0.0,0.0,0.7
2026-09-30T01:06:14.421 0.0,0.0,0.0,0.0,0.0,0.7
2026-09-30T01:06:14.471 0.0,0.0,0.0,0.0,0.0,0.7
2026-09-30T01:06:14.521 0.0,0.0,0.0,0.0,0.0,0.7
2026-09-30T01:06:14.571 0.0,0.0,0.0,0.0,0.0,0.7
2026-09-30T01:06:14.621 0.0,0.0,0.0,0.0,0.0,0.7
2026-09-30T01:06:14.672 0.0,0.0,0.0,0.0,0.0,0.7
2026-09-30T01:06:14.731 0.0,0.0,0.0,0.0,0.0,0.7
2026-09-30T01:06:14.771 0.0,0.0,0.0,0.0,0.0,0.7
2026-09-30T01:06:14.823 0.0,0.0,0.0,0.0,0.0,0.7
2026-09-30T01:06:14.871 0.0,0.0,0.0,0.0,0.0,0.7
2026-09-30T01:06:14.921 0.0,0.0,0.0,0.0,0.0,0.7
2026-09-30T01:06:14.971 0.0,0.0,0.0,0.0,0.0,0.7
2026-09-30T01:06:15.021 0.0,0.0,0.0,0.0,0.0,0.7
2026-09-30T01:06:15.071 0.0,0.0,0.0,0.0,0.0,0.7
2026-09-30T01:06:15.121 0.0,0.0,0.0,0.0,0.0,0.7
2026-09-30T01:06:15.171 0.0,0.0,0.0,0.0,0.0,0.7
2026-09-30T01:06:15.231 0.0,0.0,0.0,0.0,0.0,0.7
2026-09-30T01:06:15.271 0.0,0.0,0.0,0.0,0.0,0.7
2026-09-30T01:06:15.321 0.0,0.0,0.0,0.0,0.0,0.7
2026-09-30T01:06:15.371 0.0,0.0,0.0,0.0,0.0,0.7
2026-09-30T01:06:15.421 0.0,0.0,0.0,0.0,0.0,0.7
2026-09-30T01:06:15.481 0.0,0.0,0.0,0.0,0.0,0.7
2026-09-30T01:06:15.524 0.0,0.0,0.0,0.0,0.0,0.7
2026-09-30T01:06:15.571 0.0,0.0,0.0,0.0,0.0,0.7
2026-09-30T01:06:15.621 0.0,0.0,0.0,0.0,0.0,0.7
2026-09-30T01:06:15.671 0.0,0.0,0.0,0.0,0.0,0.7
2026-09-30T01:06:15.721 0.0,0.0,0.0,0.0,0.0,0.7
2026-09-30T01:06:15.771 0.0,0.0,0.0,0.0,0.0,0.7
2026-09-30T01:06:15.821 0.0,0.0,0.0,0.0,0.0,0.7
2026-09-30T01:06:15.871 0.0,0.0,0.0,0.0,0.0,0.7
2026-09-30T01:06:15.921 0.0,0.0,0.0,0.0,0.0,0.7
2026-09-30T01:06:15.971 0.0,0.0,0.0,0.0,0.0,0.7
2026-09-30T01:06:16.031 0.0,0.0,0.0,0.0,0.0,0.7
2026-09-30T01:06:16.071 0.0,0.0,0.0,0.0,0.0,0.7
2026-09-30T01:06:16.121 0.0,0.0,0.0,0.0,0.0,0.7
2026-09-30T01:06:16.171 0.0,0.0,0.0,0.0,0.0,0.7
2026-09-30T01:06:16.221 0.0,0.0,0.0,0.0,0.0,0.7
2026-09-30T01:06:16.283 0.0,0.0,0.0,0.0,0.0,0.7
2026-09-30T01:06:16.323 0.0,0.0,0.0,0.0,0.0,0.7
2026-09-30T01:06:16.371 0.0,0.0,0.0,0.0,0.0,0.7
2026-09-30T01:06:16.421 0.0,0.0,0.0,0.0,0.0,0.7
2026-09-30T01:06:16.471 0.0,0.0,0.0,0.0,0.0,0.7
2026-09-30T01:06:16.521 0.0,0.0,0.0,0.0,0.0,0.7
2026-09-30T01:06:16.571 0.0,0.0,0.0,0.0,0.0,0.7
2026-09-30T01:06:16.621 0.0,0.0,0.0,0.0,0.0,0.7
2026-09-30T01:06:16.671 0.0,0.0,0.0,0.0,0.0,0.7
2026-09-30T01:06:16.721 0.0,0.0,0.0,0.0,0.0,0.7
2026-09-30T01:06:16.781 0.0,0.0,0.0,0.0,0.0,0.7
2026-09-30T01:06:16.821 0.0,0.0,0.0,0.0,0.0,0.7
2026-09-30T01:06:16.871 0.0,0.0,0.0,0.0,0.0,0.7
2026-09-30T01:06:16.921 0.0,0.0,0.0,0.0,0.0,0.7
2026-09-30T01:06:16.981 0.0,0.0,0.0,0.0,0.0,0.7
2026-09-30T01:06:17.021 0.0,0.0,0.0,0.0,0.0,0.7
2026-09-30T01:06:17.071 0.0,0.0,0.0,0.0,0.0,0.7
2026-09-30T01:06:17.121 0.0,0.0,0.0,0.0,0.0,0.7
2026-09-30T01:06:17.171 0.0,0.0,0.0,0.0,0.0,0.7
2026-09-30T01:06:17.221 0.0,0.0,0.0,0.0,0.0,0.5399999999999999
2026-09-30T01:06:17.271 0.0,0.0,0.0,0.0,0.0,0.4831537905757984
2026-09-30T01:06:17.322 0.0,0.0,0.0,0.0,0.0,0.4831537905757984
2026-09-30T01:06:17.381 0.0,0.0,0.0,0.0,0.0,0.4831537905757984
2026-09-30T01:06:17.421 0.0,0.0,0.0,0.0,0.0,0.3231537905757984
2026-09-30T01:06:17.472 0.0,0.0,0.0,0.0,0.0,0.1631537905757984
2026-09-30T01:06:17.521 0.0,0.0,0.0,0.0,0.0,0.0031537905757983986
2026-09-30T01:06:17.571 0.0,0.0,0.0,0.0,0.0,0.0
2026-09-30T01:06:17.624 0.0,0.0,0.0,0.0,0.0,0.0
2026-09-30T01:06:17.671 0.0,0.0,0.0,0.0,0.0,0.0
2026-09-30T01:06:17.721 0.0,0.0,0.0,0.0,0.0,0.0
2026-09-30T01:06:17.772 0.0,0.0,0.0,0.0,0.0,0.0
2026-09-30T01:06:17.821 0.0,0.0,0.0,0.0,0.0,0.0
2026-09-30T01:06:17.871 0.0,0.0,0.0,0.0,0.0,0.0
2026-09-30T01:06:17.923 0.0,0.0,0.0,0.0,0.0,0.0
2026-09-30T01:06:17.981 0.0,0.0,0.0,0.0,0.0,0.0
2026-09-30T01:06:18.021 0.0,0.0,0.0,0.0,0.0,0.0
2026-09-30T01:06:18.071 0.0,0.0,0.0,0.0,0.0,0.0
2026-09-30T01:06:18.121 0.0,0.0,0.0,0.0,0.0,0.0
2026-09-30T01:06:18.171 0.0,0.0,0.0,0.0,0.0,0.0
2026-09-30T01:06:18.221 0.0,0.0,0.0,0.0,0.0,0.0
2026-09-30T01:06:18.271 0.0,0.0,0.0,0.0,0.0,0.0
2026-09-30T01:06:18.321 0.0,0.0,0.0,0.0,0.0,0.0
2026-09-30T01:06:18.371 0.0,0.0,0.0,0.0,0.0,0.0
2026-09-30T01:06:18.421 0.0,0.0,0.0,0.0,0.0,0.0
2026-09-30T01:06:18.473 0.0,0.0,0.0,0.0,0.0,0.0
2026-09-30T01:06:18.521 0.0,0.0,0.0,0.0,0.0,0.0
2026-09-30T01:06:18.571 0.0,0.0,0.0,0.0,0.0,0.0
2026-09-30T01:06:18.621 0.0,0.0,0.0,0.0,0.0,0.0
2026-09-30T01:06:18.671 0.0,0.0,0.0,0.0,0.0,0.0
2026-09-30T01:06:18.721 0.0,0.0,0.0,0.0,0.0,0.0
2026-09-30T01:06:18.771 0.0,0.0,0.0,0.0,0.0,0.0
2026-09-30T01:06:18.821 0.0,0.0,0.0,0.0,0.0,0.0
2026-09-30T01:06:18.871 0.0,0.0,0.0,0.0,0.0,0.0
2026-09-30T01:06:18.921 0.0,0.0,0.0,0.0,0.0,0.0
2026-09-30T01:06:18.971 0.0,0.0,0.0,0.0,0.0,0.0
2026-09-30T01:06:19.021 0.0,0.0,0.0,0.0,0.0,0.0
2026-09-30T01:06:19.071 0.0,0.0,0.0,0.0,0.0,0.0
2026-09-30T01:06:19.133 0.0,0.0,0.0,0.0,0.0,0.0
2026-09-30T01:06:19.171 0.0,0.0,0.0,0.0,0.0,0.0
2026-09-30T01:06:19.221 0.0,0.0,0.0,0.0,0.0,0.0
2026-09-30T01:06:19.271 0.0,0.0,0.0,0.0,0.0,0.0
2026-09-30T01:06:19.321 0.0,0.0,0.0,0.0,0.0,0.0
2026-09-30T01:06:19.371 0.0,0.0,0.0,0.0,0.0,0.0
2026-09-30T01:06:19.421 0.0,0.0,0.0,0.0,0.0,0.0
2026-09-30T01:06:19.471 0.0,0.0,0.0,0.0,0.0,0.0
2026-09-30T01:06:19.521 0.0,0.0,0.0,0.0,0.0,0.0
2026-09-30T01:06:19.571 0.0,0.0,0.0,0.0,0.0,0.0
2026-09-30T01:06:19.621 0.0,0.0,0.0,0.0,0.0,0.0
2026-09-30T01:06:19.671 0.0,0.0,0.0,0.0,0.0,0.0
2026-09-30T01:06:19.733 0.0,0.0,0.0,0.0,0.0,0.0
2026-09-30T01:06:19.771 0.0,0.0,0.0,0.0,0.0,0.0
2026-09-30T01:06:19.831 0.0,0.0,0.0,0.0,0.0,0.0
2026-09-30T01:06:19.873 0.0,0.0,0.0,0.0,0.0,0.0
2026-09-30T01:06:19.921 0.0,0.0,0.0,0.0,0.0,0.0
2026-09-30T01:06:19.971 0.0,0.0,0.0,0.0,0.0,0.0
2026-09-30T01:06:20.021 0.0,0.0,0.0,0.0,0.0,0.0
